id,event,from_search,directly_from_search,from_stream,directly_from_stream,from_convo_search,directly_from_convo_search,from_quote_search,directly_from_quote_search,from_timeline_search,directly_from_timeline_search,inserted_at,last_updated_at
1598467022307958784,ukraine-de,True,True,False,False,False,False,False,False,False,False,2022-12-02 01:40:18.058054+00:00,2022-12-02 01:40:18.058054+00:00
1598467066574561281,ukraine-de,True,True,False,False,False,False,False,False,False,False,2022-12-02 01:40:18.057945+00:00,2022-12-02 01:40:18.057945+00:00
1598467180743790592,ukraine-de,True,False,False,False,False,False,False,False,False,False,2022-12-02 07:31:57.381978+00:00,2022-12-02 07:31:57.381978+00:00
1598467256966594562,ukraine-de,True,True,False,False,False,False,False,False,False,False,2022-12-02 01:40:18.057841+00:00,2022-12-02 01:40:18.057841+00:00
1598467309970112523,ukraine-de,True,True,False,False,False,False,False,False,False,False,2022-12-02 01:40:18.057706+00:00,2022-12-02 01:40:18.057706+00:00
1598467326156079104,ukraine-de,True,True,False,False,False,False,False,False,False,False,2022-12-02 01:40:18.057582+00:00,2022-12-02 01:40:18.057582+00:00
1598467413934219266,ukraine-de,True,True,False,False,False,False,False,False,False,False,2022-12-02 01:40:18.057469+00:00,2022-12-02 01:40:18.057469+00:00
1598467459710869508,ukraine-de,True,True,False,False,False,False,False,False,False,False,2022-12-02 01:40:18.057368+00:00,2022-12-02 01:40:18.057368+00:00
1598467553235378176,ukraine-de,True,True,False,False,False,False,False,False,False,False,2022-12-02 01:40:18.057266+00:00,2022-12-02 01:40:18.057266+00:00
1598467606943612929,ukraine-de,True,True,False,False,False,False,False,False,False,False,2022-12-02 01:40:18.057158+00:00,2022-12-02 01:40:18.057158+00:00
1598467660404203523,ukraine-de,True,True,False,False,False,False,False,False,False,False,2022-12-02 01:40:18.057022+00:00,2022-12-02 01:40:18.057022+00:00
1598467802565836802,ukraine-de,True,True,False,False,False,False,False,False,False,False,2022-12-02 01:40:18.056905+00:00,2022-12-02 01:40:18.056905+00:00
1598467828700553219,ukraine-de,True,True,False,False,False,False,False,False,False,False,2022-12-02 01:40:18.056800+00:00,2022-12-02 01:40:18.056800+00:00
1598468041561473028,ukraine-de,True,True,False,False,False,False,False,False,False,False,2022-12-02 01:40:18.056696+00:00,2022-12-02 01:40:18.056696+00:00
1598468106522877952,ukraine-de,True,True,False,False,False,False,False,False,False,False,2022-12-02 01:40:18.056560+00:00,2022-12-02 01:40:18.056560+00:00
1598468166065299456,ukraine-de,True,True,False,False,False,False,False,False,False,False,2022-12-02 01:40:18.056457+00:00,2022-12-02 01:40:18.056457+00:00
1598468235506364416,ukraine-de,True,True,False,False,False,False,False,False,False,False,2022-12-02 01:40:18.056351+00:00,2022-12-02 01:40:18.056351+00:00
1598468236743671808,ukraine-de,True,True,False,False,False,False,False,False,False,False,2022-12-02 01:40:18.056213+00:00,2022-12-02 01:40:18.056213+00:00
1598468374920577025,ukraine-de,True,True,False,False,False,False,False,False,False,False,2022-12-02 01:40:18.056093+00:00,2022-12-02 01:40:18.056093+00:00
1598468375361081344,ukraine-de,True,True,False,False,False,False,False,False,False,False,2022-12-02 01:40:18.055952+00:00,2022-12-02 01:40:18.055952+00:00
1598468391601410049,ukraine-de,True,False,False,False,False,False,False,False,False,False,2022-12-02 07:30:28.866387+00:00,2022-12-02 07:30:28.866387+00:00
1598468465513607168,ukraine-de,True,True,False,False,False,False,False,False,False,False,2022-12-02 01:40:18.053548+00:00,2022-12-02 01:40:18.053548+00:00
1598468481917530112,ukraine-de,True,True,False,False,False,False,False,False,False,False,2022-12-02 01:40:18.053429+00:00,2022-12-02 01:40:18.053429+00:00
1598468497788518401,ukraine-de,True,True,False,False,False,False,False,False,False,False,2022-12-02 01:40:18.053264+00:00,2022-12-02 01:40:18.053264+00:00
1598468548934107136,ukraine-de,True,True,False,False,False,False,False,False,False,False,2022-12-02 01:40:18.046957+00:00,2022-12-02 01:40:18.046957+00:00
1598468634330173440,ukraine-de,True,True,False,False,False,False,False,False,False,False,2022-12-02 01:40:18.046837+00:00,2022-12-02 01:40:18.046837+00:00
1598468668064780289,ukraine-de,True,True,False,False,False,False,False,False,False,False,2022-12-02 01:40:18.046718+00:00,2022-12-02 01:40:18.046718+00:00
1598468694371336192,ukraine-de,True,True,False,False,False,False,False,False,False,False,2022-12-02 01:40:18.046614+00:00,2022-12-02 01:40:18.046614+00:00
1598468931274031105,ukraine-de,True,True,False,False,False,False,False,False,False,False,2022-12-02 01:40:18.046510+00:00,2022-12-02 01:40:18.046510+00:00
1598469103701921792,ukraine-de,True,False,False,False,False,False,False,False,False,False,2022-12-02 01:40:18.127180+00:00,2022-12-02 01:40:18.127180+00:00
1598469134735507460,ukraine-de,True,True,False,False,False,False,False,False,False,False,2022-12-02 01:40:18.046410+00:00,2022-12-02 01:40:18.046410+00:00
1598469170747817984,ukraine-de,True,True,False,False,False,False,False,False,False,False,2022-12-02 01:40:18.046303+00:00,2022-12-02 01:40:18.046303+00:00
1598469179304206336,ukraine-de,True,True,False,False,False,False,False,False,False,False,2022-12-02 01:40:18.046202+00:00,2022-12-02 01:40:18.046202+00:00
1598469197788581888,ukraine-de,True,True,False,False,False,False,False,False,False,False,2022-12-02 01:40:18.046098+00:00,2022-12-02 01:40:18.046098+00:00
1598469204205879297,ukraine-de,True,False,False,False,False,False,False,False,False,False,2022-12-02 10:30:26.786714+00:00,2022-12-02 10:30:26.786714+00:00
1598469256790036481,ukraine-de,True,True,False,False,False,False,False,False,False,False,2022-12-02 01:40:18.045995+00:00,2022-12-02 01:40:18.045995+00:00
1598469366487687173,ukraine-de,True,True,False,False,False,False,False,False,False,False,2022-12-02 01:40:18.045880+00:00,2022-12-02 01:40:18.045880+00:00
1598469373861269505,ukraine-de,True,True,False,False,False,False,False,False,False,False,2022-12-02 01:40:18.045781+00:00,2022-12-02 01:40:18.045781+00:00
1598469398398132224,ukraine-de,True,True,False,False,False,False,False,False,False,False,2022-12-02 01:40:18.045679+00:00,2022-12-02 01:40:18.045679+00:00
1598469480316895237,ukraine-de,True,True,False,False,False,False,False,False,False,False,2022-12-02 01:40:18.045553+00:00,2022-12-02 01:40:18.045553+00:00
1598469516471795712,ukraine-de,True,True,False,False,False,False,False,False,False,False,2022-12-02 01:40:18.045452+00:00,2022-12-02 01:40:18.045452+00:00
1598469533030912002,ukraine-de,True,False,False,False,False,False,False,False,False,False,2022-12-02 01:40:18.129796+00:00,2022-12-02 01:40:18.129796+00:00
1598469644612169728,ukraine-de,True,True,False,False,False,False,False,False,False,False,2022-12-02 01:40:18.045349+00:00,2022-12-02 01:40:18.045349+00:00
1598469652186816512,ukraine-de,True,True,False,False,False,False,False,False,False,False,2022-12-02 01:40:18.045248+00:00,2022-12-02 01:40:18.045248+00:00
1598469667407921153,ukraine-de,True,True,False,False,False,False,False,False,False,False,2022-12-02 01:40:18.045146+00:00,2022-12-02 01:40:18.045146+00:00
1598469756142686213,ukraine-de,True,True,False,False,False,False,False,False,False,False,2022-12-02 01:40:18.045043+00:00,2022-12-02 01:40:18.045043+00:00
1598469758789337089,ukraine-de,True,True,False,False,False,False,False,False,False,False,2022-12-02 01:40:18.044937+00:00,2022-12-02 01:40:18.044937+00:00
1598469786782076928,ukraine-de,True,True,False,False,False,False,False,False,False,False,2022-12-02 01:40:18.044821+00:00,2022-12-02 01:40:18.044821+00:00
1598469863693066241,ukraine-de,True,False,False,False,False,False,False,False,False,False,2022-12-02 07:31:57.387970+00:00,2022-12-02 07:31:57.387970+00:00
1598469885398773760,ukraine-de,True,True,False,False,False,False,False,False,False,False,2022-12-02 01:40:18.044714+00:00,2022-12-02 01:40:18.044714+00:00
1598469886958661632,ukraine-de,True,True,False,False,False,False,False,False,False,False,2022-12-02 01:40:18.044583+00:00,2022-12-02 01:40:18.044583+00:00
1598469917002563589,ukraine-de,True,True,False,False,False,False,False,False,False,False,2022-12-02 01:40:18.044477+00:00,2022-12-02 01:40:18.044477+00:00
1598469930663518208,ukraine-de,True,True,False,False,False,False,False,False,False,False,2022-12-02 01:40:18.044369+00:00,2022-12-02 01:40:18.044369+00:00
1598469979673853954,ukraine-de,True,True,False,False,False,False,False,False,False,False,2022-12-02 01:40:18.044253+00:00,2022-12-02 01:40:18.044253+00:00
1598470004944642054,ukraine-de,True,True,False,False,False,False,False,False,False,False,2022-12-02 01:40:18.044103+00:00,2022-12-02 01:40:18.044103+00:00
1598470029460357120,ukraine-de,True,True,False,False,False,False,False,False,False,False,2022-12-02 01:40:18.043437+00:00,2022-12-02 01:40:18.043437+00:00
1598470090843996161,ukraine-de,True,True,False,False,False,False,False,False,False,False,2022-12-02 01:40:18.043315+00:00,2022-12-02 01:40:18.043315+00:00
1598470095239528449,ukraine-de,True,True,False,False,False,False,False,False,False,False,2022-12-02 01:40:18.043138+00:00,2022-12-02 01:40:18.043138+00:00
1598470147869925376,ukraine-de,True,True,False,False,False,False,False,False,False,False,2022-12-02 01:40:18.042530+00:00,2022-12-02 01:40:18.042530+00:00
1598470408700936193,ukraine-de,True,True,False,False,False,False,False,False,False,False,2022-12-02 01:40:18.038477+00:00,2022-12-02 01:40:18.038477+00:00
1598470441898999809,ukraine-de,True,True,False,False,False,False,False,False,False,False,2022-12-02 01:40:18.038362+00:00,2022-12-02 01:40:18.038362+00:00
1598470474199191552,ukraine-de,True,False,False,False,False,False,False,False,False,False,2022-12-02 10:30:26.806443+00:00,2022-12-02 10:30:26.806443+00:00
1598470484861095942,ukraine-de,True,True,False,False,False,False,False,False,False,False,2022-12-02 01:40:18.038256+00:00,2022-12-02 01:40:18.038256+00:00
1598470500376018950,ukraine-de,True,True,False,False,False,False,False,False,False,False,2022-12-02 01:40:18.038134+00:00,2022-12-02 01:40:18.038134+00:00
1598470623202013185,ukraine-de,True,True,False,False,False,False,False,False,False,False,2022-12-02 01:40:18.038021+00:00,2022-12-02 01:40:18.038021+00:00
1598470631917502466,ukraine-de,True,True,False,False,False,False,False,False,False,False,2022-12-02 01:40:18.037899+00:00,2022-12-02 01:40:18.037899+00:00
1598470634304339969,ukraine-de,True,True,False,False,False,False,False,False,False,False,2022-12-02 01:40:18.037649+00:00,2022-12-02 01:40:18.037649+00:00
1598470730139979777,ukraine-de,True,True,False,False,False,False,False,False,False,False,2022-12-02 01:40:18.030933+00:00,2022-12-02 01:40:18.030933+00:00
1598470847903289346,ukraine-de,True,True,False,False,False,False,False,False,False,False,2022-12-02 01:40:18.030819+00:00,2022-12-02 01:40:18.030819+00:00
1598470889473019904,ukraine-de,True,True,False,False,False,False,False,False,False,False,2022-12-02 01:40:18.030713+00:00,2022-12-02 01:40:18.030713+00:00
1598471023833350149,ukraine-de,True,True,False,False,False,False,False,False,False,False,2022-12-02 01:40:18.030585+00:00,2022-12-02 01:40:18.030585+00:00
1598471076555927553,ukraine-de,True,True,False,False,False,False,False,False,False,False,2022-12-02 01:40:18.030482+00:00,2022-12-02 01:40:18.030482+00:00
1598471083002413056,ukraine-de,True,True,False,False,False,False,False,False,False,False,2022-12-02 01:40:18.030382+00:00,2022-12-02 01:40:18.030382+00:00
1598471213516464131,ukraine-de,True,False,False,False,False,False,False,False,False,False,2022-12-02 10:30:26.817297+00:00,2022-12-02 10:30:26.817297+00:00
1598471332567871489,ukraine-de,True,True,False,False,False,False,False,False,False,False,2022-12-02 01:40:18.030276+00:00,2022-12-02 01:40:18.030276+00:00
1598471344269791232,ukraine-de,True,True,False,False,False,False,False,False,False,False,2022-12-02 01:40:18.030161+00:00,2022-12-02 01:40:18.030161+00:00
1598471379007016960,ukraine-de,True,True,False,False,False,False,False,False,False,False,2022-12-02 01:40:18.030055+00:00,2022-12-02 01:40:18.030055+00:00
1598471413131870209,ukraine-de,True,True,False,False,False,False,False,False,False,False,2022-12-02 01:40:18.029952+00:00,2022-12-02 01:40:18.029952+00:00
1598471455951720448,ukraine-de,True,True,False,False,False,False,False,False,False,False,2022-12-02 01:40:18.029848+00:00,2022-12-02 01:40:18.029848+00:00
1598471459726594048,ukraine-de,True,True,False,False,False,False,False,False,False,False,2022-12-02 01:40:18.029728+00:00,2022-12-02 01:40:18.029728+00:00
1598471487568101378,ukraine-de,True,True,False,False,False,False,False,False,False,False,2022-12-02 01:40:18.029567+00:00,2022-12-02 01:40:18.029567+00:00
1598471499832496128,ukraine-de,True,True,False,False,False,False,False,False,False,False,2022-12-02 01:40:18.029465+00:00,2022-12-02 01:40:18.029465+00:00
1598471546082926592,ukraine-de,True,True,False,False,False,False,False,False,False,False,2022-12-02 01:40:18.029365+00:00,2022-12-02 01:40:18.029365+00:00
1598471878896746497,ukraine-de,True,True,False,False,False,False,False,False,False,False,2022-12-02 01:40:18.029259+00:00,2022-12-02 01:40:18.029259+00:00
1598471897389436928,ukraine-de,True,True,False,False,False,False,False,False,False,False,2022-12-02 01:40:18.029160+00:00,2022-12-02 01:40:18.029160+00:00
1598471948991975424,ukraine-de,True,True,False,False,False,False,False,False,False,False,2022-12-02 01:40:18.029058+00:00,2022-12-02 01:40:18.029058+00:00
1598472027710660611,ukraine-de,True,True,False,False,False,False,False,False,False,False,2022-12-02 01:40:18.028954+00:00,2022-12-02 01:40:18.028954+00:00
1598472043443503104,ukraine-de,True,True,False,False,False,False,False,False,False,False,2022-12-02 01:40:18.028839+00:00,2022-12-02 01:40:18.028839+00:00
1598472049823023106,ukraine-de,True,True,False,False,False,False,False,False,False,False,2022-12-02 01:40:18.028737+00:00,2022-12-02 01:40:18.028737+00:00
1598472096757460992,ukraine-de,True,False,False,False,False,False,False,False,False,False,2022-12-02 01:40:18.127648+00:00,2022-12-02 01:40:18.127648+00:00
1598472099244515334,ukraine-de,True,True,False,False,False,False,False,False,False,False,2022-12-02 01:40:18.028630+00:00,2022-12-02 01:40:18.028630+00:00
1598472186481692672,ukraine-de,True,True,False,False,False,False,False,False,False,False,2022-12-02 01:40:18.028520+00:00,2022-12-02 01:40:18.028520+00:00
1598472202604711937,ukraine-de,True,True,False,False,False,False,False,False,False,False,2022-12-02 01:40:18.028404+00:00,2022-12-02 01:40:18.028404+00:00
1598472335115313152,ukraine-de,True,True,False,False,False,False,False,False,False,False,2022-12-02 01:40:18.028286+00:00,2022-12-02 01:40:18.028286+00:00
1598472348293861376,ukraine-de,True,True,False,False,False,False,False,False,False,False,2022-12-02 01:40:18.028173+00:00,2022-12-02 01:40:18.028173+00:00
1598472584051494915,ukraine-de,True,True,False,False,False,False,False,False,False,False,2022-12-02 01:40:18.028008+00:00,2022-12-02 01:40:18.028008+00:00
1598472588497674240,ukraine-de,True,True,False,False,False,False,False,False,False,False,2022-12-02 01:40:18.026937+00:00,2022-12-02 01:40:18.026937+00:00
1598472775743803394,ukraine-de,True,True,False,False,False,False,False,False,False,False,2022-12-02 01:40:18.024166+00:00,2022-12-02 01:40:18.024166+00:00
1598472837890682885,ukraine-de,True,True,False,False,False,False,False,False,False,False,2022-12-02 01:40:18.024050+00:00,2022-12-02 01:40:18.024050+00:00
1598472839648407552,ukraine-de,True,True,False,False,False,False,False,False,False,False,2022-12-02 01:40:18.023913+00:00,2022-12-02 01:40:18.023913+00:00
1598472848930209798,ukraine-de,True,False,False,False,False,False,False,False,False,False,2022-12-02 15:05:39.925621+00:00,2022-12-02 15:05:39.925621+00:00
1598472880836190210,ukraine-de,True,True,False,False,False,False,False,False,False,False,2022-12-02 01:40:18.023771+00:00,2022-12-02 01:40:18.023771+00:00
1598473023891406849,ukraine-de,True,True,False,False,False,False,False,False,False,False,2022-12-02 01:40:18.023629+00:00,2022-12-02 01:40:18.023629+00:00
1598473062084665344,ukraine-de,True,True,False,False,False,False,False,False,False,False,2022-12-02 01:40:18.023485+00:00,2022-12-02 01:40:18.023485+00:00
1598473234156253184,ukraine-de,True,True,False,False,False,False,False,False,False,False,2022-12-02 01:40:18.022174+00:00,2022-12-02 01:40:18.022174+00:00
1598473241823432704,ukraine-de,True,True,False,False,False,False,False,False,False,False,2022-12-02 01:40:18.022073+00:00,2022-12-02 01:40:18.022073+00:00
1598473318125944837,ukraine-de,True,True,False,False,False,False,False,False,False,False,2022-12-02 01:40:18.021971+00:00,2022-12-02 01:40:18.021971+00:00
1598473435747082240,ukraine-de,True,True,False,False,False,False,False,False,False,False,2022-12-02 01:40:18.021870+00:00,2022-12-02 01:40:18.021870+00:00
1598473439635189760,ukraine-de,True,True,False,False,False,False,False,False,False,False,2022-12-02 01:40:18.021761+00:00,2022-12-02 01:40:18.021761+00:00
1598473442784940035,ukraine-de,True,True,False,False,False,False,False,False,False,False,2022-12-02 01:40:18.021645+00:00,2022-12-02 01:40:18.021645+00:00
1598473502809628673,ukraine-de,True,True,False,False,False,False,False,False,False,False,2022-12-02 01:40:18.021352+00:00,2022-12-02 01:40:18.021352+00:00
1598473596514476033,ukraine-de,True,True,False,False,False,False,False,False,False,False,2022-12-02 01:40:18.013231+00:00,2022-12-02 01:40:18.013231+00:00
1598473604865396737,ukraine-de,True,True,False,False,False,False,False,False,False,False,2022-12-02 01:40:18.013128+00:00,2022-12-02 01:40:18.013128+00:00
1598473695441440768,ukraine-de,True,True,False,False,False,False,False,False,False,False,2022-12-02 01:40:18.013019+00:00,2022-12-02 01:40:18.013019+00:00
1598473751989043200,ukraine-de,True,True,False,False,False,False,False,False,False,False,2022-12-02 01:40:18.012902+00:00,2022-12-02 01:40:18.012902+00:00
1598473755713495040,ukraine-de,True,True,False,False,False,False,False,False,False,False,2022-12-02 01:40:18.012792+00:00,2022-12-02 01:40:18.012792+00:00
1598473779721781249,ukraine-de,True,True,False,False,False,False,False,False,False,False,2022-12-02 01:40:18.012688+00:00,2022-12-02 01:40:18.012688+00:00
1598473841818611712,ukraine-de,True,True,False,False,False,False,False,False,False,False,2022-12-02 01:40:18.012573+00:00,2022-12-02 01:40:18.012573+00:00
1598473846709194752,ukraine-de,True,False,False,False,False,False,False,False,False,False,2022-12-02 01:40:18.126624+00:00,2022-12-02 01:40:18.126624+00:00
1598473849125105664,ukraine-de,True,True,False,False,False,False,False,False,False,False,2022-12-02 01:40:18.012452+00:00,2022-12-02 01:40:18.012452+00:00
1598473851536564224,ukraine-de,True,False,False,False,False,False,False,False,False,False,2022-12-02 01:40:18.126497+00:00,2022-12-02 01:40:18.126497+00:00
1598473853751234560,ukraine-de,True,True,False,False,False,False,False,False,False,False,2022-12-02 01:40:18.012324+00:00,2022-12-02 01:40:18.012324+00:00
1598473855936471040,ukraine-de,True,False,False,False,False,False,False,False,False,False,2022-12-02 01:40:18.126393+00:00,2022-12-02 01:40:18.126393+00:00
1598473858025242625,ukraine-de,True,True,False,False,False,False,False,False,False,False,2022-12-02 01:40:18.012193+00:00,2022-12-02 01:40:18.012193+00:00
1598473860231446529,ukraine-de,True,False,False,False,False,False,False,False,False,False,2022-12-02 01:40:18.126260+00:00,2022-12-02 01:40:18.126260+00:00
1598473862412484608,ukraine-de,True,True,False,False,False,False,False,False,False,False,2022-12-02 01:40:18.012057+00:00,2022-12-02 01:40:18.012057+00:00
1598473864656338946,ukraine-de,True,True,False,False,False,False,False,False,False,False,2022-12-02 01:40:18.011924+00:00,2022-12-02 01:40:18.011924+00:00
1598473867106078720,ukraine-de,True,False,False,False,False,False,False,False,False,False,2022-12-02 10:30:26.778814+00:00,2022-12-02 10:30:26.778814+00:00
1598473904196128769,ukraine-de,True,True,False,False,False,False,False,False,False,False,2022-12-02 01:40:18.011791+00:00,2022-12-02 01:40:18.011791+00:00
1598473922718097408,ukraine-de,True,True,False,False,False,False,False,False,False,False,2022-12-02 01:40:18.011680+00:00,2022-12-02 01:40:18.011680+00:00
1598473935326093312,ukraine-de,True,True,False,False,False,False,False,False,False,False,2022-12-02 01:40:18.011535+00:00,2022-12-02 01:40:18.011535+00:00
1598473939390431233,ukraine-de,True,True,False,False,False,False,False,False,False,False,2022-12-02 01:40:18.011414+00:00,2022-12-02 01:40:18.011414+00:00
1598473954775240704,ukraine-de,True,True,False,False,False,False,False,False,False,False,2022-12-02 01:40:18.011202+00:00,2022-12-02 01:40:18.011202+00:00
1598474034932506626,ukraine-de,True,True,False,False,False,False,False,False,False,False,2022-12-02 01:40:18.006529+00:00,2022-12-02 01:40:18.006529+00:00
1598474082118426624,ukraine-de,True,True,False,False,False,False,False,False,False,False,2022-12-02 01:40:18.006429+00:00,2022-12-02 01:40:18.006429+00:00
1598474121112952832,ukraine-de,True,True,False,False,False,False,False,False,False,False,2022-12-02 01:40:18.006328+00:00,2022-12-02 01:40:18.006328+00:00
1598474188217516041,ukraine-de,True,True,False,False,False,False,False,False,False,False,2022-12-02 01:40:18.006227+00:00,2022-12-02 01:40:18.006227+00:00
1598474287400222722,ukraine-de,True,True,False,False,False,False,False,False,False,False,2022-12-02 01:40:18.006125+00:00,2022-12-02 01:40:18.006125+00:00
1598474313258106880,ukraine-de,True,True,False,False,False,False,False,False,False,False,2022-12-02 01:40:18.006018+00:00,2022-12-02 01:40:18.006018+00:00
1598474583031652352,ukraine-de,True,False,False,False,False,False,False,False,False,False,2022-12-02 07:30:28.876557+00:00,2022-12-02 07:30:28.876557+00:00
1598474611855093761,ukraine-de,True,True,False,False,False,False,False,False,False,False,2022-12-02 01:40:18.005903+00:00,2022-12-02 01:40:18.005903+00:00
1598474612899446784,ukraine-de,True,False,False,False,False,False,False,False,False,False,2022-12-02 04:35:19.636393+00:00,2022-12-02 04:35:19.636393+00:00
1598474669811982336,ukraine-de,True,True,False,False,False,False,False,False,False,False,2022-12-02 01:40:18.005752+00:00,2022-12-02 01:40:18.005752+00:00
1598474734408286210,ukraine-de,True,True,False,False,False,False,False,False,False,False,2022-12-02 01:40:18.005622+00:00,2022-12-02 01:40:18.005622+00:00
1598474746089316358,ukraine-de,True,True,False,False,False,False,False,False,False,False,2022-12-02 01:40:18.005478+00:00,2022-12-02 01:40:18.005478+00:00
1598474772094017536,ukraine-de,True,True,False,False,False,False,False,False,False,False,2022-12-02 01:40:18.005378+00:00,2022-12-02 01:40:18.005378+00:00
1598474815710584834,ukraine-de,True,True,False,False,False,False,False,False,False,False,2022-12-02 01:40:18.005279+00:00,2022-12-02 01:40:18.005279+00:00
1598474859239071745,ukraine-de,True,True,False,False,False,False,False,False,False,False,2022-12-02 01:40:18.005177+00:00,2022-12-02 01:40:18.005177+00:00
1598474953980280833,ukraine-de,True,True,False,False,False,False,False,False,False,False,2022-12-02 01:40:18.005075+00:00,2022-12-02 01:40:18.005075+00:00
1598474974180016128,ukraine-de,True,True,False,False,False,False,False,False,False,False,2022-12-02 01:40:18.004970+00:00,2022-12-02 01:40:18.004970+00:00
1598475022741692416,ukraine-de,True,True,False,False,False,False,False,False,False,False,2022-12-02 01:40:18.004867+00:00,2022-12-02 01:40:18.004867+00:00
1598475073249214466,ukraine-de,True,True,False,False,False,False,False,False,False,False,2022-12-02 01:40:18.004756+00:00,2022-12-02 01:40:18.004756+00:00
1598475144422477829,ukraine-de,True,True,False,False,False,False,False,False,False,False,2022-12-02 01:40:18.004645+00:00,2022-12-02 01:40:18.004645+00:00
1598475162114195456,ukraine-de,True,True,False,False,False,False,False,False,False,False,2022-12-02 01:40:18.004524+00:00,2022-12-02 01:40:18.004524+00:00
1598475164320206848,ukraine-de,True,True,False,False,False,False,False,False,False,False,2022-12-02 01:40:18.003368+00:00,2022-12-02 01:40:18.003368+00:00
1598475240900038656,ukraine-de,True,True,False,False,False,False,False,False,False,False,2022-12-02 01:40:18.003269+00:00,2022-12-02 01:40:18.003269+00:00
1598475311662116864,ukraine-de,True,True,False,False,False,False,False,False,False,False,2022-12-02 01:40:18.003168+00:00,2022-12-02 01:40:18.003168+00:00
1598475317169254400,ukraine-de,True,True,False,False,False,False,False,False,False,False,2022-12-02 01:40:18.003069+00:00,2022-12-02 01:40:18.003069+00:00
1598475333203795969,ukraine-de,True,True,False,False,False,False,False,False,False,False,2022-12-02 01:40:18.002967+00:00,2022-12-02 01:40:18.002967+00:00
1598475433808433152,ukraine-de,True,True,False,False,False,False,False,False,False,False,2022-12-02 01:40:18.002863+00:00,2022-12-02 01:40:18.002863+00:00
1598475446697721856,ukraine-de,True,True,False,False,False,False,False,False,False,False,2022-12-02 01:40:18.002756+00:00,2022-12-02 01:40:18.002756+00:00
1598475572694454272,ukraine-de,True,True,False,False,False,False,False,False,False,False,2022-12-02 01:40:18.002576+00:00,2022-12-02 01:40:18.002576+00:00
1598475596526673920,ukraine-de,True,True,False,False,False,False,False,False,False,False,2022-12-02 01:40:18.002473+00:00,2022-12-02 01:40:18.002473+00:00
1598475622766051329,ukraine-de,True,True,False,False,False,False,False,False,False,False,2022-12-02 01:40:18.002351+00:00,2022-12-02 01:40:18.002351+00:00
1598475664491180032,ukraine-de,True,True,False,False,False,False,False,False,False,False,2022-12-02 01:40:18.002252+00:00,2022-12-02 01:40:18.002252+00:00
1598475758955003904,ukraine-de,True,True,False,False,False,False,False,False,False,False,2022-12-02 01:40:18.002141+00:00,2022-12-02 01:40:18.002141+00:00
1598475772204924930,ukraine-de,True,True,False,False,False,False,False,False,False,False,2022-12-02 01:40:18.002039+00:00,2022-12-02 01:40:18.002039+00:00
1598475799128313856,ukraine-de,True,False,False,False,False,False,False,False,False,False,2022-12-02 19:51:22.140118+00:00,2022-12-02 19:51:22.140118+00:00
1598475879084134400,ukraine-de,True,True,False,False,False,False,False,False,False,False,2022-12-02 01:40:18.001919+00:00,2022-12-02 01:40:18.001919+00:00
1598475899812315137,ukraine-de,True,True,False,False,False,False,False,False,False,False,2022-12-02 01:40:18.001808+00:00,2022-12-02 01:40:18.001808+00:00
1598476009795649537,ukraine-de,True,True,False,False,False,False,False,False,False,False,2022-12-02 01:40:18.001702+00:00,2022-12-02 01:40:18.001702+00:00
1598476026472013826,ukraine-de,True,True,False,False,False,False,False,False,False,False,2022-12-02 01:40:18.001544+00:00,2022-12-02 01:40:18.001544+00:00
1598476042884227073,ukraine-de,True,True,False,False,False,False,False,False,False,False,2022-12-02 01:40:18.001445+00:00,2022-12-02 01:40:18.001445+00:00
1598476185809596416,ukraine-de,True,True,False,False,False,False,False,False,False,False,2022-12-02 01:40:18.001347+00:00,2022-12-02 01:40:18.001347+00:00
1598476518690328576,ukraine-de,True,True,False,False,False,False,False,False,False,False,2022-12-02 01:40:18.001245+00:00,2022-12-02 01:40:18.001245+00:00
1598476525178961922,ukraine-de,True,True,False,False,False,False,False,False,False,False,2022-12-02 01:40:18.001147+00:00,2022-12-02 01:40:18.001147+00:00
1598476680347230209,ukraine-de,True,True,False,False,False,False,False,False,False,False,2022-12-02 01:40:18.001047+00:00,2022-12-02 01:40:18.001047+00:00
1598476709833375745,ukraine-de,True,True,False,False,False,False,False,False,False,False,2022-12-02 01:40:18.000945+00:00,2022-12-02 01:40:18.000945+00:00
1598476849876811779,ukraine-de,True,True,False,False,False,False,False,False,False,False,2022-12-02 01:40:18.000845+00:00,2022-12-02 01:40:18.000845+00:00
1598476861700739072,ukraine-de,True,False,False,False,False,False,False,False,False,False,2022-12-02 10:31:39.219991+00:00,2022-12-02 10:31:39.219991+00:00
1598476862107385856,ukraine-de,True,True,False,False,False,False,False,False,False,False,2022-12-02 01:40:18.000747+00:00,2022-12-02 01:40:18.000747+00:00
1598476904662986752,ukraine-de,True,True,False,False,False,False,False,False,False,False,2022-12-02 01:40:18.000647+00:00,2022-12-02 01:40:18.000647+00:00
1598476977023111169,ukraine-de,True,True,False,False,False,False,False,False,False,False,2022-12-02 01:40:18.000546+00:00,2022-12-02 01:40:18.000546+00:00
1598477031616184320,ukraine-de,True,True,False,False,False,False,False,False,False,False,2022-12-02 01:40:18.000443+00:00,2022-12-02 01:40:18.000443+00:00
1598477086486056960,ukraine-de,True,True,False,False,False,False,False,False,False,False,2022-12-02 01:40:18.000341+00:00,2022-12-02 01:40:18.000341+00:00
1598477090923372544,ukraine-de,True,True,False,False,False,False,False,False,False,False,2022-12-02 01:40:18.000239+00:00,2022-12-02 01:40:18.000239+00:00
1598477192996196353,ukraine-de,True,True,False,False,False,False,False,False,False,False,2022-12-02 01:40:18.000110+00:00,2022-12-02 01:40:18.000110+00:00
1598477228999954432,ukraine-de,True,True,False,False,False,False,False,False,False,False,2022-12-02 01:40:18.000010+00:00,2022-12-02 01:40:18.000010+00:00
1598477430699819013,ukraine-de,True,True,False,False,False,False,False,False,False,False,2022-12-02 01:40:17.999907+00:00,2022-12-02 01:40:17.999907+00:00
1598477469312507904,ukraine-de,True,True,False,False,False,False,False,False,False,False,2022-12-02 01:40:17.999787+00:00,2022-12-02 01:40:17.999787+00:00
1598477482922999809,ukraine-de,True,True,False,False,False,False,False,False,False,False,2022-12-02 01:40:17.999684+00:00,2022-12-02 01:40:17.999684+00:00
1598477500845367297,ukraine-de,True,True,False,False,False,False,False,False,False,False,2022-12-02 01:40:17.999578+00:00,2022-12-02 01:40:17.999578+00:00
1598477686325841924,ukraine-de,True,True,False,False,False,False,False,False,False,False,2022-12-02 01:40:17.999374+00:00,2022-12-02 01:40:17.999374+00:00
1598477788851441665,ukraine-de,True,True,False,False,False,False,False,False,False,False,2022-12-02 01:40:17.999273+00:00,2022-12-02 01:40:17.999273+00:00
1598477903276171264,ukraine-de,True,True,False,False,False,False,False,False,False,False,2022-12-02 01:40:17.999172+00:00,2022-12-02 01:40:17.999172+00:00
1598477903704084480,ukraine-de,True,True,False,False,False,False,False,False,False,False,2022-12-02 01:40:17.999066+00:00,2022-12-02 01:40:17.999066+00:00
1598477943915053058,ukraine-de,True,True,False,False,False,False,False,False,False,False,2022-12-02 01:40:17.998956+00:00,2022-12-02 01:40:17.998956+00:00
1598478063188283392,ukraine-de,True,True,False,False,False,False,False,False,False,False,2022-12-02 01:40:17.998852+00:00,2022-12-02 01:40:17.998852+00:00
1598478474418835462,ukraine-de,True,True,False,False,False,False,False,False,False,False,2022-12-02 01:40:17.998751+00:00,2022-12-02 01:40:17.998751+00:00
1598478618635763712,ukraine-de,True,True,False,False,False,False,False,False,False,False,2022-12-02 01:40:17.998649+00:00,2022-12-02 01:40:17.998649+00:00
1598478719756156928,ukraine-de,True,True,False,False,False,False,False,False,False,False,2022-12-02 01:40:17.998547+00:00,2022-12-02 01:40:17.998547+00:00
1598478752019017728,ukraine-de,True,True,False,False,False,False,False,False,False,False,2022-12-02 01:40:17.998448+00:00,2022-12-02 01:40:17.998448+00:00
1598478970806312960,ukraine-de,True,True,False,False,False,False,False,False,False,False,2022-12-02 01:40:17.998344+00:00,2022-12-02 01:40:17.998344+00:00
1598479050347253760,ukraine-de,True,True,False,False,False,False,False,False,False,False,2022-12-02 01:40:17.998220+00:00,2022-12-02 01:40:17.998220+00:00
1598479149076779008,ukraine-de,True,True,False,False,False,False,False,False,False,False,2022-12-02 01:40:17.998114+00:00,2022-12-02 01:40:17.998114+00:00
1598479184892133377,ukraine-de,True,True,False,False,False,False,False,False,False,False,2022-12-02 01:40:17.998006+00:00,2022-12-02 01:40:17.998006+00:00
1598479191422521346,ukraine-de,True,True,False,False,False,False,False,False,False,False,2022-12-02 01:40:17.997776+00:00,2022-12-02 01:40:17.997776+00:00
1598479279989587969,ukraine-de,True,True,False,False,False,False,False,False,False,False,2022-12-02 01:40:17.997667+00:00,2022-12-02 01:40:17.997667+00:00
1598479286951895040,ukraine-de,True,True,False,False,False,False,False,False,False,False,2022-12-02 01:40:17.997514+00:00,2022-12-02 01:40:17.997514+00:00
1598479415247515654,ukraine-de,True,True,False,False,False,False,False,False,False,False,2022-12-02 01:40:17.997413+00:00,2022-12-02 01:40:17.997413+00:00
1598479417298325504,ukraine-de,True,True,False,False,False,False,False,False,False,False,2022-12-02 01:40:17.997301+00:00,2022-12-02 01:40:17.997301+00:00
1598479509484965888,ukraine-de,True,True,False,False,False,False,False,False,False,False,2022-12-02 01:40:17.997167+00:00,2022-12-02 01:40:17.997167+00:00
1598479590485364736,ukraine-de,True,True,False,False,False,False,False,False,False,False,2022-12-02 01:40:17.997063+00:00,2022-12-02 01:40:17.997063+00:00
1598479686958563331,ukraine-de,True,True,False,False,False,False,False,False,False,False,2022-12-02 01:40:17.996945+00:00,2022-12-02 01:40:17.996945+00:00
1598479743434752000,ukraine-de,True,True,False,False,False,False,False,False,False,False,2022-12-02 01:40:17.996842+00:00,2022-12-02 01:40:17.996842+00:00
1598479912033206272,ukraine-de,True,True,False,False,False,False,False,False,False,False,2022-12-02 01:40:17.996724+00:00,2022-12-02 01:40:17.996724+00:00
1598479967926759426,ukraine-de,True,True,False,False,False,False,False,False,False,False,2022-12-02 01:40:17.996622+00:00,2022-12-02 01:40:17.996622+00:00
1598480101288689666,ukraine-de,True,True,False,False,False,False,False,False,False,False,2022-12-02 01:40:17.996522+00:00,2022-12-02 01:40:17.996522+00:00
1598480280754462721,ukraine-de,True,True,False,False,False,False,False,False,False,False,2022-12-02 01:40:17.996417+00:00,2022-12-02 01:40:17.996417+00:00
1598480314661277696,ukraine-de,True,True,False,False,False,False,False,False,False,False,2022-12-02 01:40:17.996305+00:00,2022-12-02 01:40:17.996305+00:00
1598480345724239872,ukraine-de,True,True,False,False,False,False,False,False,False,False,2022-12-02 01:40:17.996205+00:00,2022-12-02 01:40:17.996205+00:00
1598480403609882624,ukraine-de,True,True,False,False,False,False,False,False,False,False,2022-12-02 01:40:17.996092+00:00,2022-12-02 01:40:17.996092+00:00
1598480457078816770,ukraine-de,True,True,False,False,False,False,False,False,False,False,2022-12-02 01:40:17.995993+00:00,2022-12-02 01:40:17.995993+00:00
1598480557473763329,ukraine-de,True,True,False,False,False,False,False,False,False,False,2022-12-02 01:40:17.995876+00:00,2022-12-02 01:40:17.995876+00:00
1598480611793981440,ukraine-de,True,True,False,False,False,False,False,False,False,False,2022-12-02 01:40:17.995771+00:00,2022-12-02 01:40:17.995771+00:00
1598480725757526016,ukraine-de,True,True,False,False,False,False,False,False,False,False,2022-12-02 01:40:17.995654+00:00,2022-12-02 01:40:17.995654+00:00
1598480910906974209,ukraine-de,True,True,False,False,False,False,False,False,False,False,2022-12-02 01:40:17.995554+00:00,2022-12-02 01:40:17.995554+00:00
1598481324322553863,ukraine-de,True,True,False,False,False,False,False,False,False,False,2022-12-02 01:40:17.995438+00:00,2022-12-02 01:40:17.995438+00:00
1598481570104590336,ukraine-de,True,True,False,False,False,False,False,False,False,False,2022-12-02 01:40:17.995340+00:00,2022-12-02 01:40:17.995340+00:00
1598481668712681473,ukraine-de,True,False,False,False,False,False,False,False,False,False,2022-12-02 19:51:30.189296+00:00,2022-12-02 19:51:30.189296+00:00
1598481790188285952,ukraine-de,True,True,False,False,False,False,False,False,False,False,2022-12-02 01:40:17.995230+00:00,2022-12-02 01:40:17.995230+00:00
1598481829086257154,ukraine-de,True,True,False,False,False,False,False,False,False,False,2022-12-02 01:40:17.995128+00:00,2022-12-02 01:40:17.995128+00:00
1598481902750646272,ukraine-de,True,True,False,False,False,False,False,False,False,False,2022-12-02 01:40:17.995005+00:00,2022-12-02 01:40:17.995005+00:00
1598481920794689536,ukraine-de,True,True,False,False,False,False,False,False,False,False,2022-12-02 01:40:17.994885+00:00,2022-12-02 01:40:17.994885+00:00
1598482074398502912,ukraine-de,True,True,False,False,False,False,False,False,False,False,2022-12-02 01:40:17.994786+00:00,2022-12-02 01:40:17.994786+00:00
1598482100042493952,ukraine-de,True,True,False,False,False,False,False,False,False,False,2022-12-02 01:40:17.994675+00:00,2022-12-02 01:40:17.994675+00:00
1598482100533035009,ukraine-de,True,True,False,False,False,False,False,False,False,False,2022-12-02 01:40:17.994567+00:00,2022-12-02 01:40:17.994567+00:00
1598482102928003073,ukraine-de,True,True,False,False,False,False,False,False,False,False,2022-12-02 01:40:17.994452+00:00,2022-12-02 01:40:17.994452+00:00
1598482128316125191,ukraine-de,True,True,False,False,False,False,False,False,False,False,2022-12-02 01:40:17.994165+00:00,2022-12-02 01:40:17.994165+00:00
1598482170653425664,ukraine-de,True,True,False,False,False,False,False,False,False,False,2022-12-02 01:40:17.994063+00:00,2022-12-02 01:40:17.994063+00:00
1598482382402854914,ukraine-de,True,True,False,False,False,False,False,False,False,False,2022-12-02 01:40:17.993955+00:00,2022-12-02 01:40:17.993955+00:00
1598482399452594178,ukraine-de,True,True,False,False,False,False,False,False,False,False,2022-12-02 01:40:17.993824+00:00,2022-12-02 01:40:17.993824+00:00
1598482446634434562,ukraine-de,True,True,False,False,False,False,False,False,False,False,2022-12-02 01:40:17.993724+00:00,2022-12-02 01:40:17.993724+00:00
1598482466989285376,ukraine-de,True,True,False,False,False,False,False,False,False,False,2022-12-02 01:40:17.993620+00:00,2022-12-02 01:40:17.993620+00:00
1598482483909099520,ukraine-de,True,True,False,False,False,False,False,False,False,False,2022-12-02 01:40:17.993503+00:00,2022-12-02 01:40:17.993503+00:00
1598482654600794113,ukraine-de,True,True,False,False,False,False,False,False,False,False,2022-12-02 01:40:17.993397+00:00,2022-12-02 01:40:17.993397+00:00
1598482659478487041,ukraine-de,True,True,False,False,False,False,False,False,False,False,2022-12-02 01:40:17.993260+00:00,2022-12-02 01:40:17.993260+00:00
1598482940081901568,ukraine-de,True,True,False,False,False,False,False,False,False,False,2022-12-02 01:40:17.993105+00:00,2022-12-02 01:40:17.993105+00:00
1598483048831516672,ukraine-de,True,True,False,False,False,False,False,False,False,False,2022-12-02 01:40:17.992995+00:00,2022-12-02 01:40:17.992995+00:00
1598483092217413634,ukraine-de,True,True,False,False,False,False,False,False,False,False,2022-12-02 01:40:17.992781+00:00,2022-12-02 01:40:17.992781+00:00
1598483126120062977,ukraine-de,True,True,False,False,False,False,False,False,False,False,2022-12-02 01:40:17.992680+00:00,2022-12-02 01:40:17.992680+00:00
1598483168654512128,ukraine-de,True,True,False,False,False,False,False,False,False,False,2022-12-02 01:40:17.992570+00:00,2022-12-02 01:40:17.992570+00:00
1598483295830003717,ukraine-de,True,True,False,False,False,False,False,False,False,False,2022-12-02 01:40:17.992412+00:00,2022-12-02 01:40:17.992412+00:00
1598483548742340609,ukraine-de,True,True,False,False,False,False,False,False,False,False,2022-12-02 01:40:17.992306+00:00,2022-12-02 01:40:17.992306+00:00
1598483618636173312,ukraine-de,True,False,False,False,False,False,False,False,False,False,2022-12-02 01:40:18.117108+00:00,2022-12-02 01:40:18.117108+00:00
1598483680351199237,ukraine-de,True,False,False,False,False,False,False,False,False,False,2022-12-02 07:32:04.113574+00:00,2022-12-02 07:32:04.113574+00:00
1598483735661666304,ukraine-de,True,True,False,False,False,False,False,False,False,False,2022-12-02 01:40:17.992155+00:00,2022-12-02 01:40:17.992155+00:00
1598483977853145088,ukraine-de,True,True,False,False,False,False,False,False,False,False,2022-12-02 01:40:17.991963+00:00,2022-12-02 01:40:17.991963+00:00
1598483986208403456,ukraine-de,True,True,False,False,False,False,False,False,False,False,2022-12-02 01:40:17.991817+00:00,2022-12-02 01:40:17.991817+00:00
1598484002280820736,ukraine-de,True,True,False,False,False,False,False,False,False,False,2022-12-02 01:40:17.991641+00:00,2022-12-02 01:40:17.991641+00:00
1598484067799949312,ukraine-de,True,True,False,False,False,False,False,False,False,False,2022-12-02 01:40:17.991541+00:00,2022-12-02 01:40:17.991541+00:00
1598484077799260161,ukraine-de,True,True,False,False,False,False,False,False,False,False,2022-12-02 01:40:17.991443+00:00,2022-12-02 01:40:17.991443+00:00
1598484123496112128,ukraine-de,True,True,False,False,False,False,False,False,False,False,2022-12-02 01:40:17.991336+00:00,2022-12-02 01:40:17.991336+00:00
1598484216102125568,ukraine-de,True,True,False,False,False,False,False,False,False,False,2022-12-02 01:40:17.991152+00:00,2022-12-02 01:40:17.991152+00:00
1598484316505493505,ukraine-de,True,True,False,False,False,False,False,False,False,False,2022-12-02 01:40:17.991033+00:00,2022-12-02 01:40:17.991033+00:00
1598484318053347328,ukraine-de,True,True,False,False,False,False,False,False,False,False,2022-12-02 01:40:17.990848+00:00,2022-12-02 01:40:17.990848+00:00
1598484340924628993,ukraine-de,True,True,False,False,False,False,False,False,False,False,2022-12-02 01:40:17.990748+00:00,2022-12-02 01:40:17.990748+00:00
1598484362055614466,ukraine-de,True,True,False,False,False,False,False,False,False,False,2022-12-02 01:40:17.990649+00:00,2022-12-02 01:40:17.990649+00:00
1598484445262225410,ukraine-de,True,True,False,False,False,False,False,False,False,False,2022-12-02 01:40:17.990551+00:00,2022-12-02 01:40:17.990551+00:00
1598484466405888000,ukraine-de,True,True,False,False,False,False,False,False,False,False,2022-12-02 01:40:17.990435+00:00,2022-12-02 01:40:17.990435+00:00
1598484586463465472,ukraine-de,True,True,False,False,False,False,False,False,False,False,2022-12-02 01:40:17.990337+00:00,2022-12-02 01:40:17.990337+00:00
1598484623260090369,ukraine-de,True,True,False,False,False,False,False,False,False,False,2022-12-02 01:40:17.990223+00:00,2022-12-02 01:40:17.990223+00:00
1598484631543848960,ukraine-de,True,True,False,False,False,False,False,False,False,False,2022-12-02 01:40:17.990108+00:00,2022-12-02 01:40:17.990108+00:00
1598484790877081600,ukraine-de,True,True,False,False,False,False,False,False,False,False,2022-12-02 01:40:17.990013+00:00,2022-12-02 01:40:17.990013+00:00
1598484813916282881,ukraine-de,True,True,False,False,False,False,False,False,False,False,2022-12-02 01:40:17.989914+00:00,2022-12-02 01:40:17.989914+00:00
1598484852034134017,ukraine-de,True,True,False,False,False,False,False,False,False,False,2022-12-02 01:40:17.989816+00:00,2022-12-02 01:40:17.989816+00:00
1598484886515744768,ukraine-de,True,True,False,False,False,False,False,False,False,False,2022-12-02 01:40:17.989716+00:00,2022-12-02 01:40:17.989716+00:00
1598484987631869952,ukraine-de,True,True,False,False,False,False,False,False,False,False,2022-12-02 01:40:17.989577+00:00,2022-12-02 01:40:17.989577+00:00
1598485005369573377,ukraine-de,True,True,False,False,False,False,False,False,False,False,2022-12-02 01:40:17.989463+00:00,2022-12-02 01:40:17.989463+00:00
1598485013598801920,ukraine-de,True,True,False,False,False,False,False,False,False,False,2022-12-02 01:40:17.989362+00:00,2022-12-02 01:40:17.989362+00:00
1598485112831840256,ukraine-de,True,True,False,False,False,False,False,False,False,False,2022-12-02 01:40:17.989245+00:00,2022-12-02 01:40:17.989245+00:00
1598485205798588418,ukraine-de,True,True,False,False,False,False,False,False,False,False,2022-12-02 01:40:17.989127+00:00,2022-12-02 01:40:17.989127+00:00
1598485233866792960,ukraine-de,True,True,False,False,False,False,False,False,False,False,2022-12-02 01:40:17.988996+00:00,2022-12-02 01:40:17.988996+00:00
1598485234806591488,ukraine-de,True,True,False,False,False,False,False,False,False,False,2022-12-02 01:40:17.988898+00:00,2022-12-02 01:40:17.988898+00:00
1598485270407553025,ukraine-de,True,True,False,False,False,False,False,False,False,False,2022-12-02 01:40:17.988793+00:00,2022-12-02 01:40:17.988793+00:00
1598485296223485953,ukraine-de,True,True,False,False,False,False,False,False,False,False,2022-12-02 01:40:17.988671+00:00,2022-12-02 01:40:17.988671+00:00
1598485467191980032,ukraine-de,True,True,False,False,False,False,False,False,False,False,2022-12-02 01:40:17.988571+00:00,2022-12-02 01:40:17.988571+00:00
1598485558015447040,ukraine-de,True,True,False,False,False,False,False,False,False,False,2022-12-02 01:40:17.988470+00:00,2022-12-02 01:40:17.988470+00:00
1598486062153826306,ukraine-de,True,True,False,False,False,False,False,False,False,False,2022-12-02 01:40:17.988370+00:00,2022-12-02 01:40:17.988370+00:00
1598486443575361541,ukraine-de,True,True,False,False,False,False,False,False,False,False,2022-12-02 01:40:17.988267+00:00,2022-12-02 01:40:17.988267+00:00
1598486725260677120,ukraine-de,True,True,False,False,False,False,False,False,False,False,2022-12-02 01:40:17.988138+00:00,2022-12-02 01:40:17.988138+00:00
1598486828738379783,ukraine-de,True,True,False,False,False,False,False,False,False,False,2022-12-02 01:40:17.988043+00:00,2022-12-02 01:40:17.988043+00:00
1598486882878427140,ukraine-de,True,True,False,False,False,False,False,False,False,False,2022-12-02 01:40:17.987949+00:00,2022-12-02 01:40:17.987949+00:00
1598486964977680385,ukraine-de,True,True,False,False,False,False,False,False,False,False,2022-12-02 01:40:17.987853+00:00,2022-12-02 01:40:17.987853+00:00
1598487209279389697,ukraine-de,True,False,False,False,False,False,False,False,False,False,2022-12-02 01:40:18.114539+00:00,2022-12-02 01:40:18.114539+00:00
1598487251687821312,ukraine-de,True,True,False,False,False,False,False,False,False,False,2022-12-02 01:40:17.987759+00:00,2022-12-02 01:40:17.987759+00:00
1598487313532784643,ukraine-de,True,True,False,False,False,False,False,False,False,False,2022-12-02 01:40:17.987663+00:00,2022-12-02 01:40:17.987663+00:00
1598487370755706883,ukraine-de,True,True,False,False,False,False,False,False,False,False,2022-12-02 01:40:17.987568+00:00,2022-12-02 01:40:17.987568+00:00
1598487536707727360,ukraine-de,True,True,False,False,False,False,False,False,False,False,2022-12-02 01:40:17.987455+00:00,2022-12-02 01:40:17.987455+00:00
1598487575219552256,ukraine-de,True,True,False,False,False,False,False,False,False,False,2022-12-02 01:40:17.987354+00:00,2022-12-02 01:40:17.987354+00:00
1598487604407713795,ukraine-de,True,True,False,False,False,False,False,False,False,False,2022-12-02 01:40:17.987251+00:00,2022-12-02 01:40:17.987251+00:00
1598487710938943488,ukraine-de,True,False,False,False,False,False,False,False,False,False,2022-12-02 10:31:06.496743+00:00,2022-12-02 10:31:06.496743+00:00
1598487742953963520,ukraine-de,True,False,False,False,False,False,False,False,False,False,2022-12-02 07:31:57.382786+00:00,2022-12-02 07:31:57.382786+00:00
1598487749744787456,ukraine-de,True,True,False,False,False,False,False,False,False,False,2022-12-02 01:40:17.987149+00:00,2022-12-02 01:40:17.987149+00:00
1598487913968197632,ukraine-de,True,True,False,False,False,False,False,False,False,False,2022-12-02 01:40:17.987048+00:00,2022-12-02 01:40:17.987048+00:00
1598487945069187074,ukraine-de,True,True,False,False,False,False,False,False,False,False,2022-12-02 01:40:17.986935+00:00,2022-12-02 01:40:17.986935+00:00
1598488035536019456,ukraine-de,True,True,False,False,False,False,False,False,False,False,2022-12-02 01:40:17.986708+00:00,2022-12-02 01:40:17.986708+00:00
1598488079613960193,ukraine-de,True,True,False,False,False,False,False,False,False,False,2022-12-02 01:40:17.986591+00:00,2022-12-02 01:40:17.986591+00:00
1598488118218326017,ukraine-de,True,True,False,False,False,False,False,False,False,False,2022-12-02 01:40:17.986497+00:00,2022-12-02 01:40:17.986497+00:00
1598488193493499905,ukraine-de,True,True,False,False,False,False,False,False,False,False,2022-12-02 01:40:17.986400+00:00,2022-12-02 01:40:17.986400+00:00
1598488281129390081,ukraine-de,True,True,False,False,False,False,False,False,False,False,2022-12-02 01:40:17.986303+00:00,2022-12-02 01:40:17.986303+00:00
1598488333373644801,ukraine-de,True,True,False,False,False,False,False,False,False,False,2022-12-02 01:40:17.986185+00:00,2022-12-02 01:40:17.986185+00:00
1598488342789865473,ukraine-de,True,True,False,False,False,False,False,False,False,False,2022-12-02 01:40:17.986087+00:00,2022-12-02 01:40:17.986087+00:00
1598488372439285760,ukraine-de,True,True,False,False,False,False,False,False,False,False,2022-12-02 01:40:17.985991+00:00,2022-12-02 01:40:17.985991+00:00
1598488395206086656,ukraine-de,True,False,False,False,False,False,False,False,False,False,2022-12-02 01:40:18.113443+00:00,2022-12-02 01:40:18.113443+00:00
1598488583677034502,ukraine-de,True,True,False,False,False,False,False,False,False,False,2022-12-02 01:40:17.985889+00:00,2022-12-02 01:40:17.985889+00:00
1598488604371832832,ukraine-de,True,False,False,False,False,False,False,False,False,False,2022-12-02 07:30:28.863875+00:00,2022-12-02 07:30:28.863875+00:00
1598488637984935936,ukraine-de,True,True,False,False,False,False,False,False,False,False,2022-12-02 01:40:17.985794+00:00,2022-12-02 01:40:17.985794+00:00
1598488660483211265,ukraine-de,True,True,False,False,False,False,False,False,False,False,2022-12-02 01:40:17.985697+00:00,2022-12-02 01:40:17.985697+00:00
1598488686169100289,ukraine-de,True,True,False,False,False,False,False,False,False,False,2022-12-02 01:40:17.985580+00:00,2022-12-02 01:40:17.985580+00:00
1598488719551565824,ukraine-de,True,True,False,False,False,False,False,False,False,False,2022-12-02 01:40:17.985467+00:00,2022-12-02 01:40:17.985467+00:00
1598488742318280705,ukraine-de,True,True,False,False,False,False,False,False,False,False,2022-12-02 01:40:17.985367+00:00,2022-12-02 01:40:17.985367+00:00
1598488762106974212,ukraine-de,True,True,False,False,False,False,False,False,False,False,2022-12-02 01:40:17.985266+00:00,2022-12-02 01:40:17.985266+00:00
1598488915874299904,ukraine-de,True,True,False,False,False,False,False,False,False,False,2022-12-02 01:40:17.985167+00:00,2022-12-02 01:40:17.985167+00:00
1598489116580233217,ukraine-de,True,True,False,False,False,False,False,False,False,False,2022-12-02 01:40:17.985066+00:00,2022-12-02 01:40:17.985066+00:00
1598489200394993666,ukraine-de,True,True,False,False,False,False,False,False,False,False,2022-12-02 01:40:17.984967+00:00,2022-12-02 01:40:17.984967+00:00
1598489384159944704,ukraine-de,True,True,False,False,False,False,False,False,False,False,2022-12-02 01:40:17.984864+00:00,2022-12-02 01:40:17.984864+00:00
1598489446097240064,ukraine-de,True,True,False,False,False,False,False,False,False,False,2022-12-02 01:40:17.984760+00:00,2022-12-02 01:40:17.984760+00:00
1598489702599884800,ukraine-de,True,True,False,False,False,False,False,False,False,False,2022-12-02 01:40:17.984651+00:00,2022-12-02 01:40:17.984651+00:00
1598489994305445891,ukraine-de,True,True,False,False,False,False,False,False,False,False,2022-12-02 01:40:17.984529+00:00,2022-12-02 01:40:17.984529+00:00
1598490004485013504,ukraine-de,True,True,False,False,False,False,False,False,False,False,2022-12-02 01:40:17.984431+00:00,2022-12-02 01:40:17.984431+00:00
1598490032800776193,ukraine-de,True,True,False,False,False,False,False,False,False,False,2022-12-02 01:40:17.984330+00:00,2022-12-02 01:40:17.984330+00:00
1598490160613974019,ukraine-de,True,True,False,False,False,False,False,False,False,False,2022-12-02 01:40:17.984227+00:00,2022-12-02 01:40:17.984227+00:00
1598490392592203776,ukraine-de,True,True,False,False,False,False,False,False,False,False,2022-12-02 01:40:17.984092+00:00,2022-12-02 01:40:17.984092+00:00
1598490502722207747,ukraine-de,True,True,False,False,False,False,False,False,False,False,2022-12-02 01:40:17.983992+00:00,2022-12-02 01:40:17.983992+00:00
1598490669932240896,ukraine-de,True,True,False,False,False,False,False,False,False,False,2022-12-02 01:40:17.983893+00:00,2022-12-02 01:40:17.983893+00:00
1598490684000198656,ukraine-de,True,True,False,False,False,False,False,False,False,False,2022-12-02 01:40:17.983783+00:00,2022-12-02 01:40:17.983783+00:00
1598490904054071296,ukraine-de,True,True,False,False,False,False,False,False,False,False,2022-12-02 01:40:17.983683+00:00,2022-12-02 01:40:17.983683+00:00
1598491006076346368,ukraine-de,True,True,False,False,False,False,False,False,False,False,2022-12-02 01:40:17.983584+00:00,2022-12-02 01:40:17.983584+00:00
1598491055552630784,ukraine-de,True,True,False,False,False,False,False,False,False,False,2022-12-02 01:40:17.983482+00:00,2022-12-02 01:40:17.983482+00:00
1598491194262228992,ukraine-de,True,True,False,False,False,False,False,False,False,False,2022-12-02 01:40:17.983381+00:00,2022-12-02 01:40:17.983381+00:00
1598491217544749060,ukraine-de,True,True,False,False,False,False,False,False,False,False,2022-12-02 01:40:17.983254+00:00,2022-12-02 01:40:17.983254+00:00
1598491322033348608,ukraine-de,True,True,False,False,False,False,False,False,False,False,2022-12-02 01:40:17.983133+00:00,2022-12-02 01:40:17.983133+00:00
1598491504644874241,ukraine-de,True,True,False,False,False,False,False,False,False,False,2022-12-02 01:40:17.983031+00:00,2022-12-02 01:40:17.983031+00:00
1598491656403275776,ukraine-de,True,True,False,False,False,False,False,False,False,False,2022-12-02 01:40:17.982932+00:00,2022-12-02 01:40:17.982932+00:00
1598491657976135681,ukraine-de,True,True,False,False,False,False,False,False,False,False,2022-12-02 01:40:17.982828+00:00,2022-12-02 01:40:17.982828+00:00
1598491968883023873,ukraine-de,True,True,False,False,False,False,False,False,False,False,2022-12-02 01:40:17.982724+00:00,2022-12-02 01:40:17.982724+00:00
1598491989955207174,ukraine-de,True,True,False,False,False,False,False,False,False,False,2022-12-02 01:40:17.982610+00:00,2022-12-02 01:40:17.982610+00:00
1598491994661130240,ukraine-de,True,True,False,False,False,False,False,False,False,False,2022-12-02 01:40:17.982508+00:00,2022-12-02 01:40:17.982508+00:00
1598492058389516288,ukraine-de,True,True,False,False,False,False,False,False,False,False,2022-12-02 01:40:17.982399+00:00,2022-12-02 01:40:17.982399+00:00
1598492089058316291,ukraine-de,True,True,False,False,False,False,False,False,False,False,2022-12-02 01:40:17.982288+00:00,2022-12-02 01:40:17.982288+00:00
1598492105562890241,ukraine-de,True,True,False,False,False,False,False,False,False,False,2022-12-02 01:40:17.982137+00:00,2022-12-02 01:40:17.982137+00:00
1598492144108445698,ukraine-de,True,True,False,False,False,False,False,False,False,False,2022-12-02 01:40:17.981817+00:00,2022-12-02 04:35:19.620981+00:00
1598492260173320195,ukraine-de,True,True,False,False,False,False,False,False,False,False,2022-12-02 04:35:19.620869+00:00,2022-12-02 04:35:19.620869+00:00
1598492505510649856,ukraine-de,True,True,False,False,False,False,False,False,False,False,2022-12-02 04:35:19.620767+00:00,2022-12-02 04:35:19.620767+00:00
1598492630593277953,ukraine-de,True,True,False,False,False,False,False,False,False,False,2022-12-02 04:35:19.620666+00:00,2022-12-02 04:35:19.620666+00:00
1598492704773902336,ukraine-de,True,True,False,False,False,False,False,False,False,False,2022-12-02 04:35:19.620554+00:00,2022-12-02 04:35:19.620554+00:00
1598492714282221568,ukraine-de,True,True,False,False,False,False,False,False,False,False,2022-12-02 04:35:19.620445+00:00,2022-12-02 04:35:19.620445+00:00
1598492715704094721,ukraine-de,True,False,False,False,False,False,False,False,False,False,2022-12-03 03:40:14.814072+00:00,2022-12-03 03:40:14.814072+00:00
1598492724268769281,ukraine-de,True,True,False,False,False,False,False,False,False,False,2022-12-02 04:35:19.620346+00:00,2022-12-02 04:35:19.620346+00:00
1598493177228435457,ukraine-de,True,True,False,False,False,False,False,False,False,False,2022-12-02 04:35:19.620243+00:00,2022-12-02 04:35:19.620243+00:00
1598493380052402178,ukraine-de,True,True,False,False,False,False,False,False,False,False,2022-12-02 04:35:19.620131+00:00,2022-12-02 04:35:19.620131+00:00
1598493573464334337,ukraine-de,True,True,False,False,False,False,False,False,False,False,2022-12-02 04:35:19.620029+00:00,2022-12-02 04:35:19.620029+00:00
1598493620822327298,ukraine-de,True,True,False,False,False,False,False,False,False,False,2022-12-02 04:35:19.619924+00:00,2022-12-02 04:35:19.619924+00:00
1598493692062535682,ukraine-de,True,True,False,False,False,False,False,False,False,False,2022-12-02 04:35:19.619805+00:00,2022-12-02 04:35:19.619805+00:00
1598493747184009216,ukraine-de,True,True,False,False,False,False,False,False,False,False,2022-12-02 04:35:19.619698+00:00,2022-12-02 04:35:19.619698+00:00
1598494092043878400,ukraine-de,True,True,False,False,False,False,False,False,False,False,2022-12-02 04:35:19.619561+00:00,2022-12-02 04:35:19.619561+00:00
1598494515941330945,ukraine-de,True,True,False,False,False,False,False,False,False,False,2022-12-02 04:35:19.619383+00:00,2022-12-02 04:35:19.619383+00:00
1598494547931451393,ukraine-de,True,True,False,False,False,False,False,False,False,False,2022-12-02 04:35:19.619272+00:00,2022-12-02 04:35:19.619272+00:00
1598494599517016064,ukraine-de,True,False,False,False,False,False,False,False,False,False,2022-12-02 22:35:54.169458+00:00,2022-12-02 22:35:54.169458+00:00
1598494672384843778,ukraine-de,True,True,False,False,False,False,False,False,False,False,2022-12-02 04:35:19.619037+00:00,2022-12-02 04:35:19.619037+00:00
1598494949611393026,ukraine-de,True,True,False,False,False,False,False,False,False,False,2022-12-02 04:35:19.618937+00:00,2022-12-02 04:35:19.618937+00:00
1598495071564976129,ukraine-de,True,True,False,False,False,False,False,False,False,False,2022-12-02 04:35:19.618829+00:00,2022-12-02 04:35:19.618829+00:00
1598495101185134592,ukraine-de,True,True,False,False,False,False,False,False,False,False,2022-12-02 04:35:19.618730+00:00,2022-12-02 04:35:19.618730+00:00
1598495226447921152,ukraine-de,True,True,False,False,False,False,False,False,False,False,2022-12-02 04:35:19.618628+00:00,2022-12-02 04:35:19.618628+00:00
1598495268936220672,ukraine-de,True,True,False,False,False,False,False,False,False,False,2022-12-02 04:35:19.618524+00:00,2022-12-02 04:35:19.618524+00:00
1598495297080287232,ukraine-de,True,True,False,False,False,False,False,False,False,False,2022-12-02 04:35:19.618422+00:00,2022-12-02 04:35:19.618422+00:00
1598495619441639424,ukraine-de,True,True,False,False,False,False,False,False,False,False,2022-12-02 04:35:19.618321+00:00,2022-12-02 04:35:19.618321+00:00
1598496020001873922,ukraine-de,True,True,False,False,False,False,False,False,False,False,2022-12-02 04:35:19.618209+00:00,2022-12-02 04:35:19.618209+00:00
1598496144576942080,ukraine-de,True,True,False,False,False,False,False,False,False,False,2022-12-02 04:35:19.617914+00:00,2022-12-02 04:35:19.617914+00:00
1598496242190934016,ukraine-de,True,True,False,False,False,False,False,False,False,False,2022-12-02 04:35:19.617765+00:00,2022-12-02 04:35:19.617765+00:00
1598496253679206401,ukraine-de,True,True,False,False,False,False,False,False,False,False,2022-12-02 04:35:19.617660+00:00,2022-12-02 04:35:19.617660+00:00
1598496277922451457,ukraine-de,True,True,False,False,False,False,False,False,False,False,2022-12-02 04:35:19.617537+00:00,2022-12-02 04:35:19.617537+00:00
1598496331437408257,ukraine-de,True,True,False,False,False,False,False,False,False,False,2022-12-02 04:35:19.617425+00:00,2022-12-02 04:35:19.617425+00:00
1598496445560246278,ukraine-de,True,True,False,False,False,False,False,False,False,False,2022-12-02 04:35:19.617326+00:00,2022-12-02 04:35:19.617326+00:00
1598497040954261505,ukraine-de,True,True,False,False,False,False,False,False,False,False,2022-12-02 04:35:19.617224+00:00,2022-12-02 04:35:19.617224+00:00
1598497135833530368,ukraine-de,True,True,False,False,False,False,False,False,False,False,2022-12-02 04:35:19.617120+00:00,2022-12-02 04:35:19.617120+00:00
1598497184923766784,ukraine-de,True,True,False,False,False,False,False,False,False,False,2022-12-02 04:35:19.617003+00:00,2022-12-02 04:35:19.617003+00:00
1598497220587929600,ukraine-de,True,False,False,False,False,False,False,False,False,False,2022-12-02 15:01:30.401623+00:00,2022-12-02 15:01:30.401623+00:00
1598497244247900161,ukraine-de,True,False,False,False,False,False,False,False,False,False,2022-12-02 15:01:30.414472+00:00,2022-12-02 15:01:30.414472+00:00
1598497320387092481,ukraine-de,True,True,False,False,False,False,False,False,False,False,2022-12-02 04:35:19.616796+00:00,2022-12-02 04:35:19.616796+00:00
1598497636738371585,ukraine-de,True,True,False,False,False,False,False,False,False,False,2022-12-02 04:35:19.616693+00:00,2022-12-02 04:35:19.616693+00:00
1598497834151673858,ukraine-de,True,False,False,False,False,False,False,False,False,False,2022-12-02 04:35:19.626317+00:00,2022-12-02 04:35:19.626317+00:00
1598497840279552000,ukraine-de,True,True,False,False,False,False,False,False,False,False,2022-12-02 04:35:19.616528+00:00,2022-12-02 04:35:19.616528+00:00
1598497840522674177,ukraine-de,True,False,False,False,False,False,False,False,False,False,2022-12-03 01:30:18.805455+00:00,2022-12-03 01:30:18.805455+00:00
1598498183956418560,ukraine-de,True,True,False,False,False,False,False,False,False,False,2022-12-02 04:35:19.616428+00:00,2022-12-02 04:35:19.616428+00:00
1598498368787042305,ukraine-de,True,True,False,False,False,False,False,False,False,False,2022-12-02 04:35:19.616323+00:00,2022-12-02 04:35:19.616323+00:00
1598498605282856961,ukraine-de,True,True,False,False,False,False,False,False,False,False,2022-12-02 04:35:19.616118+00:00,2022-12-02 04:35:19.616118+00:00
1598498791384137729,ukraine-de,True,True,False,False,False,False,False,False,False,False,2022-12-02 04:35:19.616002+00:00,2022-12-02 04:35:19.616002+00:00
1598498862129446912,ukraine-de,True,False,False,False,False,False,False,False,False,False,2022-12-02 07:31:57.371095+00:00,2022-12-02 07:31:57.371095+00:00
1598499033999413248,ukraine-de,True,True,False,False,False,False,False,False,False,False,2022-12-02 04:35:19.615868+00:00,2022-12-02 04:35:19.615868+00:00
1598499047530237953,ukraine-de,True,True,False,False,False,False,False,False,False,False,2022-12-02 04:35:19.615766+00:00,2022-12-02 04:35:19.615766+00:00
1598499199972163585,ukraine-de,True,True,False,False,False,False,False,False,False,False,2022-12-02 04:35:19.615664+00:00,2022-12-02 04:35:19.615664+00:00
1598499373607944193,ukraine-de,True,False,False,False,False,False,False,False,False,False,2022-12-02 04:35:19.640348+00:00,2022-12-02 04:35:19.640348+00:00
1598499424975593474,ukraine-de,True,True,False,False,False,False,False,False,False,False,2022-12-02 04:35:19.615551+00:00,2022-12-02 04:35:19.615551+00:00
1598499477467238400,ukraine-de,True,True,False,False,False,False,False,False,False,False,2022-12-02 04:35:19.615447+00:00,2022-12-02 04:35:19.615447+00:00
1598499607666823168,ukraine-de,True,True,False,False,False,False,False,False,False,False,2022-12-02 04:35:19.615332+00:00,2022-12-02 04:35:19.615332+00:00
1598499651786874883,ukraine-de,True,True,False,False,False,False,False,False,False,False,2022-12-02 04:35:19.615224+00:00,2022-12-02 04:35:19.615224+00:00
1598499862265356291,ukraine-de,True,True,False,False,False,False,False,False,False,False,2022-12-02 04:35:19.615123+00:00,2022-12-02 04:35:19.615123+00:00
1598500135503384577,ukraine-de,True,True,False,False,False,False,False,False,False,False,2022-12-02 04:35:19.615024+00:00,2022-12-02 04:35:19.615024+00:00
1598500233306312705,ukraine-de,True,True,False,False,False,False,False,False,False,False,2022-12-02 04:35:19.614920+00:00,2022-12-02 04:35:19.614920+00:00
1598500295352410113,ukraine-de,True,True,False,False,False,False,False,False,False,False,2022-12-02 04:35:19.614794+00:00,2022-12-02 04:35:19.614794+00:00
1598500299500666884,ukraine-de,True,True,False,False,False,False,False,False,False,False,2022-12-02 04:35:19.614681+00:00,2022-12-02 04:35:19.614681+00:00
1598500503280828416,ukraine-de,True,True,False,False,False,False,False,False,False,False,2022-12-02 04:35:19.614578+00:00,2022-12-02 04:35:19.614578+00:00
1598500536386719744,ukraine-de,True,True,False,False,False,False,False,False,False,False,2022-12-02 04:35:19.614477+00:00,2022-12-02 04:35:19.614477+00:00
1598500546348032000,ukraine-de,True,False,False,False,False,False,False,False,False,False,2022-12-02 10:31:06.520080+00:00,2022-12-02 10:31:06.520080+00:00
1598501201133330433,ukraine-de,True,True,False,False,False,False,False,False,False,False,2022-12-02 04:35:19.614364+00:00,2022-12-02 04:35:19.614364+00:00
1598501335401381889,ukraine-de,True,True,False,False,False,False,False,False,False,False,2022-12-02 04:35:19.614256+00:00,2022-12-02 04:35:19.614256+00:00
1598501344654102528,ukraine-de,True,True,False,False,False,False,False,False,False,False,2022-12-02 04:35:19.614118+00:00,2022-12-02 04:35:19.614118+00:00
1598501464690794503,ukraine-de,True,True,False,False,False,False,False,False,False,False,2022-12-02 04:35:19.613960+00:00,2022-12-02 04:35:19.613960+00:00
1598501846414409729,ukraine-de,True,True,False,False,False,False,False,False,False,False,2022-12-02 04:35:19.613837+00:00,2022-12-02 04:35:19.613837+00:00
1598501869105868801,ukraine-de,True,True,False,False,False,False,False,False,False,False,2022-12-02 04:35:19.613733+00:00,2022-12-02 04:35:19.613733+00:00
1598502160555188226,ukraine-de,True,True,False,False,False,False,False,False,False,False,2022-12-02 04:35:19.613578+00:00,2022-12-02 04:35:19.613578+00:00
1598502174736121858,ukraine-de,True,True,False,False,False,False,False,False,False,False,2022-12-02 04:35:19.613452+00:00,2022-12-02 04:35:19.613452+00:00
1598502264414633986,ukraine-de,True,True,False,False,False,False,False,False,False,False,2022-12-02 04:35:19.613338+00:00,2022-12-02 04:35:19.613338+00:00
1598502339291320324,ukraine-de,True,True,False,False,False,False,False,False,False,False,2022-12-02 04:35:19.613236+00:00,2022-12-02 04:35:19.613236+00:00
1598502611363282948,ukraine-de,True,True,False,False,False,False,False,False,False,False,2022-12-02 04:35:19.613136+00:00,2022-12-02 04:35:19.613136+00:00
1598502658553233410,ukraine-de,True,True,False,False,False,False,False,False,False,False,2022-12-02 04:35:19.613033+00:00,2022-12-02 04:35:19.613033+00:00
1598502828322033665,ukraine-de,True,True,False,False,False,False,False,False,False,False,2022-12-02 04:35:19.612911+00:00,2022-12-02 04:35:19.612911+00:00
1598502894847696896,ukraine-de,True,True,False,False,False,False,False,False,False,False,2022-12-02 04:35:19.612811+00:00,2022-12-02 04:35:19.612811+00:00
1598502954889248769,ukraine-de,True,True,False,False,False,False,False,False,False,False,2022-12-02 04:35:19.612708+00:00,2022-12-02 04:35:19.612708+00:00
1598503296771268608,ukraine-de,True,True,False,False,False,False,False,False,False,False,2022-12-02 04:35:19.612607+00:00,2022-12-02 04:35:19.612607+00:00
1598503704646553600,ukraine-de,True,False,False,False,False,False,False,False,False,False,2022-12-02 07:31:57.391042+00:00,2022-12-02 07:31:57.391042+00:00
1598503798229684230,ukraine-de,True,True,False,False,False,False,False,False,False,False,2022-12-02 04:35:19.612503+00:00,2022-12-02 04:35:19.612503+00:00
1598503819800870917,ukraine-de,True,True,False,False,False,False,False,False,False,False,2022-12-02 04:35:19.612361+00:00,2022-12-02 04:35:19.612361+00:00
1598503908745261057,ukraine-de,True,True,False,False,False,False,False,False,False,False,2022-12-02 04:35:19.612246+00:00,2022-12-02 04:35:19.612246+00:00
1598504366478352384,ukraine-de,True,True,False,False,False,False,False,False,False,False,2022-12-02 04:35:19.612142+00:00,2022-12-02 04:35:19.612142+00:00
1598504566324137985,ukraine-de,True,True,False,False,False,False,False,False,False,False,2022-12-02 04:35:19.612042+00:00,2022-12-02 04:35:19.612042+00:00
1598504641813258242,ukraine-de,True,False,False,False,False,False,False,False,False,False,2022-12-02 04:35:19.628338+00:00,2022-12-02 04:35:19.628338+00:00
1598504643490889728,ukraine-de,True,True,False,False,False,False,False,False,False,False,2022-12-02 04:35:19.611938+00:00,2022-12-02 04:35:19.611938+00:00
1598504645760008194,ukraine-de,True,True,False,False,False,False,False,False,False,False,2022-12-02 04:35:19.611824+00:00,2022-12-02 04:35:19.611824+00:00
1598504702676799489,ukraine-de,True,True,False,False,False,False,False,False,False,False,2022-12-02 04:35:19.611663+00:00,2022-12-02 04:35:19.611663+00:00
1598504789557403648,ukraine-de,True,True,False,False,False,False,False,False,False,False,2022-12-02 04:35:19.611511+00:00,2022-12-02 04:35:19.611511+00:00
1598504854930198528,ukraine-de,True,True,False,False,False,False,False,False,False,False,2022-12-02 04:35:19.611400+00:00,2022-12-02 04:35:19.611400+00:00
1598504863977070596,ukraine-de,True,True,False,False,False,False,False,False,False,False,2022-12-02 04:35:19.611178+00:00,2022-12-02 04:35:19.611178+00:00
1598504947619958787,ukraine-de,True,True,False,False,False,False,False,False,False,False,2022-12-02 04:35:19.611077+00:00,2022-12-02 04:35:19.611077+00:00
1598504948701995009,ukraine-de,True,True,False,False,False,False,False,False,False,False,2022-12-02 04:35:19.610959+00:00,2022-12-02 04:35:19.610959+00:00
1598505021054021632,ukraine-de,True,True,False,False,False,False,False,False,False,False,2022-12-02 04:35:19.610841+00:00,2022-12-02 04:35:19.610841+00:00
1598505041471602688,ukraine-de,True,True,False,False,False,False,False,False,False,False,2022-12-02 04:35:19.610741+00:00,2022-12-02 04:35:19.610741+00:00
1598505117824999424,ukraine-de,True,True,False,False,False,False,False,False,False,False,2022-12-02 04:35:19.610637+00:00,2022-12-02 04:35:19.610637+00:00
1598505132748148741,ukraine-de,True,True,False,False,False,False,False,False,False,False,2022-12-02 04:35:19.610529+00:00,2022-12-02 04:35:19.610529+00:00
1598505310825566209,ukraine-de,True,True,False,False,False,False,False,False,False,False,2022-12-02 04:35:19.610402+00:00,2022-12-02 04:35:19.610402+00:00
1598505322280280065,ukraine-de,True,True,False,False,False,False,False,False,False,False,2022-12-02 04:35:19.610210+00:00,2022-12-02 04:35:19.610210+00:00
1598505360712781824,ukraine-de,True,False,False,False,False,False,False,False,False,False,2022-12-02 04:35:19.625191+00:00,2022-12-02 04:35:19.625191+00:00
1598505640959381511,ukraine-de,True,False,False,False,False,False,False,False,False,False,2022-12-02 07:30:28.871420+00:00,2022-12-02 07:30:28.871420+00:00
1598505671279910912,ukraine-de,True,True,False,False,False,False,False,False,False,False,2022-12-02 04:35:19.610090+00:00,2022-12-02 04:35:19.610090+00:00
1598505834392084480,ukraine-de,True,True,False,False,False,False,False,False,False,False,2022-12-02 04:35:19.609914+00:00,2022-12-02 04:35:19.609914+00:00
1598505974343532546,ukraine-de,True,True,False,False,False,False,False,False,False,False,2022-12-02 04:35:19.609731+00:00,2022-12-02 04:35:19.609731+00:00
1598505989422342144,ukraine-de,True,True,False,False,False,False,False,False,False,False,2022-12-02 04:35:19.609572+00:00,2022-12-02 04:35:19.609572+00:00
1598505993079504898,ukraine-de,True,True,False,False,False,False,False,False,False,False,2022-12-02 04:35:19.609448+00:00,2022-12-02 04:35:19.609448+00:00
1598506228166324224,ukraine-de,True,True,False,False,False,False,False,False,False,False,2022-12-02 04:35:19.609330+00:00,2022-12-02 04:35:19.609330+00:00
1598506368176095232,ukraine-de,True,True,False,False,False,False,False,False,False,False,2022-12-02 04:35:19.609203+00:00,2022-12-02 04:35:19.609203+00:00
1598507039872978945,ukraine-de,True,True,False,False,False,False,False,False,False,False,2022-12-02 04:35:19.609068+00:00,2022-12-02 04:35:19.609068+00:00
1598507113784934401,ukraine-de,True,True,False,False,False,False,False,False,False,False,2022-12-02 04:35:19.608952+00:00,2022-12-02 04:35:19.608952+00:00
1598507130063097856,ukraine-de,True,True,False,False,False,False,False,False,False,False,2022-12-02 04:35:19.607882+00:00,2022-12-02 04:35:19.607882+00:00
1598507225907077121,ukraine-de,True,True,False,False,False,False,False,False,False,False,2022-12-02 04:35:19.607637+00:00,2022-12-02 04:35:19.607637+00:00
1598507290310905856,ukraine-de,True,True,False,False,False,False,False,False,False,False,2022-12-02 04:35:19.607389+00:00,2022-12-02 04:35:19.607389+00:00
1598508187195523072,ukraine-de,True,True,False,False,False,False,False,False,False,False,2022-12-02 04:35:19.607287+00:00,2022-12-02 04:35:19.607287+00:00
1598508295957860354,ukraine-de,True,True,False,False,False,False,False,False,False,False,2022-12-02 04:35:19.607187+00:00,2022-12-02 04:35:19.607187+00:00
1598508377122000898,ukraine-de,True,True,False,False,False,False,False,False,False,False,2022-12-02 04:35:19.607085+00:00,2022-12-02 04:35:19.607085+00:00
1598508578222084096,ukraine-de,True,True,False,False,False,False,False,False,False,False,2022-12-02 04:35:19.606980+00:00,2022-12-02 04:35:19.606980+00:00
1598508682790072320,ukraine-de,True,True,False,False,False,False,False,False,False,False,2022-12-02 04:35:19.606865+00:00,2022-12-02 04:35:19.606865+00:00
1598508720333299713,ukraine-de,True,True,False,False,False,False,False,False,False,False,2022-12-02 04:35:19.606758+00:00,2022-12-02 04:35:19.606758+00:00
1598509026899369985,ukraine-de,True,True,False,False,False,False,False,False,False,False,2022-12-02 04:35:19.606634+00:00,2022-12-02 04:35:19.606634+00:00
1598509030598758400,ukraine-de,True,True,False,False,False,False,False,False,False,False,2022-12-02 04:35:19.606462+00:00,2022-12-02 04:35:19.606462+00:00
1598509315467276290,ukraine-de,True,True,False,False,False,False,False,False,False,False,2022-12-02 04:35:19.606292+00:00,2022-12-02 04:35:19.606292+00:00
1598509420618489856,ukraine-de,True,True,False,False,False,False,False,False,False,False,2022-12-02 04:35:19.606149+00:00,2022-12-02 04:35:19.606149+00:00
1598509531792916483,ukraine-de,True,True,False,False,False,False,False,False,False,False,2022-12-02 04:35:19.605883+00:00,2022-12-02 04:35:19.605883+00:00
1598509694812839942,ukraine-de,True,True,False,False,False,False,False,False,False,False,2022-12-02 04:35:19.605622+00:00,2022-12-02 04:35:19.605622+00:00
1598509713301315586,ukraine-de,True,True,False,False,False,False,False,False,False,False,2022-12-02 04:35:19.605445+00:00,2022-12-02 04:35:19.605445+00:00
1598509804489777153,ukraine-de,True,True,False,False,False,False,False,False,False,False,2022-12-02 04:35:19.605287+00:00,2022-12-02 04:35:19.605287+00:00
1598509932898226176,ukraine-de,True,True,False,False,False,False,False,False,False,False,2022-12-02 04:35:19.605158+00:00,2022-12-02 04:35:19.605158+00:00
1598510276252295168,ukraine-de,True,False,False,False,False,False,False,False,False,False,2022-12-02 15:01:30.388034+00:00,2022-12-02 15:01:30.388034+00:00
1598510291851026435,ukraine-de,True,True,False,False,False,False,False,False,False,False,2022-12-02 04:35:19.605024+00:00,2022-12-02 04:35:19.605024+00:00
1598510340320264193,ukraine-de,True,True,False,False,False,False,False,False,False,False,2022-12-02 04:35:19.604888+00:00,2022-12-02 04:35:19.604888+00:00
1598510434759360513,ukraine-de,True,True,False,False,False,False,False,False,False,False,2022-12-02 04:35:19.603791+00:00,2022-12-02 04:35:19.603791+00:00
1598510582709178368,ukraine-de,True,True,False,False,False,False,False,False,False,False,2022-12-02 04:35:19.603673+00:00,2022-12-02 04:35:19.603673+00:00
1598510666721247234,ukraine-de,True,False,False,False,False,False,False,False,False,False,2022-12-02 04:35:19.630117+00:00,2022-12-02 04:35:19.630117+00:00
1598510864222519297,ukraine-de,True,True,False,False,False,False,False,False,False,False,2022-12-02 04:35:19.603543+00:00,2022-12-02 04:35:19.603543+00:00
1598510865078272001,ukraine-de,True,True,False,False,False,False,False,False,False,False,2022-12-02 04:35:19.603388+00:00,2022-12-02 04:35:19.603388+00:00
1598511268180140035,ukraine-de,True,False,False,False,False,False,False,False,False,False,2022-12-02 04:35:19.635408+00:00,2022-12-02 04:35:19.635408+00:00
1598511286433751045,ukraine-de,True,True,False,False,False,False,False,False,False,False,2022-12-02 04:35:19.603020+00:00,2022-12-02 04:35:19.603020+00:00
1598511400451805188,ukraine-de,True,True,False,False,False,False,False,False,False,False,2022-12-02 04:35:19.602757+00:00,2022-12-02 04:35:19.602757+00:00
1598511422111113218,ukraine-de,True,True,False,False,False,False,False,False,False,False,2022-12-02 04:35:19.602426+00:00,2022-12-02 04:35:19.602426+00:00
1598511608061386754,ukraine-de,True,True,False,False,False,False,False,False,False,False,2022-12-02 04:35:19.602044+00:00,2022-12-02 04:35:19.602044+00:00
1598511675442962432,ukraine-de,True,True,False,False,False,False,False,False,False,False,2022-12-02 04:35:19.601907+00:00,2022-12-02 04:35:19.601907+00:00
1598511707424317440,ukraine-de,True,True,False,False,False,False,False,False,False,False,2022-12-02 04:35:19.601780+00:00,2022-12-02 04:35:19.601780+00:00
1598511711824273409,ukraine-de,True,True,False,False,False,False,False,False,False,False,2022-12-02 04:35:19.601665+00:00,2022-12-02 04:35:19.601665+00:00
1598511777381244929,ukraine-de,True,True,False,False,False,False,False,False,False,False,2022-12-02 04:35:19.601524+00:00,2022-12-02 04:35:19.601524+00:00
1598512074057027584,ukraine-de,True,True,False,False,False,False,False,False,False,False,2022-12-02 04:35:19.601414+00:00,2022-12-02 04:35:19.601414+00:00
1598512110828281856,ukraine-de,True,True,False,False,False,False,False,False,False,False,2022-12-02 04:35:19.601283+00:00,2022-12-02 04:35:19.601283+00:00
1598512173734629377,ukraine-de,True,True,False,False,False,False,False,False,False,False,2022-12-02 04:35:19.600748+00:00,2022-12-02 04:35:19.600748+00:00
1598512198653026305,ukraine-de,True,True,False,False,False,False,False,False,False,False,2022-12-02 04:35:19.600643+00:00,2022-12-02 04:35:19.600643+00:00
1598512219859230720,ukraine-de,True,True,False,False,False,False,False,False,False,False,2022-12-02 04:35:19.600523+00:00,2022-12-02 04:35:19.600523+00:00
1598512231167266819,ukraine-de,True,True,False,False,False,False,False,False,False,False,2022-12-02 04:35:19.600416+00:00,2022-12-02 04:35:19.600416+00:00
1598512247906631683,ukraine-de,True,True,False,False,False,False,False,False,False,False,2022-12-02 04:35:19.600296+00:00,2022-12-02 04:35:19.600296+00:00
1598512453654126595,ukraine-de,True,True,False,False,False,False,False,False,False,False,2022-12-02 04:35:19.600194+00:00,2022-12-02 04:35:19.600194+00:00
1598512507911491586,ukraine-de,True,True,False,False,False,False,False,False,False,False,2022-12-02 04:35:19.600088+00:00,2022-12-02 04:35:19.600088+00:00
1598512532234592256,ukraine-de,True,True,False,False,False,False,False,False,False,False,2022-12-02 04:35:19.599967+00:00,2022-12-02 04:35:19.599967+00:00
1598512551993741319,ukraine-de,True,True,False,False,False,False,False,False,False,False,2022-12-02 04:35:19.599842+00:00,2022-12-02 04:35:19.599842+00:00
1598512674609963008,ukraine-de,True,True,False,False,False,False,False,False,False,False,2022-12-02 04:35:19.599739+00:00,2022-12-02 04:35:19.599739+00:00
1598512833720975360,ukraine-de,True,True,False,False,False,False,False,False,False,False,2022-12-02 04:35:19.599616+00:00,2022-12-02 04:35:19.599616+00:00
1598512880114192384,ukraine-de,True,True,False,False,False,False,False,False,False,False,2022-12-02 04:35:19.599476+00:00,2022-12-02 04:35:19.599476+00:00
1598513258784137217,ukraine-de,True,True,False,False,False,False,False,False,False,False,2022-12-02 04:35:19.599368+00:00,2022-12-02 04:35:19.599368+00:00
1598513435083415552,ukraine-de,True,True,False,False,False,False,False,False,False,False,2022-12-02 04:35:19.599240+00:00,2022-12-02 04:35:19.599240+00:00
1598513663681482755,ukraine-de,True,True,False,False,False,False,False,False,False,False,2022-12-02 04:35:19.598940+00:00,2022-12-02 04:35:19.598940+00:00
1598513736330973185,ukraine-de,True,True,False,False,False,False,False,False,False,False,2022-12-02 04:35:19.598834+00:00,2022-12-02 04:35:19.598834+00:00
1598513919924047874,ukraine-de,True,True,False,False,False,False,False,False,False,False,2022-12-02 04:35:19.598710+00:00,2022-12-02 04:35:19.598710+00:00
1598513944687091712,ukraine-de,True,True,False,False,False,False,False,False,False,False,2022-12-02 04:35:19.598532+00:00,2022-12-02 04:35:19.598532+00:00
1598514073246760961,ukraine-de,True,True,False,False,False,False,False,False,False,False,2022-12-02 04:35:19.598413+00:00,2022-12-02 04:35:19.598413+00:00
1598514076266774532,ukraine-de,True,True,False,False,False,False,False,False,False,False,2022-12-02 04:35:19.598308+00:00,2022-12-02 04:35:19.598308+00:00
1598514140154413058,ukraine-de,True,True,False,False,False,False,False,False,False,False,2022-12-02 04:35:19.598172+00:00,2022-12-02 04:35:19.598172+00:00
1598514167773790209,ukraine-de,True,True,False,False,False,False,False,False,False,False,2022-12-02 04:35:19.598007+00:00,2022-12-02 04:35:19.598007+00:00
1598514403774763009,ukraine-de,True,True,False,False,False,False,False,False,False,False,2022-12-02 04:35:19.597901+00:00,2022-12-02 04:35:19.597901+00:00
1598514420283588608,ukraine-de,True,True,False,False,False,False,False,False,False,False,2022-12-02 04:35:19.597793+00:00,2022-12-02 04:35:19.597793+00:00
1598514830797070337,ukraine-de,True,True,False,False,False,False,False,False,False,False,2022-12-02 04:35:19.597655+00:00,2022-12-02 04:35:19.597655+00:00
1598514891366637568,ukraine-de,True,True,False,False,False,False,False,False,False,False,2022-12-02 04:35:19.597499+00:00,2022-12-02 04:35:19.597499+00:00
1598514893094670342,ukraine-de,True,True,False,False,False,False,False,False,False,False,2022-12-02 04:35:19.597001+00:00,2022-12-02 04:35:19.597001+00:00
1598515000515108864,ukraine-de,True,True,False,False,False,False,False,False,False,False,2022-12-02 04:35:19.596888+00:00,2022-12-02 04:35:19.596888+00:00
1598515043141914625,ukraine-de,True,True,False,False,False,False,False,False,False,False,2022-12-02 04:35:19.596783+00:00,2022-12-02 04:35:19.596783+00:00
1598515287162241024,ukraine-de,True,True,False,False,False,False,False,False,False,False,2022-12-02 04:35:19.596662+00:00,2022-12-02 04:35:19.596662+00:00
1598515310742470657,ukraine-de,True,True,False,False,False,False,False,False,False,False,2022-12-02 04:35:19.596557+00:00,2022-12-02 04:35:19.596557+00:00
1598515318594355206,ukraine-de,True,True,False,False,False,False,False,False,False,False,2022-12-02 04:35:19.596432+00:00,2022-12-02 04:35:19.596432+00:00
1598515375007678465,ukraine-de,True,True,False,False,False,False,False,False,False,False,2022-12-02 04:35:19.596295+00:00,2022-12-02 04:35:19.596295+00:00
1598515759361056768,ukraine-de,True,True,False,False,False,False,False,False,False,False,2022-12-02 04:35:19.595745+00:00,2022-12-02 04:35:19.595745+00:00
1598515951334326272,ukraine-de,True,True,False,False,False,False,False,False,False,False,2022-12-02 04:35:19.595624+00:00,2022-12-02 04:35:19.595624+00:00
1598516164413595650,ukraine-de,True,True,False,False,False,False,False,False,False,False,2022-12-02 04:35:19.595480+00:00,2022-12-02 04:35:19.595480+00:00
1598516200970940416,ukraine-de,True,True,False,False,False,False,False,False,False,False,2022-12-02 04:35:19.595315+00:00,2022-12-02 04:35:19.595315+00:00
1598516361227124736,ukraine-de,True,True,False,False,False,False,False,False,False,False,2022-12-02 04:35:19.595167+00:00,2022-12-02 04:35:19.595167+00:00
1598516489551839234,ukraine-de,True,False,False,False,False,False,False,False,False,False,2022-12-02 04:35:19.632755+00:00,2022-12-02 04:35:19.632755+00:00
1598516660717191169,ukraine-de,True,True,False,False,False,False,False,False,False,False,2022-12-02 04:35:19.594589+00:00,2022-12-02 04:35:19.594589+00:00
1598516669021921281,ukraine-de,True,True,False,False,False,False,False,False,False,False,2022-12-02 04:35:19.594302+00:00,2022-12-02 04:35:19.594302+00:00
1598516987205799937,ukraine-de,True,True,False,False,False,False,False,False,False,False,2022-12-02 04:35:19.593647+00:00,2022-12-02 04:35:19.593647+00:00
1598517109809635328,ukraine-de,True,True,False,False,False,False,False,False,False,False,2022-12-02 04:35:19.593509+00:00,2022-12-02 04:35:19.593509+00:00
1598517160061673475,ukraine-de,True,True,False,False,False,False,False,False,False,False,2022-12-02 04:35:19.593354+00:00,2022-12-02 04:35:19.593354+00:00
1598517213908066306,ukraine-de,True,True,False,False,False,False,False,False,False,False,2022-12-02 04:35:19.592471+00:00,2022-12-02 04:35:19.592471+00:00
1598517287736250368,ukraine-de,True,True,False,False,False,False,False,False,False,False,2022-12-02 04:35:19.592305+00:00,2022-12-02 04:35:19.592305+00:00
1598517375766233088,ukraine-de,True,True,False,False,False,False,False,False,False,False,2022-12-02 04:35:19.591721+00:00,2022-12-02 04:35:19.591721+00:00
1598517410050424833,ukraine-de,True,True,False,False,False,False,False,False,False,False,2022-12-02 04:35:19.591595+00:00,2022-12-02 04:35:19.591595+00:00
1598517458687639554,ukraine-de,True,True,False,False,False,False,False,False,False,False,2022-12-02 04:35:19.591274+00:00,2022-12-02 04:35:19.591274+00:00
1598517652443615233,ukraine-de,True,True,False,False,False,False,False,False,False,False,2022-12-02 04:35:19.591134+00:00,2022-12-02 04:35:19.591134+00:00
1598517689454141440,ukraine-de,True,True,False,False,False,False,False,False,False,False,2022-12-02 04:35:19.590814+00:00,2022-12-02 04:35:19.590814+00:00
1598517803429990402,ukraine-de,True,True,False,False,False,False,False,False,False,False,2022-12-02 04:35:19.590563+00:00,2022-12-02 04:35:19.590563+00:00
1598517812129062912,ukraine-de,True,True,False,False,False,False,False,False,False,False,2022-12-02 04:35:19.588563+00:00,2022-12-02 04:35:19.588563+00:00
1598517812636573698,ukraine-de,True,True,False,False,False,False,False,False,False,False,2022-12-02 04:35:19.588462+00:00,2022-12-02 04:35:19.588462+00:00
1598517881670881280,ukraine-de,True,True,False,False,False,False,False,False,False,False,2022-12-02 04:35:19.588343+00:00,2022-12-02 04:35:19.588343+00:00
1598517949719281664,ukraine-de,True,True,False,False,False,False,False,False,False,False,2022-12-02 04:35:19.588227+00:00,2022-12-02 04:35:19.588227+00:00
1598517984724672515,ukraine-de,True,True,False,False,False,False,False,False,False,False,2022-12-02 04:35:19.588108+00:00,2022-12-02 04:35:19.588108+00:00
1598518031092785152,ukraine-de,True,True,False,False,False,False,False,False,False,False,2022-12-02 04:35:19.588002+00:00,2022-12-02 04:35:19.588002+00:00
1598518057038540800,ukraine-de,True,True,False,False,False,False,False,False,False,False,2022-12-02 04:35:19.587892+00:00,2022-12-02 04:35:19.587892+00:00
1598518078278578176,ukraine-de,True,True,False,False,False,False,False,False,False,False,2022-12-02 04:35:19.587775+00:00,2022-12-02 04:35:19.587775+00:00
1598518093378093059,ukraine-de,True,True,False,False,False,False,False,False,False,False,2022-12-02 04:35:19.587658+00:00,2022-12-02 04:35:19.587658+00:00
1598518222462099460,ukraine-de,True,True,False,False,False,False,False,False,False,False,2022-12-02 04:35:19.587474+00:00,2022-12-02 04:35:19.587474+00:00
1598518412535267328,ukraine-de,True,True,False,False,False,False,False,False,False,False,2022-12-02 04:35:19.587356+00:00,2022-12-02 04:35:19.587356+00:00
1598518420730961921,ukraine-de,True,True,False,False,False,False,False,False,False,False,2022-12-02 04:35:19.587159+00:00,2022-12-02 04:35:19.587159+00:00
1598518452083253248,ukraine-de,True,True,False,False,False,False,False,False,False,False,2022-12-02 04:35:19.587043+00:00,2022-12-02 04:35:19.587043+00:00
1598518468445278208,ukraine-de,True,True,False,False,False,False,False,False,False,False,2022-12-02 04:35:19.586899+00:00,2022-12-02 04:35:19.586899+00:00
1598518595033923584,ukraine-de,True,True,False,False,False,False,False,False,False,False,2022-12-02 04:35:19.586540+00:00,2022-12-02 04:35:19.586540+00:00
1598518873661251586,ukraine-de,True,True,False,False,False,False,False,False,False,False,2022-12-02 04:35:19.585584+00:00,2022-12-02 04:35:19.585584+00:00
1598518917860818944,ukraine-de,True,True,False,False,False,False,False,False,False,False,2022-12-02 04:35:19.585480+00:00,2022-12-02 04:35:19.585480+00:00
1598518946277236738,ukraine-de,True,True,False,False,False,False,False,False,False,False,2022-12-02 04:35:19.585357+00:00,2022-12-02 04:35:19.585357+00:00
1598519178679435265,ukraine-de,True,False,False,False,False,False,False,False,False,False,2022-12-02 10:30:17.996342+00:00,2022-12-02 10:30:17.996342+00:00
1598519236753752065,ukraine-de,True,True,False,False,False,False,False,False,False,False,2022-12-02 04:35:19.585198+00:00,2022-12-02 04:35:19.585198+00:00
1598519265350631426,ukraine-de,True,True,False,False,False,False,False,False,False,False,2022-12-02 04:35:19.584928+00:00,2022-12-02 04:35:19.584928+00:00
1598519276041822211,ukraine-de,True,True,False,False,False,False,False,False,False,False,2022-12-02 04:35:19.584312+00:00,2022-12-02 04:35:19.584312+00:00
1598519325291614210,ukraine-de,True,True,False,False,False,False,False,False,False,False,2022-12-02 04:35:19.584164+00:00,2022-12-02 04:35:19.584164+00:00
1598519399857659904,ukraine-de,True,True,False,False,False,False,False,False,False,False,2022-12-02 04:35:19.584047+00:00,2022-12-02 04:35:19.584047+00:00
1598519456224919553,ukraine-de,True,True,False,False,False,False,False,False,False,False,2022-12-02 04:35:19.583875+00:00,2022-12-02 04:35:19.583875+00:00
1598519472859787264,ukraine-de,True,True,False,False,False,False,False,False,False,False,2022-12-02 04:35:19.582463+00:00,2022-12-02 04:35:19.582463+00:00
1598519499665412096,ukraine-de,True,True,False,False,False,False,False,False,False,False,2022-12-02 04:35:19.582361+00:00,2022-12-02 04:35:19.582361+00:00
1598519546876346370,ukraine-de,True,True,False,False,False,False,False,False,False,False,2022-12-02 04:35:19.582262+00:00,2022-12-02 04:35:19.582262+00:00
1598519550924017664,ukraine-de,True,True,False,False,False,False,False,False,False,False,2022-12-02 04:35:19.582160+00:00,2022-12-02 04:35:19.582160+00:00
1598519713595785216,ukraine-de,True,False,False,False,False,False,False,False,False,False,2022-12-02 10:31:39.195802+00:00,2022-12-02 10:31:39.195802+00:00
1598519753273970688,ukraine-de,True,True,False,False,False,False,False,False,False,False,2022-12-02 04:35:19.582055+00:00,2022-12-02 04:35:19.582055+00:00
1598519843342401537,ukraine-de,True,True,False,False,False,False,False,False,False,False,2022-12-02 04:35:19.581945+00:00,2022-12-02 04:35:19.581945+00:00
1598520146301227008,ukraine-de,True,True,False,False,False,False,False,False,False,False,2022-12-02 04:35:19.581790+00:00,2022-12-02 04:35:19.581790+00:00
1598520418448527360,ukraine-de,True,True,False,False,False,False,False,False,False,False,2022-12-02 04:35:19.581688+00:00,2022-12-02 04:35:19.581688+00:00
1598520435125149696,ukraine-de,True,True,False,False,False,False,False,False,False,False,2022-12-02 04:35:19.581559+00:00,2022-12-02 04:35:19.581559+00:00
1598520474576764928,ukraine-de,True,True,False,False,False,False,False,False,False,False,2022-12-02 04:35:19.581412+00:00,2022-12-02 04:35:19.581412+00:00
1598520505723949056,ukraine-de,True,True,False,False,False,False,False,False,False,False,2022-12-02 04:35:19.581289+00:00,2022-12-02 04:35:19.581289+00:00
1598520549004771328,ukraine-de,True,True,False,False,False,False,False,False,False,False,2022-12-02 04:35:19.581187+00:00,2022-12-02 04:35:19.581187+00:00
1598520669620342792,ukraine-de,True,True,False,False,False,False,False,False,False,False,2022-12-02 04:35:19.581044+00:00,2022-12-02 04:35:19.581044+00:00
1598520788528889859,ukraine-de,True,True,False,False,False,False,False,False,False,False,2022-12-02 04:35:19.580930+00:00,2022-12-02 04:35:19.580930+00:00
1598520789355175938,ukraine-de,True,True,False,False,False,False,False,False,False,False,2022-12-02 04:35:19.580814+00:00,2022-12-02 04:35:19.580814+00:00
1598520809529769984,ukraine-de,True,True,False,False,False,False,False,False,False,False,2022-12-02 04:35:19.580695+00:00,2022-12-02 04:35:19.580695+00:00
1598520839791677441,ukraine-de,True,False,False,False,False,False,False,False,False,False,2022-12-02 04:35:19.631052+00:00,2022-12-02 04:35:19.631052+00:00
1598520841054175234,ukraine-de,True,True,False,False,False,False,False,False,False,False,2022-12-02 04:35:19.580566+00:00,2022-12-02 04:35:19.580566+00:00
1598521174048346119,ukraine-de,True,True,False,False,False,False,False,False,False,False,2022-12-02 04:35:19.580458+00:00,2022-12-02 04:35:19.580458+00:00
1598521284110872576,ukraine-de,True,True,False,False,False,False,False,False,False,False,2022-12-02 04:35:19.580360+00:00,2022-12-02 04:35:19.580360+00:00
1598521322249887744,ukraine-de,True,False,False,False,False,False,False,False,False,False,2022-12-02 04:35:19.627333+00:00,2022-12-02 04:35:19.627333+00:00
1598521461907419136,ukraine-de,True,True,False,False,False,False,False,False,False,False,2022-12-02 04:35:19.580263+00:00,2022-12-02 04:35:19.580263+00:00
1598521690090110976,ukraine-de,True,True,False,False,False,False,False,False,False,False,2022-12-02 04:35:19.580162+00:00,2022-12-02 04:35:19.580162+00:00
1598521749087436800,ukraine-de,True,True,False,False,False,False,False,False,False,False,2022-12-02 04:35:19.580061+00:00,2022-12-02 04:35:19.580061+00:00
1598521912795152384,ukraine-de,True,True,False,False,False,False,False,False,False,False,2022-12-02 04:35:19.579949+00:00,2022-12-02 04:35:19.579949+00:00
1598522078243725315,ukraine-de,True,True,False,False,False,False,False,False,False,False,2022-12-02 04:35:19.579829+00:00,2022-12-02 04:35:19.579829+00:00
1598522112095944705,ukraine-de,True,True,False,False,False,False,False,False,False,False,2022-12-02 04:35:19.579721+00:00,2022-12-02 04:35:19.579721+00:00
1598522145939881984,ukraine-de,True,True,False,False,False,False,False,False,False,False,2022-12-02 04:35:19.579529+00:00,2022-12-02 04:35:19.579529+00:00
1598522349275553792,ukraine-de,True,True,False,False,False,False,False,False,False,False,2022-12-02 04:35:19.579430+00:00,2022-12-02 04:35:19.579430+00:00
1598522450232446976,ukraine-de,True,True,False,False,False,False,False,False,False,False,2022-12-02 04:35:19.579312+00:00,2022-12-02 04:35:19.579312+00:00
1598522728868356096,ukraine-de,True,True,False,False,False,False,False,False,False,False,2022-12-02 04:35:19.579202+00:00,2022-12-02 04:35:19.579202+00:00
1598522856341733378,ukraine-de,True,True,False,False,False,False,False,False,False,False,2022-12-02 04:35:19.579099+00:00,2022-12-02 04:35:19.579099+00:00
1598523010784411651,ukraine-de,True,True,False,False,False,False,False,False,False,False,2022-12-02 04:35:19.579000+00:00,2022-12-02 04:35:19.579000+00:00
1598523125137915904,ukraine-de,True,True,False,False,False,False,False,False,False,False,2022-12-02 04:35:19.578891+00:00,2022-12-02 04:35:19.578891+00:00
1598523169492508672,ukraine-de,True,True,False,False,False,False,False,False,False,False,2022-12-02 04:35:19.578784+00:00,2022-12-02 04:35:19.578784+00:00
1598523424816644098,ukraine-de,True,True,False,False,False,False,False,False,False,False,2022-12-02 04:35:19.578546+00:00,2022-12-02 04:35:19.578546+00:00
1598523502709116928,ukraine-de,True,True,False,False,False,False,False,False,False,False,2022-12-02 04:35:19.578450+00:00,2022-12-02 04:35:19.578450+00:00
1598523557226610688,ukraine-de,True,True,False,False,False,False,False,False,False,False,2022-12-02 04:35:19.578340+00:00,2022-12-02 04:35:19.578340+00:00
1598523729683816450,ukraine-de,True,True,False,False,False,False,False,False,False,False,2022-12-02 04:35:19.578239+00:00,2022-12-02 04:35:19.578239+00:00
1598523775573807104,ukraine-de,True,True,False,False,False,False,False,False,False,False,2022-12-02 04:35:19.578134+00:00,2022-12-02 04:35:19.578134+00:00
1598523882855710720,ukraine-de,True,True,False,False,False,False,False,False,False,False,2022-12-02 04:35:19.578006+00:00,2022-12-02 04:35:19.578006+00:00
1598523955874353153,ukraine-de,True,True,False,False,False,False,False,False,False,False,2022-12-02 04:35:19.577862+00:00,2022-12-02 04:35:19.577862+00:00
1598524184690204672,ukraine-de,True,True,False,False,False,False,False,False,False,False,2022-12-02 04:35:19.577752+00:00,2022-12-02 04:35:19.577752+00:00
1598524507886608385,ukraine-de,True,True,False,False,False,False,False,False,False,False,2022-12-02 04:35:19.577648+00:00,2022-12-02 04:35:19.577648+00:00
1598524509686042624,ukraine-de,True,True,False,False,False,False,False,False,False,False,2022-12-02 04:35:19.577516+00:00,2022-12-02 04:35:19.577516+00:00
1598524640573505537,ukraine-de,True,True,False,False,False,False,False,False,False,False,2022-12-02 04:35:19.577398+00:00,2022-12-02 04:35:19.577398+00:00
1598524868378693636,ukraine-de,True,True,False,False,False,False,False,False,False,False,2022-12-02 04:35:19.577267+00:00,2022-12-02 04:35:19.577267+00:00
1598525151875694593,ukraine-de,True,True,False,False,False,False,False,False,False,False,2022-12-02 04:35:19.577125+00:00,2022-12-02 04:35:19.577125+00:00
1598525390145953795,ukraine-de,True,True,False,False,False,False,False,False,False,False,2022-12-02 04:35:19.577024+00:00,2022-12-02 04:35:19.577024+00:00
1598525394512134145,ukraine-de,True,True,False,False,False,False,False,False,False,False,2022-12-02 04:35:19.576912+00:00,2022-12-02 04:35:19.576912+00:00
1598525577052364800,ukraine-de,True,True,False,False,False,False,False,False,False,False,2022-12-02 04:35:19.576785+00:00,2022-12-02 04:35:19.576785+00:00
1598525585621336065,ukraine-de,True,True,False,False,False,False,False,False,False,False,2022-12-02 04:35:19.576683+00:00,2022-12-02 04:35:19.576683+00:00
1598525703024254982,ukraine-de,True,True,False,False,False,False,False,False,False,False,2022-12-02 04:35:19.576577+00:00,2022-12-02 04:35:19.576577+00:00
1598525795189903360,ukraine-de,True,False,False,False,False,False,False,False,False,False,2022-12-02 19:50:36.510159+00:00,2022-12-02 19:50:36.510159+00:00
1598525797249077248,ukraine-de,True,True,False,False,False,False,False,False,False,False,2022-12-02 04:35:19.576459+00:00,2022-12-02 04:35:19.576459+00:00
1598525953512296449,ukraine-de,True,True,False,False,False,False,False,False,False,False,2022-12-02 04:35:19.576065+00:00,2022-12-02 04:35:19.576065+00:00
1598525995589443584,ukraine-de,True,True,False,False,False,False,False,False,False,False,2022-12-02 04:35:19.575962+00:00,2022-12-02 04:35:19.575962+00:00
1598526037800935426,ukraine-de,True,True,False,False,False,False,False,False,False,False,2022-12-02 04:35:19.575833+00:00,2022-12-02 04:35:19.575833+00:00
1598526205598334979,ukraine-de,True,True,False,False,False,False,False,False,False,False,2022-12-02 04:35:19.575725+00:00,2022-12-02 04:35:19.575725+00:00
1598526252398178304,ukraine-de,True,True,False,False,False,False,False,False,False,False,2022-12-02 04:35:19.575558+00:00,2022-12-02 04:35:19.575558+00:00
1598526309256155137,ukraine-de,True,True,False,False,False,False,False,False,False,False,2022-12-02 04:35:19.575448+00:00,2022-12-02 04:35:19.575448+00:00
1598526390843875328,ukraine-de,True,True,False,False,False,False,False,False,False,False,2022-12-02 04:35:19.575290+00:00,2022-12-02 04:35:19.575290+00:00
1598526559614341122,ukraine-de,True,True,False,False,False,False,False,False,False,False,2022-12-02 04:35:19.575184+00:00,2022-12-02 04:35:19.575184+00:00
1598526857564913664,ukraine-de,True,True,False,False,False,False,False,False,False,False,2022-12-02 04:35:19.575071+00:00,2022-12-02 04:35:19.575071+00:00
1598526924069953539,ukraine-de,True,True,False,False,False,False,False,False,False,False,2022-12-02 04:35:19.574968+00:00,2022-12-02 04:35:19.574968+00:00
1598527040151502851,ukraine-de,True,False,False,False,False,False,False,False,False,False,2022-12-02 19:51:30.204939+00:00,2022-12-02 19:51:30.204939+00:00
1598527163493658624,ukraine-de,True,False,False,False,False,False,False,False,False,False,2022-12-03 01:30:18.801852+00:00,2022-12-03 01:30:18.801852+00:00
1598527169466015744,ukraine-de,True,True,False,False,False,False,False,False,False,False,2022-12-02 04:35:19.574863+00:00,2022-12-02 04:35:19.574863+00:00
1598527254388260865,ukraine-de,True,False,False,False,False,False,False,False,False,False,2022-12-02 19:51:08.489452+00:00,2022-12-02 19:51:08.489452+00:00
1598527260314705920,ukraine-de,True,True,False,False,False,False,False,False,False,False,2022-12-02 04:35:19.574745+00:00,2022-12-02 04:35:19.574745+00:00
1598527496181669888,ukraine-de,True,False,False,False,False,False,False,False,False,False,2022-12-02 04:35:19.627122+00:00,2022-12-02 04:35:19.627122+00:00
1598527640150867971,ukraine-de,True,True,False,False,False,False,False,False,False,False,2022-12-02 04:35:19.574524+00:00,2022-12-02 04:35:19.574524+00:00
1598527668999405569,ukraine-de,True,True,False,False,False,False,False,False,False,False,2022-12-02 04:35:19.574089+00:00,2022-12-02 04:35:19.574089+00:00
1598527853913853952,ukraine-de,True,False,False,False,False,False,False,False,False,False,2022-12-02 04:35:19.627226+00:00,2022-12-02 04:35:19.627226+00:00
1598527897169383426,ukraine-de,True,True,False,False,False,False,False,False,False,False,2022-12-02 04:35:19.573959+00:00,2022-12-02 04:35:19.573959+00:00
1598527911283359744,ukraine-de,True,True,False,False,False,False,False,False,False,False,2022-12-02 04:35:19.573798+00:00,2022-12-02 04:35:19.573798+00:00
1598528078837268480,ukraine-de,True,True,False,False,False,False,False,False,False,False,2022-12-02 04:35:19.573673+00:00,2022-12-02 04:35:19.573673+00:00
1598528168922869760,ukraine-de,True,True,False,False,False,False,False,False,False,False,2022-12-02 04:35:19.573545+00:00,2022-12-02 04:35:19.573545+00:00
1598528276619821056,ukraine-de,True,True,False,False,False,False,False,False,False,False,2022-12-02 04:35:19.573426+00:00,2022-12-02 04:35:19.573426+00:00
1598528330889830400,ukraine-de,True,True,False,False,False,False,False,False,False,False,2022-12-02 04:35:19.573021+00:00,2022-12-02 04:35:19.573021+00:00
1598528563950620672,ukraine-de,True,True,False,False,False,False,False,False,False,False,2022-12-02 04:35:19.572884+00:00,2022-12-02 04:35:19.572884+00:00
1598528583416582146,ukraine-de,True,True,False,False,False,False,False,False,False,False,2022-12-02 04:35:19.572777+00:00,2022-12-02 04:35:19.572777+00:00
1598528621429379073,ukraine-de,True,True,False,False,False,False,False,False,False,False,2022-12-02 04:35:19.572671+00:00,2022-12-02 04:35:19.572671+00:00
1598528622725316609,ukraine-de,True,True,False,False,False,False,False,False,False,False,2022-12-02 04:35:19.572539+00:00,2022-12-02 04:35:19.572539+00:00
1598528751456997383,ukraine-de,True,True,False,False,False,False,False,False,False,False,2022-12-02 04:35:19.572404+00:00,2022-12-02 04:35:19.572404+00:00
1598528760210391042,ukraine-de,True,True,False,False,False,False,False,False,False,False,2022-12-02 04:35:19.571917+00:00,2022-12-02 04:35:19.571917+00:00
1598528898882338816,ukraine-de,True,True,False,False,False,False,False,False,False,False,2022-12-02 04:35:19.571769+00:00,2022-12-02 04:35:19.571769+00:00
1598528913537470464,ukraine-de,True,True,False,False,False,False,False,False,False,False,2022-12-02 04:35:19.571658+00:00,2022-12-02 04:35:19.571658+00:00
1598528918059102209,ukraine-de,True,True,False,False,False,False,False,False,False,False,2022-12-02 04:35:19.571495+00:00,2022-12-02 04:35:19.571495+00:00
1598528966628818945,ukraine-de,True,True,False,False,False,False,False,False,False,False,2022-12-02 04:35:19.571331+00:00,2022-12-02 04:35:19.571331+00:00
1598529065283117056,ukraine-de,True,True,False,False,False,False,False,False,False,False,2022-12-02 04:35:19.571230+00:00,2022-12-02 04:35:19.571230+00:00
1598529130517221378,ukraine-de,True,True,False,False,False,False,False,False,False,False,2022-12-02 04:35:19.571115+00:00,2022-12-02 04:35:19.571115+00:00
1598529167733448705,ukraine-de,True,True,False,False,False,False,False,False,False,False,2022-12-02 04:35:19.571012+00:00,2022-12-02 04:35:19.571012+00:00
1598529182211837953,ukraine-de,True,True,False,False,False,False,False,False,False,False,2022-12-02 04:35:19.570893+00:00,2022-12-02 04:35:19.570893+00:00
1598529228118573056,ukraine-de,True,True,False,False,False,False,False,False,False,False,2022-12-02 04:35:19.570784+00:00,2022-12-02 04:35:19.570784+00:00
1598529262453145602,ukraine-de,True,True,False,False,False,False,False,False,False,False,2022-12-02 04:35:19.570656+00:00,2022-12-02 04:35:19.570656+00:00
1598529331168481280,ukraine-de,True,True,False,False,False,False,False,False,False,False,2022-12-02 04:35:19.570261+00:00,2022-12-02 04:35:19.570261+00:00
1598529415251693569,ukraine-de,True,True,False,False,False,False,False,False,False,False,2022-12-02 04:35:19.570119+00:00,2022-12-02 04:35:19.570119+00:00
1598529441008963584,ukraine-de,True,True,False,False,False,False,False,False,False,False,2022-12-02 04:35:19.569935+00:00,2022-12-02 04:35:19.569935+00:00
1598529501595459585,ukraine-de,True,True,False,False,False,False,False,False,False,False,2022-12-02 04:35:19.569829+00:00,2022-12-02 04:35:19.569829+00:00
1598529585724940288,ukraine-de,True,True,False,False,False,False,False,False,False,False,2022-12-02 04:35:19.569643+00:00,2022-12-02 04:35:19.569643+00:00
1598529593828327425,ukraine-de,True,False,False,False,False,False,False,False,False,False,2022-12-02 10:30:17.969059+00:00,2022-12-02 10:30:17.969059+00:00
1598529640187977728,ukraine-de,True,False,False,False,False,False,False,False,False,False,2022-12-02 10:31:06.515537+00:00,2022-12-02 10:31:06.515537+00:00
1598529666536570883,ukraine-de,True,True,False,False,False,False,False,False,False,False,2022-12-02 04:35:19.569494+00:00,2022-12-02 04:35:19.569494+00:00
1598529666557542401,ukraine-de,True,True,False,False,False,False,False,False,False,False,2022-12-02 04:35:19.569310+00:00,2022-12-02 04:35:19.569310+00:00
1598529817925795847,ukraine-de,True,True,False,False,False,False,False,False,False,False,2022-12-02 04:35:19.569046+00:00,2022-12-02 04:35:19.569046+00:00
1598529875647860737,ukraine-de,True,True,False,False,False,False,False,False,False,False,2022-12-02 04:35:19.568944+00:00,2022-12-02 04:35:19.568944+00:00
1598529934233853955,ukraine-de,True,True,False,False,False,False,False,False,False,False,2022-12-02 04:35:19.568829+00:00,2022-12-02 04:35:19.568829+00:00
1598530016509366272,ukraine-de,True,True,False,False,False,False,False,False,False,False,2022-12-02 04:35:19.568703+00:00,2022-12-02 04:35:19.568703+00:00
1598530091880890368,ukraine-de,True,True,False,False,False,False,False,False,False,False,2022-12-02 04:35:19.568520+00:00,2022-12-02 04:35:19.568520+00:00
1598530099120324610,ukraine-de,True,True,False,False,False,False,False,False,False,False,2022-12-02 04:35:19.568333+00:00,2022-12-02 04:35:19.568333+00:00
1598530122675638276,ukraine-de,True,True,False,False,False,False,False,False,False,False,2022-12-02 04:35:19.568227+00:00,2022-12-02 04:35:19.568227+00:00
1598530326212616195,ukraine-de,True,True,False,False,False,False,False,False,False,False,2022-12-02 04:35:19.568066+00:00,2022-12-02 04:35:19.568066+00:00
1598530392935567360,ukraine-de,True,True,False,False,False,False,False,False,False,False,2022-12-02 04:35:19.567884+00:00,2022-12-02 04:35:19.567884+00:00
1598530422194978816,ukraine-de,True,True,False,False,False,False,False,False,False,False,2022-12-02 04:35:19.567768+00:00,2022-12-02 04:35:19.567768+00:00
1598530492843888643,ukraine-de,True,True,False,False,False,False,False,False,False,False,2022-12-02 04:35:19.567626+00:00,2022-12-02 04:35:19.567626+00:00
1598530548640763905,ukraine-de,True,True,False,False,False,False,False,False,False,False,2022-12-02 04:35:19.567460+00:00,2022-12-02 04:35:19.567460+00:00
1598530550515613696,ukraine-de,True,False,False,False,False,False,False,False,False,False,2022-12-02 10:31:39.223571+00:00,2022-12-02 10:31:39.223571+00:00
1598530621860618240,ukraine-de,True,True,False,False,False,False,False,False,False,False,2022-12-02 04:35:19.567343+00:00,2022-12-02 04:35:19.567343+00:00
1598530778140483585,ukraine-de,True,True,False,False,False,False,False,False,False,False,2022-12-02 04:35:19.566862+00:00,2022-12-02 04:35:19.566862+00:00
1598530842128568321,ukraine-de,True,True,False,False,False,False,False,False,False,False,2022-12-02 04:35:19.566756+00:00,2022-12-02 04:35:19.566756+00:00
1598530847371468802,ukraine-de,True,True,False,False,False,False,False,False,False,False,2022-12-02 04:35:19.566567+00:00,2022-12-02 04:35:19.566567+00:00
1598530888505036800,ukraine-de,True,True,False,False,False,False,False,False,False,False,2022-12-02 04:35:19.566446+00:00,2022-12-02 04:35:19.566446+00:00
1598530892028313600,ukraine-de,True,True,False,False,False,False,False,False,False,False,2022-12-02 04:35:19.566322+00:00,2022-12-02 04:35:19.566322+00:00
1598531102452453376,ukraine-de,True,True,False,False,False,False,False,False,False,False,2022-12-02 04:35:19.566127+00:00,2022-12-02 04:35:19.566127+00:00
1598531108395798528,ukraine-de,True,True,False,False,False,False,False,False,False,False,2022-12-02 04:35:19.565569+00:00,2022-12-02 04:35:19.565569+00:00
1598531135587459072,ukraine-de,True,True,False,False,False,False,False,False,False,False,2022-12-02 04:35:19.565442+00:00,2022-12-02 04:35:19.565442+00:00
1598531137944621056,ukraine-de,True,True,False,False,False,False,False,False,False,False,2022-12-02 04:35:19.565338+00:00,2022-12-02 04:35:19.565338+00:00
1598531227438424064,ukraine-de,True,True,False,False,False,False,False,False,False,False,2022-12-02 04:35:19.565230+00:00,2022-12-02 04:35:19.565230+00:00
1598531264033820674,ukraine-de,True,True,False,False,False,False,False,False,False,False,2022-12-02 04:35:19.565107+00:00,2022-12-02 04:35:19.565107+00:00
1598531339640348672,ukraine-de,True,True,False,False,False,False,False,False,False,False,2022-12-02 04:35:19.564396+00:00,2022-12-02 04:35:19.564396+00:00
1598531378458628098,ukraine-de,True,True,False,False,False,False,False,False,False,False,2022-12-02 04:35:19.564155+00:00,2022-12-02 04:35:19.564155+00:00
1598531418220646404,ukraine-de,True,True,False,False,False,False,False,False,False,False,2022-12-02 04:35:19.563991+00:00,2022-12-02 04:35:19.563991+00:00
1598531466874470400,ukraine-de,True,True,False,False,False,False,False,False,False,False,2022-12-02 04:35:19.563879+00:00,2022-12-02 04:35:19.563879+00:00
1598531477511307264,ukraine-de,True,True,False,False,False,False,False,False,False,False,2022-12-02 04:35:19.563708+00:00,2022-12-02 04:35:19.563708+00:00
1598531490114981889,ukraine-de,True,True,False,False,False,False,False,False,False,False,2022-12-02 04:35:19.563573+00:00,2022-12-02 04:35:19.563573+00:00
1598531657752989697,ukraine-de,True,True,False,False,False,False,False,False,False,False,2022-12-02 04:35:19.563451+00:00,2022-12-02 04:35:19.563451+00:00
1598531681946066945,ukraine-de,True,True,False,False,False,False,False,False,False,False,2022-12-02 04:35:19.563165+00:00,2022-12-02 04:35:19.563165+00:00
1598531694180663296,ukraine-de,True,True,False,False,False,False,False,False,False,False,2022-12-02 04:35:19.563040+00:00,2022-12-02 04:35:19.563040+00:00
1598531773549486080,ukraine-de,True,True,False,False,False,False,False,False,False,False,2022-12-02 04:35:19.562919+00:00,2022-12-02 04:35:19.562919+00:00
1598531804616708098,ukraine-de,True,True,False,False,False,False,False,False,False,False,2022-12-02 04:35:19.562819+00:00,2022-12-02 04:35:19.562819+00:00
1598531962691633152,ukraine-de,True,True,False,False,False,False,False,False,False,False,2022-12-02 04:35:19.562717+00:00,2022-12-02 04:35:19.562717+00:00
1598531976117604353,ukraine-de,True,True,False,False,False,False,False,False,False,False,2022-12-02 04:35:19.562566+00:00,2022-12-02 04:35:19.562566+00:00
1598532352560750592,ukraine-de,True,True,False,False,False,False,False,False,False,False,2022-12-02 04:35:19.562464+00:00,2022-12-02 04:35:19.562464+00:00
1598532659206045697,ukraine-de,True,True,False,False,False,False,False,False,False,False,2022-12-02 04:35:19.562338+00:00,2022-12-02 04:35:19.562338+00:00
1598532746900545537,ukraine-de,True,True,False,False,False,False,False,False,False,False,2022-12-02 04:35:19.562220+00:00,2022-12-02 04:35:19.562220+00:00
1598532815330607106,ukraine-de,True,True,False,False,False,False,False,False,False,False,2022-12-02 04:35:19.562041+00:00,2022-12-02 04:35:19.562041+00:00
1598532927885045763,ukraine-de,True,False,False,False,False,False,False,False,False,False,2022-12-02 07:30:28.875180+00:00,2022-12-02 07:30:28.875180+00:00
1598533059506216960,ukraine-de,True,True,False,False,False,False,False,False,False,False,2022-12-02 04:35:19.561922+00:00,2022-12-02 04:35:19.561922+00:00
1598533062878531585,ukraine-de,True,False,False,False,False,False,False,False,False,False,2022-12-02 07:31:57.389477+00:00,2022-12-02 07:31:57.389477+00:00
1598533121607172103,ukraine-de,True,True,False,False,False,False,False,False,False,False,2022-12-02 04:35:19.561794+00:00,2022-12-02 04:35:19.561794+00:00
1598533203098222592,ukraine-de,True,True,False,False,False,False,False,False,False,False,2022-12-02 04:35:19.561538+00:00,2022-12-02 04:35:19.561538+00:00
1598533664538853377,ukraine-de,True,True,False,False,False,False,False,False,False,False,2022-12-02 04:35:19.561423+00:00,2022-12-02 04:35:19.561423+00:00
1598533683543265280,ukraine-de,True,False,False,False,False,False,False,False,False,False,2022-12-02 07:32:04.119167+00:00,2022-12-02 07:32:04.119167+00:00
1598533784919576576,ukraine-de,True,True,False,False,False,False,False,False,False,False,2022-12-02 04:35:19.561324+00:00,2022-12-02 04:35:19.561324+00:00
1598533828343111680,ukraine-de,True,False,False,False,False,False,False,False,False,False,2022-12-02 19:51:08.473945+00:00,2022-12-02 19:51:08.473945+00:00
1598534025618006018,ukraine-de,True,True,False,False,False,False,False,False,False,False,2022-12-02 04:35:19.561224+00:00,2022-12-02 04:35:19.561224+00:00
1598534069591150592,ukraine-de,True,True,False,False,False,False,False,False,False,False,2022-12-02 04:35:19.561123+00:00,2022-12-02 04:35:19.561123+00:00
1598534076616642563,ukraine-de,True,True,False,False,False,False,False,False,False,False,2022-12-02 04:35:19.561020+00:00,2022-12-02 04:35:19.561020+00:00
1598534246783672326,ukraine-de,True,True,False,False,False,False,False,False,False,False,2022-12-02 04:35:19.560916+00:00,2022-12-02 04:35:19.560916+00:00
1598534263015878656,ukraine-de,True,False,False,False,False,False,False,False,False,False,2022-12-02 10:30:18.002105+00:00,2022-12-02 10:30:18.002105+00:00
1598534433472188416,ukraine-de,True,True,False,False,False,False,False,False,False,False,2022-12-02 04:35:19.560808+00:00,2022-12-02 04:35:19.560808+00:00
1598534567375343616,ukraine-de,True,True,False,False,False,False,False,False,False,False,2022-12-02 04:35:19.560644+00:00,2022-12-02 04:35:19.560644+00:00
1598534604574654464,ukraine-de,True,True,False,False,False,False,False,False,False,False,2022-12-02 04:35:19.560309+00:00,2022-12-02 04:35:19.560309+00:00
1598534606541799426,ukraine-de,True,True,False,False,False,False,False,False,False,False,2022-12-02 04:35:19.560172+00:00,2022-12-02 04:35:19.560172+00:00
1598534803653099522,ukraine-de,True,True,False,False,False,False,False,False,False,False,2022-12-02 04:35:19.559963+00:00,2022-12-02 04:35:19.559963+00:00
1598534851430416384,ukraine-de,True,True,False,False,False,False,False,False,False,False,2022-12-02 04:35:19.559802+00:00,2022-12-02 04:35:19.559802+00:00
1598534867523981314,ukraine-de,True,True,False,False,False,False,False,False,False,False,2022-12-02 04:35:19.559442+00:00,2022-12-02 04:35:19.559442+00:00
1598534915959787520,ukraine-de,True,True,False,False,False,False,False,False,False,False,2022-12-02 04:35:19.559282+00:00,2022-12-02 04:35:19.559282+00:00
1598534933080932353,ukraine-de,True,True,False,False,False,False,False,False,False,False,2022-12-02 04:35:19.559104+00:00,2022-12-02 04:35:19.559104+00:00
1598534982519074817,ukraine-de,True,True,False,False,False,False,False,False,False,False,2022-12-02 04:35:19.558889+00:00,2022-12-02 04:35:19.558889+00:00
1598534991645970434,ukraine-de,True,True,False,False,False,False,False,False,False,False,2022-12-02 04:35:19.558211+00:00,2022-12-02 04:35:19.558211+00:00
1598535089066999808,ukraine-de,True,True,False,False,False,False,False,False,False,False,2022-12-02 04:35:19.557932+00:00,2022-12-02 04:35:19.557932+00:00
1598535152220577792,ukraine-de,True,True,False,False,False,False,False,False,False,False,2022-12-02 04:35:19.557477+00:00,2022-12-02 04:35:19.557477+00:00
1598535432391868418,ukraine-de,True,True,False,False,False,False,False,False,False,False,2022-12-02 04:35:19.557308+00:00,2022-12-02 04:35:19.557308+00:00
1598535642941628418,ukraine-de,True,True,False,False,False,False,False,False,False,False,2022-12-02 04:35:19.557208+00:00,2022-12-02 04:35:19.557208+00:00
1598535698994315267,ukraine-de,True,True,False,False,False,False,False,False,False,False,2022-12-02 04:35:19.557106+00:00,2022-12-02 04:35:19.557106+00:00
1598535722524295170,ukraine-de,True,True,False,False,False,False,False,False,False,False,2022-12-02 04:35:19.556998+00:00,2022-12-02 04:35:19.556998+00:00
1598535786814652417,ukraine-de,True,True,False,False,False,False,False,False,False,False,2022-12-02 04:35:19.556810+00:00,2022-12-02 04:35:19.556810+00:00
1598535832402542592,ukraine-de,True,False,False,False,False,False,False,False,False,False,2022-12-02 10:31:14.321661+00:00,2022-12-02 10:31:14.321661+00:00
1598535918561927173,ukraine-de,True,True,False,False,False,False,False,False,False,False,2022-12-02 04:35:19.556663+00:00,2022-12-02 04:35:19.556663+00:00
1598535987776274432,ukraine-de,True,True,False,False,False,False,False,False,False,False,2022-12-02 04:35:19.556563+00:00,2022-12-02 04:35:19.556563+00:00
1598535997494595585,ukraine-de,True,True,False,False,False,False,False,False,False,False,2022-12-02 04:35:19.556461+00:00,2022-12-02 04:35:19.556461+00:00
1598536026833690627,ukraine-de,True,False,False,False,False,False,False,False,False,False,2022-12-02 07:30:28.851213+00:00,2022-12-02 07:30:28.851213+00:00
1598536030898069504,ukraine-de,True,True,False,False,False,False,False,False,False,False,2022-12-02 04:35:19.556354+00:00,2022-12-02 04:35:19.556354+00:00
1598536069040943106,ukraine-de,True,True,False,False,False,False,False,False,False,False,2022-12-02 04:35:19.556219+00:00,2022-12-02 04:35:19.556219+00:00
1598536148598624257,ukraine-de,True,True,False,False,False,False,False,False,False,False,2022-12-02 04:35:19.556101+00:00,2022-12-02 04:35:19.556101+00:00
1598536155682570240,ukraine-de,True,True,False,False,False,False,False,False,False,False,2022-12-02 04:35:19.555881+00:00,2022-12-02 04:35:19.555881+00:00
1598536201060831232,ukraine-de,True,True,False,False,False,False,False,False,False,False,2022-12-02 04:35:19.555501+00:00,2022-12-02 07:32:04.103082+00:00
1598536303271870465,ukraine-de,True,True,False,False,False,False,False,False,False,False,2022-12-02 07:32:04.102978+00:00,2022-12-02 07:32:04.102978+00:00
1598536543186161667,ukraine-de,True,True,False,False,False,False,False,False,False,False,2022-12-02 07:32:04.102862+00:00,2022-12-02 07:32:04.102862+00:00
1598536593085960193,ukraine-de,True,True,False,False,False,False,False,False,False,False,2022-12-02 07:32:04.102761+00:00,2022-12-02 07:32:04.102761+00:00
1598536634752012289,ukraine-de,True,True,False,False,False,False,False,False,False,False,2022-12-02 07:32:04.102659+00:00,2022-12-02 07:32:04.102659+00:00
1598536684748029953,ukraine-de,True,True,False,False,False,False,False,False,False,False,2022-12-02 07:32:04.102550+00:00,2022-12-02 07:32:04.102550+00:00
1598536842969767936,ukraine-de,True,True,False,False,False,False,False,False,False,False,2022-12-02 07:32:04.102362+00:00,2022-12-02 07:32:04.102362+00:00
1598536850330861570,ukraine-de,True,False,False,False,False,False,False,False,False,False,2022-12-02 19:51:41.487767+00:00,2022-12-02 19:51:41.487767+00:00
1598536854537641986,ukraine-de,True,True,False,False,False,False,False,False,False,False,2022-12-02 07:32:04.102259+00:00,2022-12-02 07:32:04.102259+00:00
1598536949513433089,ukraine-de,True,True,False,False,False,False,False,False,False,False,2022-12-02 07:32:04.102144+00:00,2022-12-02 07:32:04.102144+00:00
1598536972103917569,ukraine-de,True,True,False,False,False,False,False,False,False,False,2022-12-02 07:32:04.102041+00:00,2022-12-02 07:32:04.102041+00:00
1598537067931238400,ukraine-de,True,False,False,False,False,False,False,False,False,False,2022-12-02 10:31:14.315476+00:00,2022-12-02 10:31:14.315476+00:00
1598537200286994435,ukraine-de,True,True,False,False,False,False,False,False,False,False,2022-12-02 07:32:04.101925+00:00,2022-12-02 07:32:04.101925+00:00
1598537437688496130,ukraine-de,True,True,False,False,False,False,False,False,False,False,2022-12-02 07:32:04.101806+00:00,2022-12-02 07:32:04.101806+00:00
1598537527299915779,ukraine-de,True,True,False,False,False,False,False,False,False,False,2022-12-02 07:32:04.101703+00:00,2022-12-02 07:32:04.101703+00:00
1598537545310212096,ukraine-de,True,True,False,False,False,False,False,False,False,False,2022-12-02 07:32:04.101575+00:00,2022-12-02 07:32:04.101575+00:00
1598537575827996676,ukraine-de,True,True,False,False,False,False,False,False,False,False,2022-12-02 07:32:04.101456+00:00,2022-12-02 07:32:04.101456+00:00
1598537636108505089,ukraine-de,True,True,False,False,False,False,False,False,False,False,2022-12-02 07:32:04.101308+00:00,2022-12-02 07:32:04.101308+00:00
1598538027244179456,ukraine-de,True,True,False,False,False,False,False,False,False,False,2022-12-02 07:32:04.101189+00:00,2022-12-02 07:32:04.101189+00:00
1598538291615305728,ukraine-de,True,True,False,False,False,False,False,False,False,False,2022-12-02 07:32:04.101088+00:00,2022-12-02 07:32:04.101088+00:00
1598538367838429186,ukraine-de,True,True,False,False,False,False,False,False,False,False,2022-12-02 07:32:04.100967+00:00,2022-12-02 07:32:04.100967+00:00
1598538488416063488,ukraine-de,True,True,False,False,False,False,False,False,False,False,2022-12-02 07:32:04.100866+00:00,2022-12-02 07:32:04.100866+00:00
1598538523405176832,ukraine-de,True,True,False,False,False,False,False,False,False,False,2022-12-02 07:32:04.100766+00:00,2022-12-02 07:32:04.100766+00:00
1598538597044432897,ukraine-de,True,True,False,False,False,False,False,False,False,False,2022-12-02 07:32:04.100658+00:00,2022-12-02 07:32:04.100658+00:00
1598538679978496001,ukraine-de,True,True,False,False,False,False,False,False,False,False,2022-12-02 07:32:04.100555+00:00,2022-12-02 07:32:04.100555+00:00
1598538836333809665,ukraine-de,True,True,False,False,False,False,False,False,False,False,2022-12-02 07:32:04.100386+00:00,2022-12-02 07:32:04.100386+00:00
1598539031167516678,ukraine-de,True,True,False,False,False,False,False,False,False,False,2022-12-02 07:32:04.100288+00:00,2022-12-02 07:32:04.100288+00:00
1598539086691987456,ukraine-de,True,True,False,False,False,False,False,False,False,False,2022-12-02 07:32:04.100186+00:00,2022-12-02 07:32:04.100186+00:00
1598539103091425281,ukraine-de,True,False,False,False,False,False,False,False,False,False,2022-12-02 10:31:14.314561+00:00,2022-12-02 10:31:14.314561+00:00
1598539209513480192,ukraine-de,True,True,False,False,False,False,False,False,False,False,2022-12-02 07:32:04.100082+00:00,2022-12-02 07:32:04.100082+00:00
1598539229130330116,ukraine-de,True,True,False,False,False,False,False,False,False,False,2022-12-02 07:32:04.099965+00:00,2022-12-02 07:32:04.099965+00:00
1598539250282233858,ukraine-de,True,True,False,False,False,False,False,False,False,False,2022-12-02 07:32:04.099865+00:00,2022-12-02 07:32:04.099865+00:00
1598539320503173120,ukraine-de,True,True,False,False,False,False,False,False,False,False,2022-12-02 07:32:04.099764+00:00,2022-12-02 07:32:04.099764+00:00
1598539521812996096,ukraine-de,True,False,False,False,False,False,False,False,False,False,2022-12-02 10:30:26.779516+00:00,2022-12-02 10:30:26.779516+00:00
1598539591606116352,ukraine-de,True,False,False,False,False,False,False,False,False,False,2022-12-02 07:32:04.117336+00:00,2022-12-02 07:32:04.117336+00:00
1598539863892033536,ukraine-de,True,True,False,False,False,False,False,False,False,False,2022-12-02 07:32:04.099663+00:00,2022-12-02 07:32:04.099663+00:00
1598540020696027136,ukraine-de,True,True,False,False,False,False,False,False,False,False,2022-12-02 07:32:04.099558+00:00,2022-12-02 07:32:04.099558+00:00
1598540122508492800,ukraine-de,True,True,False,False,False,False,False,False,False,False,2022-12-02 07:32:04.099394+00:00,2022-12-02 07:32:04.099394+00:00
1598540155308199936,ukraine-de,True,True,False,False,False,False,False,False,False,False,2022-12-02 07:31:57.373284+00:00,2022-12-02 07:32:04.099273+00:00
1598540183024156673,ukraine-de,True,True,False,False,False,False,False,False,False,False,2022-12-02 07:31:57.380362+00:00,2022-12-02 07:32:04.099078+00:00
1598540297495105541,ukraine-de,True,True,False,False,False,False,False,False,False,False,2022-12-02 07:32:04.098969+00:00,2022-12-02 07:32:04.098969+00:00
1598540302855421953,ukraine-de,True,True,False,False,False,False,False,False,False,False,2022-12-02 07:32:04.098868+00:00,2022-12-02 07:32:04.098868+00:00
1598540464491151360,ukraine-de,True,True,False,False,False,False,False,False,False,False,2022-12-02 07:32:04.098757+00:00,2022-12-02 07:32:04.098757+00:00
1598540564110004224,ukraine-de,True,True,False,False,False,False,False,False,False,False,2022-12-02 07:32:04.098653+00:00,2022-12-02 07:32:04.098653+00:00
1598540600499847169,ukraine-de,True,True,False,False,False,False,False,False,False,False,2022-12-02 07:32:04.098513+00:00,2022-12-02 07:32:04.098513+00:00
1598540619483418625,ukraine-de,True,True,False,False,False,False,False,False,False,False,2022-12-02 07:32:04.098322+00:00,2022-12-02 07:32:04.098322+00:00
1598540651452407809,ukraine-de,True,True,False,False,False,False,False,False,False,False,2022-12-02 07:32:04.098088+00:00,2022-12-02 07:32:04.098088+00:00
1598541054361346049,ukraine-de,True,True,False,False,False,False,False,False,False,False,2022-12-02 07:32:04.097989+00:00,2022-12-02 07:32:04.097989+00:00
1598541191544455169,ukraine-de,True,True,False,False,False,False,False,False,False,False,2022-12-02 07:32:04.097889+00:00,2022-12-02 07:32:04.097889+00:00
1598541222313951233,ukraine-de,True,True,False,False,False,False,False,False,False,False,2022-12-02 07:32:04.097786+00:00,2022-12-02 07:32:04.097786+00:00
1598541260717162497,ukraine-de,True,True,False,False,False,False,False,False,False,False,2022-12-02 07:32:04.097678+00:00,2022-12-02 07:32:04.097678+00:00
1598541276047024129,ukraine-de,True,False,False,False,False,False,False,False,False,False,2022-12-02 07:32:04.117236+00:00,2022-12-02 07:32:04.117236+00:00
1598541295487705088,ukraine-de,True,True,False,False,False,False,False,False,False,False,2022-12-02 07:32:04.097385+00:00,2022-12-02 07:32:04.097385+00:00
1598541305881059330,ukraine-de,True,True,False,False,False,False,False,False,False,False,2022-12-02 07:32:04.097283+00:00,2022-12-02 07:32:04.097283+00:00
1598541375129231360,ukraine-de,True,True,False,False,False,False,False,False,False,False,2022-12-02 07:32:04.097182+00:00,2022-12-02 07:32:04.097182+00:00
1598541478678216705,ukraine-de,True,True,False,False,False,False,False,False,False,False,2022-12-02 07:32:04.097079+00:00,2022-12-02 07:32:04.097079+00:00
1598541522164645888,ukraine-de,True,True,False,False,False,False,False,False,False,False,2022-12-02 07:32:04.096909+00:00,2022-12-02 07:32:04.096909+00:00
1598541565181427713,ukraine-de,True,True,False,False,False,False,False,False,False,False,2022-12-02 07:32:04.096791+00:00,2022-12-02 07:32:04.096791+00:00
1598541704495341569,ukraine-de,True,True,False,False,False,False,False,False,False,False,2022-12-02 07:32:04.096681+00:00,2022-12-02 07:32:04.096681+00:00
1598541771709071360,ukraine-de,True,False,False,False,False,False,False,False,False,False,2022-12-02 15:04:30.425074+00:00,2022-12-02 15:04:30.425074+00:00
1598541779380441088,ukraine-de,True,True,False,False,False,False,False,False,False,False,2022-12-02 07:32:04.096580+00:00,2022-12-02 07:32:04.096580+00:00
1598541842504630272,ukraine-de,True,True,False,False,False,False,False,False,False,False,2022-12-02 07:32:04.096461+00:00,2022-12-02 07:32:04.096461+00:00
1598541993801564162,ukraine-de,True,True,False,False,False,False,False,False,False,False,2022-12-02 07:32:04.096311+00:00,2022-12-02 07:32:04.096311+00:00
1598542165361074176,ukraine-de,True,True,False,False,False,False,False,False,False,False,2022-12-02 07:32:04.096211+00:00,2022-12-02 07:32:04.096211+00:00
1598542208130506754,ukraine-de,True,True,False,False,False,False,False,False,False,False,2022-12-02 07:32:04.096110+00:00,2022-12-02 07:32:04.096110+00:00
1598542448799744001,ukraine-de,True,True,False,False,False,False,False,False,False,False,2022-12-02 07:32:04.095999+00:00,2022-12-02 07:32:04.095999+00:00
1598542497038442498,ukraine-de,True,True,False,False,False,False,False,False,False,False,2022-12-02 07:32:04.095898+00:00,2022-12-02 07:32:04.095898+00:00
1598542543511248899,ukraine-de,True,True,False,False,False,False,False,False,False,False,2022-12-02 07:32:04.095798+00:00,2022-12-02 07:32:04.095798+00:00
1598542578546352130,ukraine-de,True,True,False,False,False,False,False,False,False,False,2022-12-02 07:32:04.095696+00:00,2022-12-02 07:32:04.095696+00:00
1598542599274614785,ukraine-de,True,True,False,False,False,False,False,False,False,False,2022-12-02 07:32:04.095574+00:00,2022-12-02 07:32:04.095574+00:00
1598542629989363714,ukraine-de,True,True,False,False,False,False,False,False,False,False,2022-12-02 07:32:04.095392+00:00,2022-12-02 07:32:04.095392+00:00
1598542634158637057,ukraine-de,True,True,False,False,False,False,False,False,False,False,2022-12-02 07:32:04.095289+00:00,2022-12-02 07:32:04.095289+00:00
1598542706829139968,ukraine-de,True,True,False,False,False,False,False,False,False,False,2022-12-02 07:32:04.095176+00:00,2022-12-02 07:32:04.095176+00:00
1598542750831579137,ukraine-de,True,False,False,False,False,False,False,False,False,False,2022-12-02 10:30:17.969410+00:00,2022-12-02 10:30:17.969410+00:00
1598542781802323978,ukraine-de,True,True,False,False,False,False,False,False,False,False,2022-12-02 07:32:04.095015+00:00,2022-12-02 07:32:04.095015+00:00
1598542784721559553,ukraine-de,True,True,False,False,False,False,False,False,False,False,2022-12-02 07:32:04.094901+00:00,2022-12-02 07:32:04.094901+00:00
1598542791763705856,ukraine-de,True,True,False,False,False,False,False,False,False,False,2022-12-02 07:32:04.094791+00:00,2022-12-02 07:32:04.094791+00:00
1598542795655958531,ukraine-de,True,True,False,False,False,False,False,False,False,False,2022-12-02 07:32:04.094677+00:00,2022-12-02 07:32:04.094677+00:00
1598542799955165184,ukraine-de,True,True,False,False,False,False,False,False,False,False,2022-12-02 07:32:04.094553+00:00,2022-12-02 07:32:04.094553+00:00
1598542849569685508,ukraine-de,True,True,False,False,False,False,False,False,False,False,2022-12-02 07:32:04.094384+00:00,2022-12-02 07:32:04.094384+00:00
1598542858797072384,ukraine-de,True,True,False,False,False,False,False,False,False,False,2022-12-02 07:32:04.094285+00:00,2022-12-02 07:32:04.094285+00:00
1598543069414047745,ukraine-de,True,True,False,False,False,False,False,False,False,False,2022-12-02 07:32:04.094183+00:00,2022-12-02 07:32:04.094183+00:00
1598543092952567808,ukraine-de,True,True,False,False,False,False,False,False,False,False,2022-12-02 07:32:04.094083+00:00,2022-12-02 07:32:04.094083+00:00
1598543211278077952,ukraine-de,True,True,False,False,False,False,False,False,False,False,2022-12-02 07:32:04.093982+00:00,2022-12-02 07:32:04.093982+00:00
1598543317314174976,ukraine-de,True,True,False,False,False,False,False,False,False,False,2022-12-02 07:32:04.093880+00:00,2022-12-02 07:32:04.093880+00:00
1598543391175893000,ukraine-de,True,True,False,False,False,False,False,False,False,False,2022-12-02 07:32:04.093760+00:00,2022-12-02 07:32:04.093760+00:00
1598543522344345600,ukraine-de,True,True,False,False,False,False,False,False,False,False,2022-12-02 07:32:04.093658+00:00,2022-12-02 07:32:04.093658+00:00
1598543534067425281,ukraine-de,True,True,False,False,False,False,False,False,False,False,2022-12-02 07:32:04.093528+00:00,2022-12-02 07:32:04.093528+00:00
1598543757154127872,ukraine-de,True,True,False,False,False,False,False,False,False,False,2022-12-02 07:32:04.093358+00:00,2022-12-02 07:32:04.093358+00:00
1598543811898138624,ukraine-de,True,True,False,False,False,False,False,False,False,False,2022-12-02 07:32:04.093256+00:00,2022-12-02 07:32:04.093256+00:00
1598543826490114048,ukraine-de,True,True,False,False,False,False,False,False,False,False,2022-12-02 07:32:04.093138+00:00,2022-12-02 07:32:04.093138+00:00
1598543968362299392,ukraine-de,True,True,False,False,False,False,False,False,False,False,2022-12-02 07:32:04.093032+00:00,2022-12-02 07:32:04.093032+00:00
1598544094678159363,ukraine-de,True,True,False,False,False,False,False,False,False,False,2022-12-02 07:32:04.092857+00:00,2022-12-02 07:32:04.092857+00:00
1598544111962714112,ukraine-de,True,True,False,False,False,False,False,False,False,False,2022-12-02 07:32:04.092734+00:00,2022-12-02 07:32:04.092734+00:00
1598544114316111872,ukraine-de,True,False,False,False,False,False,False,False,False,False,2022-12-02 10:31:06.515008+00:00,2022-12-02 10:31:06.515008+00:00
1598544168976109568,ukraine-de,True,True,False,False,False,False,False,False,False,False,2022-12-02 07:32:04.092607+00:00,2022-12-02 07:32:04.092607+00:00
1598544423779848192,ukraine-de,True,True,False,False,False,False,False,False,False,False,2022-12-02 07:32:04.092496+00:00,2022-12-02 07:32:04.092496+00:00
1598544515282964480,ukraine-de,True,True,False,False,False,False,False,False,False,False,2022-12-02 07:32:04.092338+00:00,2022-12-02 07:32:04.092338+00:00
1598544597382156288,ukraine-de,True,True,False,False,False,False,False,False,False,False,2022-12-02 07:32:04.092238+00:00,2022-12-02 07:32:04.092238+00:00
1598544893772980225,ukraine-de,True,True,False,False,False,False,False,False,False,False,2022-12-02 07:32:04.092140+00:00,2022-12-02 07:32:04.092140+00:00
1598544896473718784,ukraine-de,True,True,False,False,False,False,False,False,False,False,2022-12-02 07:32:04.092040+00:00,2022-12-02 07:32:04.092040+00:00
1598544982310363136,ukraine-de,True,True,False,False,False,False,False,False,False,False,2022-12-02 07:32:04.091939+00:00,2022-12-02 07:32:04.091939+00:00
1598545026077843456,ukraine-de,True,False,False,False,False,False,False,False,False,False,2022-12-02 19:51:41.471141+00:00,2022-12-02 19:51:41.471141+00:00
1598545089088962561,ukraine-de,True,True,False,False,False,False,False,False,False,False,2022-12-02 07:32:04.091836+00:00,2022-12-02 07:32:04.091836+00:00
1598545089948696576,ukraine-de,True,True,False,False,False,False,False,False,False,False,2022-12-02 07:30:28.874644+00:00,2022-12-02 07:32:04.091718+00:00
1598545114464493573,ukraine-de,True,False,False,False,False,False,False,False,False,False,2022-12-02 07:32:04.106670+00:00,2022-12-02 07:32:04.106670+00:00
1598545170907144192,ukraine-de,True,True,False,False,False,False,False,False,False,False,2022-12-02 07:32:04.091596+00:00,2022-12-02 07:32:04.091596+00:00
1598545190829969409,ukraine-de,True,True,False,False,False,False,False,False,False,False,2022-12-02 07:32:04.091483+00:00,2022-12-02 07:32:04.091483+00:00
1598545387240955904,ukraine-de,True,True,False,False,False,False,False,False,False,False,2022-12-02 07:32:04.091323+00:00,2022-12-02 07:32:04.091323+00:00
1598545391271673856,ukraine-de,True,True,False,False,False,False,False,False,False,False,2022-12-02 07:32:04.091193+00:00,2022-12-02 07:32:04.091193+00:00
1598545559681437696,ukraine-de,True,True,False,False,False,False,False,False,False,False,2022-12-02 07:32:04.091026+00:00,2022-12-02 07:32:04.091026+00:00
1598545630598762497,ukraine-de,True,True,False,False,False,False,False,False,False,False,2022-12-02 07:32:04.090925+00:00,2022-12-02 07:32:04.090925+00:00
1598545642120519680,ukraine-de,True,True,False,False,False,False,False,False,False,False,2022-12-02 07:32:04.090810+00:00,2022-12-02 07:32:04.090810+00:00
1598545650542583810,ukraine-de,True,True,False,False,False,False,False,False,False,False,2022-12-02 07:32:04.090708+00:00,2022-12-02 07:32:04.090708+00:00
1598545703080542208,ukraine-de,True,True,False,False,False,False,False,False,False,False,2022-12-02 07:32:04.090603+00:00,2022-12-02 07:32:04.090603+00:00
1598545845183516672,ukraine-de,True,True,False,False,False,False,False,False,False,False,2022-12-02 07:32:04.090466+00:00,2022-12-02 07:32:04.090466+00:00
1598545900019777536,ukraine-de,True,False,False,False,False,False,False,False,False,False,2022-12-02 07:31:57.369662+00:00,2022-12-02 07:31:57.369662+00:00
1598546088276942849,ukraine-de,True,True,False,False,False,False,False,False,False,False,2022-12-02 07:32:04.090295+00:00,2022-12-02 07:32:04.090295+00:00
1598546168576876544,ukraine-de,True,False,False,False,False,False,False,False,False,False,2022-12-02 07:31:57.384939+00:00,2022-12-02 07:31:57.384939+00:00
1598546206401101824,ukraine-de,True,True,False,False,False,False,False,False,False,False,2022-12-02 07:32:04.090192+00:00,2022-12-02 07:32:04.090192+00:00
1598546250239946754,ukraine-de,True,True,False,False,False,False,False,False,False,False,2022-12-02 07:32:04.090087+00:00,2022-12-02 07:32:04.090087+00:00
1598546330418225154,ukraine-de,True,False,False,False,False,False,False,False,False,False,2022-12-02 15:04:13.019926+00:00,2022-12-02 15:04:13.019926+00:00
1598546336391069701,ukraine-de,True,False,False,False,False,False,False,False,False,False,2022-12-02 19:50:59.797028+00:00,2022-12-02 19:50:59.797028+00:00
1598546355756175362,ukraine-de,True,True,False,False,False,False,False,False,False,False,2022-12-02 07:32:04.089983+00:00,2022-12-02 07:32:04.089983+00:00
1598546410328170496,ukraine-de,True,True,False,False,False,False,False,False,False,False,2022-12-02 07:32:04.089857+00:00,2022-12-02 07:32:04.089857+00:00
1598546597054398465,ukraine-de,True,True,False,False,False,False,False,False,False,False,2022-12-02 07:32:04.089649+00:00,2022-12-02 07:32:04.089649+00:00
1598546697038299140,ukraine-de,True,True,False,False,False,False,False,False,False,False,2022-12-02 07:32:04.089484+00:00,2022-12-02 07:32:04.089484+00:00
1598546727782465536,ukraine-de,True,True,False,False,False,False,False,False,False,False,2022-12-02 07:32:04.089298+00:00,2022-12-02 07:32:04.089298+00:00
1598546890148093953,ukraine-de,True,True,False,False,False,False,False,False,False,False,2022-12-02 07:32:04.089194+00:00,2022-12-02 07:32:04.089194+00:00
1598546991457267712,ukraine-de,True,True,False,False,False,False,False,False,False,False,2022-12-02 07:32:04.089092+00:00,2022-12-02 07:32:04.089092+00:00
1598547070180130816,ukraine-de,True,True,False,False,False,False,False,False,False,False,2022-12-02 07:32:04.088984+00:00,2022-12-02 07:32:04.088984+00:00
1598547142204866560,ukraine-de,True,True,False,False,False,False,False,False,False,False,2022-12-02 07:32:04.088839+00:00,2022-12-02 07:32:04.088839+00:00
1598547192452886528,ukraine-de,True,True,False,False,False,False,False,False,False,False,2022-12-02 07:32:04.088735+00:00,2022-12-02 07:32:04.088735+00:00
1598547217073156096,ukraine-de,True,True,False,False,False,False,False,False,False,False,2022-12-02 07:32:04.088618+00:00,2022-12-02 07:32:04.088618+00:00
1598547258332663809,ukraine-de,True,True,False,False,False,False,False,False,False,False,2022-12-02 07:32:04.088504+00:00,2022-12-02 07:32:04.088504+00:00
1598547268147216386,ukraine-de,True,True,False,False,False,False,False,False,False,False,2022-12-02 07:32:04.088335+00:00,2022-12-02 07:32:04.088335+00:00
1598547273839005697,ukraine-de,True,True,False,False,False,False,False,False,False,False,2022-12-02 07:32:04.088230+00:00,2022-12-02 07:32:04.088230+00:00
1598547288112119810,ukraine-de,True,True,False,False,False,False,False,False,False,False,2022-12-02 07:32:04.088113+00:00,2022-12-02 07:32:04.088113+00:00
1598547297410977792,ukraine-de,True,True,False,False,False,False,False,False,False,False,2022-12-02 07:32:04.088009+00:00,2022-12-02 07:32:04.088009+00:00
1598547350351671296,ukraine-de,True,True,False,False,False,False,False,False,False,False,2022-12-02 07:32:04.087907+00:00,2022-12-02 07:32:04.087907+00:00
1598547351047634945,ukraine-de,True,True,False,False,False,False,False,False,False,False,2022-12-02 07:32:04.087803+00:00,2022-12-02 07:32:04.087803+00:00
1598547379736674305,ukraine-de,True,True,False,False,False,False,False,False,False,False,2022-12-02 07:32:04.087698+00:00,2022-12-02 07:32:04.087698+00:00
1598547425265852417,ukraine-de,True,True,False,False,False,False,False,False,False,False,2022-12-02 07:32:04.087581+00:00,2022-12-02 07:32:04.087581+00:00
1598547450012344321,ukraine-de,True,True,False,False,False,False,False,False,False,False,2022-12-02 07:32:04.087298+00:00,2022-12-02 07:32:04.087298+00:00
1598547495856087040,ukraine-de,True,True,False,False,False,False,False,False,False,False,2022-12-02 07:32:04.087185+00:00,2022-12-02 07:32:04.087185+00:00
1598547547047354368,ukraine-de,True,True,False,False,False,False,False,False,False,False,2022-12-02 07:32:04.087024+00:00,2022-12-02 07:32:04.087024+00:00
1598547600067772418,ukraine-de,True,True,False,False,False,False,False,False,False,False,2022-12-02 07:32:04.086921+00:00,2022-12-02 07:32:04.086921+00:00
1598547637657079808,ukraine-de,True,True,False,False,False,False,False,False,False,False,2022-12-02 07:32:04.086804+00:00,2022-12-02 07:32:04.086804+00:00
1598547697044070400,ukraine-de,True,True,False,False,False,False,False,False,False,False,2022-12-02 07:32:04.086701+00:00,2022-12-02 07:32:04.086701+00:00
1598547711443275776,ukraine-de,True,False,False,False,False,False,False,False,False,False,2022-12-02 15:04:30.426138+00:00,2022-12-02 15:04:30.426138+00:00
1598547774085234690,ukraine-de,True,True,False,False,False,False,False,False,False,False,2022-12-02 07:30:28.856638+00:00,2022-12-02 07:32:04.086601+00:00
1598547800953847808,ukraine-de,True,True,False,False,False,False,False,False,False,False,2022-12-02 07:32:04.086486+00:00,2022-12-02 07:32:04.086486+00:00
1598547876656857090,ukraine-de,True,True,False,False,False,False,False,False,False,False,2022-12-02 07:32:04.086326+00:00,2022-12-02 07:32:04.086326+00:00
1598547922165157888,ukraine-de,True,True,False,False,False,False,False,False,False,False,2022-12-02 07:32:04.086222+00:00,2022-12-02 07:32:04.086222+00:00
1598547944940109825,ukraine-de,True,True,False,False,False,False,False,False,False,False,2022-12-02 07:32:04.086096+00:00,2022-12-02 07:32:04.086096+00:00
1598547954708713473,ukraine-de,True,True,False,False,False,False,False,False,False,False,2022-12-02 07:32:04.085996+00:00,2022-12-02 07:32:04.085996+00:00
1598548016180461569,ukraine-de,True,True,False,False,False,False,False,False,False,False,2022-12-02 07:32:04.085896+00:00,2022-12-02 07:32:04.085896+00:00
1598548051886481409,ukraine-de,True,True,False,False,False,False,False,False,False,False,2022-12-02 07:30:28.867971+00:00,2022-12-02 07:32:04.085794+00:00
1598548078226657281,ukraine-de,True,True,False,False,False,False,False,False,False,False,2022-12-02 07:32:04.085691+00:00,2022-12-02 07:32:04.085691+00:00
1598548105640570880,ukraine-de,True,True,False,False,False,False,False,False,False,False,2022-12-02 07:32:04.085564+00:00,2022-12-02 07:32:04.085564+00:00
1598548124708048896,ukraine-de,True,True,False,False,False,False,False,False,False,False,2022-12-02 07:32:04.085396+00:00,2022-12-02 07:32:04.085396+00:00
1598548133511831552,ukraine-de,True,True,False,False,False,False,False,False,False,False,2022-12-02 07:32:04.085296+00:00,2022-12-02 07:32:04.085296+00:00
1598548181922435073,ukraine-de,True,False,False,False,False,False,False,False,False,False,2022-12-02 07:30:28.862751+00:00,2022-12-02 07:30:28.862751+00:00
1598548222536032256,ukraine-de,True,True,False,False,False,False,False,False,False,False,2022-12-02 07:32:04.085195+00:00,2022-12-02 07:32:04.085195+00:00
1598548255989968897,ukraine-de,True,False,False,False,False,False,False,False,False,False,2022-12-02 15:07:19.463406+00:00,2022-12-02 15:07:19.463406+00:00
1598548275941892101,ukraine-de,True,True,False,False,False,False,False,False,False,False,2022-12-02 07:32:04.085093+00:00,2022-12-02 07:32:04.085093+00:00
1598548297144307712,ukraine-de,True,True,False,False,False,False,False,False,False,False,2022-12-02 07:32:04.084986+00:00,2022-12-02 07:32:04.084986+00:00
1598548306514567168,ukraine-de,True,True,False,False,False,False,False,False,False,False,2022-12-02 07:32:04.084842+00:00,2022-12-02 07:32:04.084842+00:00
1598548308611321856,ukraine-de,True,True,False,False,False,False,False,False,False,False,2022-12-02 07:32:04.084740+00:00,2022-12-02 07:32:04.084740+00:00
1598548344103747584,ukraine-de,True,False,False,False,False,False,False,False,False,False,2022-12-02 07:30:28.859868+00:00,2022-12-02 07:30:28.859868+00:00
1598548371752509440,ukraine-de,True,True,False,False,False,False,False,False,False,False,2022-12-02 07:32:04.084626+00:00,2022-12-02 07:32:04.084626+00:00
1598548533421957120,ukraine-de,True,True,False,False,False,False,False,False,False,False,2022-12-02 07:32:04.084499+00:00,2022-12-02 07:32:04.084499+00:00
1598548546575368194,ukraine-de,True,True,False,False,False,False,False,False,False,False,2022-12-02 07:32:04.084339+00:00,2022-12-02 07:32:04.084339+00:00
1598548660328898560,ukraine-de,True,True,False,False,False,False,False,False,False,False,2022-12-02 07:32:04.084239+00:00,2022-12-02 07:32:04.084239+00:00
1598548777539080192,ukraine-de,True,True,False,False,False,False,False,False,False,False,2022-12-02 07:32:04.084137+00:00,2022-12-02 07:32:04.084137+00:00
1598548790788907009,ukraine-de,True,False,False,False,False,False,False,False,False,False,2022-12-02 07:30:28.854421+00:00,2022-12-02 07:30:28.854421+00:00
1598548811449864193,ukraine-de,True,True,False,False,False,False,False,False,False,False,2022-12-02 07:32:04.084027+00:00,2022-12-02 07:32:04.084027+00:00
1598548889975619588,ukraine-de,True,True,False,False,False,False,False,False,False,False,2022-12-02 07:32:04.083927+00:00,2022-12-02 07:32:04.083927+00:00
1598548953787686913,ukraine-de,True,True,False,False,False,False,False,False,False,False,2022-12-02 07:32:04.083824+00:00,2022-12-02 07:32:04.083824+00:00
1598548960678903808,ukraine-de,True,True,False,False,False,False,False,False,False,False,2022-12-02 07:32:04.083719+00:00,2022-12-02 07:32:04.083719+00:00
1598549126265933830,ukraine-de,True,True,False,False,False,False,False,False,False,False,2022-12-02 07:32:04.083594+00:00,2022-12-02 07:32:04.083594+00:00
1598549218888663040,ukraine-de,True,True,False,False,False,False,False,False,False,False,2022-12-02 07:32:04.083471+00:00,2022-12-02 07:32:04.083471+00:00
1598549262060634113,ukraine-de,True,False,False,False,False,False,False,False,False,False,2022-12-02 07:32:04.110594+00:00,2022-12-02 07:32:04.110594+00:00
1598549297934499840,ukraine-de,True,True,False,False,False,False,False,False,False,False,2022-12-02 07:32:04.083307+00:00,2022-12-02 07:32:04.083307+00:00
1598549299025121280,ukraine-de,True,True,False,False,False,False,False,False,False,False,2022-12-02 07:31:57.374089+00:00,2022-12-02 07:32:04.083167+00:00
1598549405145366528,ukraine-de,True,True,False,False,False,False,False,False,False,False,2022-12-02 07:32:04.082985+00:00,2022-12-02 07:32:04.082985+00:00
1598549409037357056,ukraine-de,True,True,False,False,False,False,False,False,False,False,2022-12-02 07:32:04.082876+00:00,2022-12-02 07:32:04.082876+00:00
1598549511961460738,ukraine-de,True,True,False,False,False,False,False,False,False,False,2022-12-02 07:32:04.082715+00:00,2022-12-02 07:32:04.082715+00:00
1598549571977854977,ukraine-de,True,True,False,False,False,False,False,False,False,False,2022-12-02 07:32:04.082400+00:00,2022-12-02 07:32:04.082400+00:00
1598549623198605314,ukraine-de,True,True,False,False,False,False,False,False,False,False,2022-12-02 07:32:04.082241+00:00,2022-12-02 07:32:04.082241+00:00
1598549637505376263,ukraine-de,True,False,False,False,False,False,False,False,False,False,2022-12-02 07:30:28.868845+00:00,2022-12-02 07:30:28.868845+00:00
1598549640504279041,ukraine-de,True,True,False,False,False,False,False,False,False,False,2022-12-02 07:32:04.082135+00:00,2022-12-02 07:32:04.082135+00:00
1598549668627111939,ukraine-de,True,True,False,False,False,False,False,False,False,False,2022-12-02 07:30:28.873024+00:00,2022-12-02 07:32:04.082024+00:00
1598549700390559746,ukraine-de,True,True,False,False,False,False,False,False,False,False,2022-12-02 07:32:04.081889+00:00,2022-12-02 07:32:04.081889+00:00
1598549716400103426,ukraine-de,True,True,False,False,False,False,False,False,False,False,2022-12-02 07:32:04.081150+00:00,2022-12-02 07:32:04.081150+00:00
1598549717243363330,ukraine-de,True,True,False,False,False,False,False,False,False,False,2022-12-02 07:32:04.081049+00:00,2022-12-02 07:32:04.081049+00:00
1598549773874712576,ukraine-de,True,True,False,False,False,False,False,False,False,False,2022-12-02 07:32:04.080948+00:00,2022-12-02 07:32:04.080948+00:00
1598549883971317760,ukraine-de,True,False,False,False,False,False,False,False,False,False,2022-12-02 07:31:57.375810+00:00,2022-12-02 07:31:57.375810+00:00
1598549887154626560,ukraine-de,True,True,False,False,False,False,False,False,False,False,2022-12-02 07:32:04.080845+00:00,2022-12-02 07:32:04.080845+00:00
1598549899158732800,ukraine-de,True,True,False,False,False,False,False,False,False,False,2022-12-02 07:32:04.080740+00:00,2022-12-02 07:32:04.080740+00:00
1598549948919738368,ukraine-de,True,True,False,False,False,False,False,False,False,False,2022-12-02 07:32:04.080623+00:00,2022-12-02 07:32:04.080623+00:00
1598549977910878208,ukraine-de,True,True,False,False,False,False,False,False,False,False,2022-12-02 07:32:04.080500+00:00,2022-12-02 07:32:04.080500+00:00
1598550057313255424,ukraine-de,True,True,False,False,False,False,False,False,False,False,2022-12-02 07:32:04.080281+00:00,2022-12-02 07:32:04.080281+00:00
1598550082701250560,ukraine-de,True,True,False,False,False,False,False,False,False,False,2022-12-02 07:32:04.079162+00:00,2022-12-02 07:32:04.079162+00:00
1598550108378914816,ukraine-de,True,True,False,False,False,False,False,False,False,False,2022-12-02 07:32:04.079060+00:00,2022-12-02 07:32:04.079060+00:00
1598550172610486272,ukraine-de,True,True,False,False,False,False,False,False,False,False,2022-12-02 07:32:04.078948+00:00,2022-12-02 07:32:04.078948+00:00
1598550188905431041,ukraine-de,True,False,False,False,False,False,False,False,False,False,2022-12-02 15:04:30.421461+00:00,2022-12-02 15:04:30.421461+00:00
1598550209960632320,ukraine-de,True,True,False,False,False,False,False,False,False,False,2022-12-02 07:32:04.078843+00:00,2022-12-02 07:32:04.078843+00:00
1598550227639754753,ukraine-de,True,True,False,False,False,False,False,False,False,False,2022-12-02 07:32:04.078720+00:00,2022-12-02 07:32:04.078720+00:00
1598550285596532737,ukraine-de,True,True,False,False,False,False,False,False,False,False,2022-12-02 07:32:04.078617+00:00,2022-12-02 07:32:04.078617+00:00
1598550301824393218,ukraine-de,True,True,False,False,False,False,False,False,False,False,2022-12-02 07:32:04.078507+00:00,2022-12-02 07:32:04.078507+00:00
1598550323760574465,ukraine-de,True,True,False,False,False,False,False,False,False,False,2022-12-02 07:32:04.078345+00:00,2022-12-02 07:32:04.078345+00:00
1598550342521741312,ukraine-de,True,False,False,False,False,False,False,False,False,False,2022-12-02 07:31:57.382580+00:00,2022-12-02 07:31:57.382580+00:00
1598550425791242240,ukraine-de,True,True,False,False,False,False,False,False,False,False,2022-12-02 07:32:04.078246+00:00,2022-12-02 07:32:04.078246+00:00
1598550529814106112,ukraine-de,True,True,False,False,False,False,False,False,False,False,2022-12-02 07:32:04.078145+00:00,2022-12-02 07:32:04.078145+00:00
1598550575087501312,ukraine-de,True,True,False,False,False,False,False,False,False,False,2022-12-02 07:32:04.078045+00:00,2022-12-02 07:32:04.078045+00:00
1598550575255281664,ukraine-de,True,False,False,False,False,False,False,False,False,False,2022-12-02 10:31:14.311316+00:00,2022-12-02 10:31:14.311316+00:00
1598550631484383232,ukraine-de,True,True,False,False,False,False,False,False,False,False,2022-12-02 07:32:04.077943+00:00,2022-12-02 07:32:04.077943+00:00
1598550653323845632,ukraine-de,True,True,False,False,False,False,False,False,False,False,2022-12-02 07:32:04.077844+00:00,2022-12-02 07:32:04.077844+00:00
1598550655630802944,ukraine-de,True,True,False,False,False,False,False,False,False,False,2022-12-02 07:32:04.077745+00:00,2022-12-02 07:32:04.077745+00:00
1598550693161336833,ukraine-de,True,True,False,False,False,False,False,False,False,False,2022-12-02 07:32:04.077641+00:00,2022-12-02 07:32:04.077641+00:00
1598550717173846017,ukraine-de,True,True,False,False,False,False,False,False,False,False,2022-12-02 07:32:04.077515+00:00,2022-12-02 07:32:04.077515+00:00
1598550724308344834,ukraine-de,True,True,False,False,False,False,False,False,False,False,2022-12-02 07:32:04.077353+00:00,2022-12-02 07:32:04.077353+00:00
1598550761025191938,ukraine-de,True,True,False,False,False,False,False,False,False,False,2022-12-02 07:32:04.077254+00:00,2022-12-02 07:32:04.077254+00:00
1598550807137452032,ukraine-de,True,True,False,False,False,False,False,False,False,False,2022-12-02 07:32:04.077153+00:00,2022-12-02 07:32:04.077153+00:00
1598550876527943682,ukraine-de,True,True,False,False,False,False,False,False,False,False,2022-12-02 07:32:04.077052+00:00,2022-12-02 07:32:04.077052+00:00
1598550927706914817,ukraine-de,True,True,False,False,False,False,False,False,False,False,2022-12-02 07:32:04.076938+00:00,2022-12-02 07:32:04.076938+00:00
1598550973588201473,ukraine-de,True,True,False,False,False,False,False,False,False,False,2022-12-02 07:32:04.076836+00:00,2022-12-02 07:32:04.076836+00:00
1598550979166732292,ukraine-de,True,True,False,False,False,False,False,False,False,False,2022-12-02 07:32:04.076715+00:00,2022-12-02 07:32:04.076715+00:00
1598551036796583936,ukraine-de,True,True,False,False,False,False,False,False,False,False,2022-12-02 07:30:28.864116+00:00,2022-12-02 07:32:04.076603+00:00
1598551069885341696,ukraine-de,True,True,False,False,False,False,False,False,False,False,2022-12-02 07:32:04.076476+00:00,2022-12-02 07:32:04.076476+00:00
1598551079083544576,ukraine-de,True,True,False,False,False,False,False,False,False,False,2022-12-02 07:32:04.076320+00:00,2022-12-02 07:32:04.076320+00:00
1598551097970331648,ukraine-de,True,True,False,False,False,False,False,False,False,False,2022-12-02 07:32:04.076201+00:00,2022-12-02 07:32:04.076201+00:00
1598551102672326656,ukraine-de,True,True,False,False,False,False,False,False,False,False,2022-12-02 07:32:04.076099+00:00,2022-12-02 07:32:04.076099+00:00
1598551132653101056,ukraine-de,True,False,False,False,False,False,False,False,False,False,2022-12-02 10:30:17.958881+00:00,2022-12-02 10:30:17.958881+00:00
1598551160247533570,ukraine-de,True,True,False,False,False,False,False,False,False,False,2022-12-02 07:32:04.075990+00:00,2022-12-02 07:32:04.075990+00:00
1598551237347233792,ukraine-de,True,True,False,False,False,False,False,False,False,False,2022-12-02 07:32:04.075889+00:00,2022-12-02 07:32:04.075889+00:00
1598551241717862400,ukraine-de,True,False,False,False,False,False,False,False,False,False,2022-12-02 19:50:36.507337+00:00,2022-12-02 19:50:36.507337+00:00
1598551277038112768,ukraine-de,True,True,False,False,False,False,False,False,False,False,2022-12-02 07:32:04.075769+00:00,2022-12-02 07:32:04.075769+00:00
1598551282947612674,ukraine-de,True,True,False,False,False,False,False,False,False,False,2022-12-02 07:32:04.075667+00:00,2022-12-02 07:32:04.075667+00:00
1598551304850223105,ukraine-de,True,True,False,False,False,False,False,False,False,False,2022-12-02 07:32:04.075561+00:00,2022-12-02 07:32:04.075561+00:00
1598551313125707777,ukraine-de,True,True,False,False,False,False,False,False,False,False,2022-12-02 07:32:04.075394+00:00,2022-12-02 07:32:04.075394+00:00
1598551315465895938,ukraine-de,True,True,False,False,False,False,False,False,False,False,2022-12-02 07:32:04.075290+00:00,2022-12-02 07:32:04.075290+00:00
1598551356364800003,ukraine-de,True,True,False,False,False,False,False,False,False,False,2022-12-02 07:32:04.075171+00:00,2022-12-02 07:32:04.075171+00:00
1598551410127253504,ukraine-de,True,False,False,False,False,False,False,False,False,False,2022-12-02 10:30:17.988302+00:00,2022-12-02 10:30:17.988302+00:00
1598551476313407488,ukraine-de,True,True,False,False,False,False,False,False,False,False,2022-12-02 07:32:04.075068+00:00,2022-12-02 07:32:04.075068+00:00
1598551510463303680,ukraine-de,True,True,False,False,False,False,False,False,False,False,2022-12-02 07:32:04.074965+00:00,2022-12-02 07:32:04.074965+00:00
1598551517044391936,ukraine-de,True,True,False,False,False,False,False,False,False,False,2022-12-02 07:32:04.074861+00:00,2022-12-02 07:32:04.074861+00:00
1598551539693518849,ukraine-de,True,True,False,False,False,False,False,False,False,False,2022-12-02 07:32:04.074744+00:00,2022-12-02 07:32:04.074744+00:00
1598551580609060865,ukraine-de,True,True,False,False,False,False,False,False,False,False,2022-12-02 07:31:57.382084+00:00,2022-12-02 07:32:04.074642+00:00
1598551586040647682,ukraine-de,True,True,False,False,False,False,False,False,False,False,2022-12-02 07:32:04.074525+00:00,2022-12-02 07:32:04.074525+00:00
1598551602079621120,ukraine-de,True,True,False,False,False,False,False,False,False,False,2022-12-02 07:32:04.074358+00:00,2022-12-02 07:32:04.074358+00:00
1598551648506298368,ukraine-de,True,True,False,False,False,False,False,False,False,False,2022-12-02 07:32:04.074258+00:00,2022-12-02 07:32:04.074258+00:00
1598551648988602368,ukraine-de,True,True,False,False,False,False,False,False,False,False,2022-12-02 07:32:04.074158+00:00,2022-12-02 07:32:04.074158+00:00
1598551681385365504,ukraine-de,True,True,False,False,False,False,False,False,False,False,2022-12-02 07:32:04.074057+00:00,2022-12-02 07:32:04.074057+00:00
1598551734787383298,ukraine-de,True,True,False,False,False,False,False,False,False,False,2022-12-02 07:32:04.073955+00:00,2022-12-02 07:32:04.073955+00:00
1598551754035310592,ukraine-de,True,True,False,False,False,False,False,False,False,False,2022-12-02 07:32:04.073836+00:00,2022-12-02 07:32:04.073836+00:00
1598551763040223234,ukraine-de,True,True,False,False,False,False,False,False,False,False,2022-12-02 07:32:04.073734+00:00,2022-12-02 07:32:04.073734+00:00
1598551850592063490,ukraine-de,True,True,False,False,False,False,False,False,False,False,2022-12-02 07:32:04.073629+00:00,2022-12-02 07:32:04.073629+00:00
1598551850957127681,ukraine-de,True,True,False,False,False,False,False,False,False,False,2022-12-02 07:32:04.073495+00:00,2022-12-02 07:32:04.073495+00:00
1598551855105282054,ukraine-de,True,True,False,False,False,False,False,False,False,False,2022-12-02 07:32:04.073306+00:00,2022-12-02 07:32:04.073306+00:00
1598551858443960325,ukraine-de,True,True,False,False,False,False,False,False,False,False,2022-12-02 07:32:04.073203+00:00,2022-12-02 07:32:04.073203+00:00
1598551914148335617,ukraine-de,True,True,False,False,False,False,False,False,False,False,2022-12-02 07:32:04.073100+00:00,2022-12-02 07:32:04.073100+00:00
1598551982653906945,ukraine-de,True,True,False,False,False,False,False,False,False,False,2022-12-02 07:32:04.072989+00:00,2022-12-02 07:32:04.072989+00:00
1598552019282845697,ukraine-de,True,True,False,False,False,False,False,False,False,False,2022-12-02 07:32:04.072886+00:00,2022-12-02 07:32:04.072886+00:00
1598552046667431936,ukraine-de,True,True,False,False,False,False,False,False,False,False,2022-12-02 07:32:04.072777+00:00,2022-12-02 07:32:04.072777+00:00
1598552054196215808,ukraine-de,True,True,False,False,False,False,False,False,False,False,2022-12-02 07:32:04.072630+00:00,2022-12-02 07:32:04.072630+00:00
1598552116238647297,ukraine-de,True,True,False,False,False,False,False,False,False,False,2022-12-02 07:32:04.072520+00:00,2022-12-02 07:32:04.072520+00:00
1598552124379475968,ukraine-de,True,True,False,False,False,False,False,False,False,False,2022-12-02 07:32:04.072350+00:00,2022-12-02 07:32:04.072350+00:00
1598552185058594816,ukraine-de,True,True,False,False,False,False,False,False,False,False,2022-12-02 07:32:04.072250+00:00,2022-12-02 07:32:04.072250+00:00
1598552262883872769,ukraine-de,True,False,False,False,False,False,False,False,False,False,2022-12-03 08:10:53.457308+00:00,2022-12-03 08:10:53.457308+00:00
1598552295834353665,ukraine-de,True,True,False,False,False,False,False,False,False,False,2022-12-02 07:32:04.072146+00:00,2022-12-02 07:32:04.072146+00:00
1598552350217617408,ukraine-de,True,True,False,False,False,False,False,False,False,False,2022-12-02 07:32:04.072042+00:00,2022-12-02 07:32:04.072042+00:00
1598552370320900098,ukraine-de,True,True,False,False,False,False,False,False,False,False,2022-12-02 07:32:04.071925+00:00,2022-12-02 07:32:04.071925+00:00
1598552406106808320,ukraine-de,True,True,False,False,False,False,False,False,False,False,2022-12-02 07:32:04.071772+00:00,2022-12-02 07:32:04.071772+00:00
1598552432287498241,ukraine-de,True,True,False,False,False,False,False,False,False,False,2022-12-02 07:32:04.071657+00:00,2022-12-02 07:32:04.071657+00:00
1598552463510048770,ukraine-de,True,True,False,False,False,False,False,False,False,False,2022-12-02 07:32:04.071238+00:00,2022-12-02 07:32:04.071238+00:00
1598552512860024833,ukraine-de,True,False,False,False,False,False,False,False,False,False,2022-12-03 01:30:30.060056+00:00,2022-12-03 01:30:30.060056+00:00
1598552542450892800,ukraine-de,True,True,False,False,False,False,False,False,False,False,2022-12-02 07:32:04.071131+00:00,2022-12-02 07:32:04.071131+00:00
1598552559794388993,ukraine-de,True,True,False,False,False,False,False,False,False,False,2022-12-02 07:32:04.071021+00:00,2022-12-02 07:32:04.071021+00:00
1598552691558551554,ukraine-de,True,False,False,False,False,False,False,False,False,False,2022-12-02 10:30:26.826234+00:00,2022-12-02 10:30:26.826234+00:00
1598552706737586176,ukraine-de,True,True,False,False,False,False,False,False,False,False,2022-12-02 07:32:04.070872+00:00,2022-12-02 07:32:04.070872+00:00
1598552710617464832,ukraine-de,True,True,False,False,False,False,False,False,False,False,2022-12-02 07:32:04.070164+00:00,2022-12-02 07:32:04.070164+00:00
1598552827760201728,ukraine-de,True,True,False,False,False,False,False,False,False,False,2022-12-02 07:32:04.070042+00:00,2022-12-02 07:32:04.070042+00:00
1598552827890130945,ukraine-de,True,True,False,False,False,False,False,False,False,False,2022-12-02 07:32:04.069941+00:00,2022-12-02 07:32:04.069941+00:00
1598552859125067776,ukraine-de,True,True,False,False,False,False,False,False,False,False,2022-12-02 07:32:04.069840+00:00,2022-12-02 07:32:04.069840+00:00
1598552896647311361,ukraine-de,True,True,False,False,False,False,False,False,False,False,2022-12-02 07:32:04.069737+00:00,2022-12-02 07:32:04.069737+00:00
1598552911885340672,ukraine-de,True,True,False,False,False,False,False,False,False,False,2022-12-02 07:32:04.069628+00:00,2022-12-02 07:32:04.069628+00:00
1598552961541619713,ukraine-de,True,True,False,False,False,False,False,False,False,False,2022-12-02 07:32:04.069488+00:00,2022-12-02 07:32:04.069488+00:00
1598552985629507584,ukraine-de,True,True,False,False,False,False,False,False,False,False,2022-12-02 07:32:04.069161+00:00,2022-12-02 07:32:04.069161+00:00
1598553010057011201,ukraine-de,True,True,False,False,False,False,False,False,False,False,2022-12-02 07:32:04.069042+00:00,2022-12-02 07:32:04.069042+00:00
1598553015442542592,ukraine-de,True,True,False,False,False,False,False,False,False,False,2022-12-02 07:32:04.068924+00:00,2022-12-02 07:32:04.068924+00:00
1598553042156244992,ukraine-de,True,True,False,False,False,False,False,False,False,False,2022-12-02 07:32:04.068822+00:00,2022-12-02 07:32:04.068822+00:00
1598553122045042689,ukraine-de,True,True,False,False,False,False,False,False,False,False,2022-12-02 07:32:04.068692+00:00,2022-12-02 07:32:04.068692+00:00
1598553128831426560,ukraine-de,True,True,False,False,False,False,False,False,False,False,2022-12-02 07:32:04.068584+00:00,2022-12-02 07:32:04.068584+00:00
1598553132010799104,ukraine-de,True,False,False,False,False,False,False,False,False,False,2022-12-02 07:31:57.385881+00:00,2022-12-02 07:31:57.385881+00:00
1598553144425791488,ukraine-de,True,True,False,False,False,False,False,False,False,False,2022-12-02 07:32:04.068365+00:00,2022-12-02 07:32:04.068365+00:00
1598553154332856320,ukraine-de,True,True,False,False,False,False,False,False,False,False,2022-12-02 07:32:04.068256+00:00,2022-12-02 07:32:04.068256+00:00
1598553156836786177,ukraine-de,True,True,False,False,False,False,False,False,False,False,2022-12-02 07:31:57.383895+00:00,2022-12-02 07:32:04.068156+00:00
1598553203938926594,ukraine-de,True,True,False,False,False,False,False,False,False,False,2022-12-02 07:31:57.383110+00:00,2022-12-02 07:32:04.068046+00:00
1598553203955621888,ukraine-de,True,True,False,False,False,False,False,False,False,False,2022-12-02 07:32:04.067931+00:00,2022-12-02 07:32:04.067931+00:00
1598553319152226304,ukraine-de,True,True,False,False,False,False,False,False,False,False,2022-12-02 07:32:04.067816+00:00,2022-12-02 07:32:04.067816+00:00
1598553326362181632,ukraine-de,True,True,False,False,False,False,False,False,False,False,2022-12-02 07:32:04.067711+00:00,2022-12-02 07:32:04.067711+00:00
1598553347820343296,ukraine-de,True,True,False,False,False,False,False,False,False,False,2022-12-02 07:32:04.067582+00:00,2022-12-02 07:32:04.067582+00:00
1598553356779364357,ukraine-de,True,True,False,False,False,False,False,False,False,False,2022-12-02 07:32:04.067460+00:00,2022-12-02 07:32:04.067460+00:00
1598553437322760192,ukraine-de,True,True,False,False,False,False,False,False,False,False,2022-12-02 07:31:57.386939+00:00,2022-12-02 07:32:04.067299+00:00
1598553440979918848,ukraine-de,True,True,False,False,False,False,False,False,False,False,2022-12-02 07:32:04.067183+00:00,2022-12-02 07:32:04.067183+00:00
1598553442766798848,ukraine-de,True,True,False,False,False,False,False,False,False,False,2022-12-02 07:32:04.067083+00:00,2022-12-02 07:32:04.067083+00:00
1598553443861688320,ukraine-de,True,True,False,False,False,False,False,False,False,False,2022-12-02 07:32:04.066982+00:00,2022-12-02 07:32:04.066982+00:00
1598553444620673028,ukraine-de,True,True,False,False,False,False,False,False,False,False,2022-12-02 07:32:04.066865+00:00,2022-12-02 07:32:04.066865+00:00
1598553457870471169,ukraine-de,True,True,False,False,False,False,False,False,False,False,2022-12-02 07:32:04.066764+00:00,2022-12-02 07:32:04.066764+00:00
1598553466032504832,ukraine-de,True,True,False,False,False,False,False,False,False,False,2022-12-02 07:32:04.066661+00:00,2022-12-02 07:32:04.066661+00:00
1598553484504322048,ukraine-de,True,True,False,False,False,False,False,False,False,False,2022-12-02 07:32:04.066552+00:00,2022-12-02 07:32:04.066552+00:00
1598553511385497601,ukraine-de,True,True,False,False,False,False,False,False,False,False,2022-12-02 07:32:04.066366+00:00,2022-12-02 07:32:04.066366+00:00
1598553539013386242,ukraine-de,True,True,False,False,False,False,False,False,False,False,2022-12-02 07:32:04.066263+00:00,2022-12-02 07:32:04.066263+00:00
1598553570554658816,ukraine-de,True,True,False,False,False,False,False,False,False,False,2022-12-02 07:32:04.066147+00:00,2022-12-02 07:32:04.066147+00:00
1598553639659896832,ukraine-de,True,True,False,False,False,False,False,False,False,False,2022-12-02 07:32:04.066027+00:00,2022-12-02 07:32:04.066027+00:00
1598553670022402049,ukraine-de,True,True,False,False,False,False,False,False,False,False,2022-12-02 07:32:04.065913+00:00,2022-12-02 07:32:04.065913+00:00
1598553719943188480,ukraine-de,True,True,False,False,False,False,False,False,False,False,2022-12-02 07:32:04.065802+00:00,2022-12-02 07:32:04.065802+00:00
1598553762905325568,ukraine-de,True,True,False,False,False,False,False,False,False,False,2022-12-02 07:32:04.065656+00:00,2022-12-02 07:32:04.065656+00:00
1598553902856683522,ukraine-de,True,True,False,False,False,False,False,False,False,False,2022-12-02 07:32:04.065488+00:00,2022-12-02 07:32:04.065488+00:00
1598553923039760384,ukraine-de,True,True,False,False,False,False,False,False,False,False,2022-12-02 07:32:04.065128+00:00,2022-12-02 07:32:04.065128+00:00
1598553931449135104,ukraine-de,True,True,False,False,False,False,False,False,False,False,2022-12-02 07:31:57.367645+00:00,2022-12-02 07:31:57.367645+00:00
1598553960092155905,ukraine-de,True,True,False,False,False,False,False,False,False,False,2022-12-02 07:31:57.367550+00:00,2022-12-02 07:31:57.367550+00:00
1598554008028856321,ukraine-de,True,True,False,False,False,False,False,False,False,False,2022-12-02 07:30:28.855804+00:00,2022-12-02 07:31:57.367440+00:00
1598554156528447489,ukraine-de,True,True,False,False,False,False,False,False,False,False,2022-12-02 07:31:57.367309+00:00,2022-12-02 07:31:57.367309+00:00
1598554161276149760,ukraine-de,True,True,False,False,False,False,False,False,False,False,2022-12-02 07:31:57.367202+00:00,2022-12-02 07:31:57.367202+00:00
1598554173221441536,ukraine-de,True,True,False,False,False,False,False,False,False,False,2022-12-02 07:31:57.367103+00:00,2022-12-02 07:31:57.367103+00:00
1598554236522053633,ukraine-de,True,True,False,False,False,False,False,False,False,False,2022-12-02 07:31:57.366985+00:00,2022-12-02 07:31:57.366985+00:00
1598554253781442560,ukraine-de,True,True,False,False,False,False,False,False,False,False,2022-12-02 07:31:57.366889+00:00,2022-12-02 07:31:57.366889+00:00
1598554276418228225,ukraine-de,True,True,False,False,False,False,False,False,False,False,2022-12-02 07:31:57.366793+00:00,2022-12-02 07:31:57.366793+00:00
1598554295963631616,ukraine-de,True,True,False,False,False,False,False,False,False,False,2022-12-02 07:31:57.366696+00:00,2022-12-02 07:31:57.366696+00:00
1598554298975195138,ukraine-de,True,True,False,False,False,False,False,False,False,False,2022-12-02 07:31:57.366597+00:00,2022-12-02 07:31:57.366597+00:00
1598554314619998208,ukraine-de,True,False,False,False,False,False,False,False,False,False,2022-12-02 10:31:14.327251+00:00,2022-12-02 10:31:14.327251+00:00
1598554326804439040,ukraine-de,True,True,False,False,False,False,False,False,False,False,2022-12-02 07:31:57.366499+00:00,2022-12-02 07:31:57.366499+00:00
1598554343824818176,ukraine-de,True,True,False,False,False,False,False,False,False,False,2022-12-02 07:31:57.366388+00:00,2022-12-02 07:31:57.366388+00:00
1598554387001090049,ukraine-de,True,True,False,False,False,False,False,False,False,False,2022-12-02 07:31:57.366292+00:00,2022-12-02 07:31:57.366292+00:00
1598554415170043909,ukraine-de,True,True,False,False,False,False,False,False,False,False,2022-12-02 07:31:57.366196+00:00,2022-12-02 07:31:57.366196+00:00
1598554419364257794,ukraine-de,True,True,False,False,False,False,False,False,False,False,2022-12-02 07:31:57.366100+00:00,2022-12-02 07:31:57.366100+00:00
1598554437236178945,ukraine-de,True,True,False,False,False,False,False,False,False,False,2022-12-02 07:31:57.365988+00:00,2022-12-02 07:31:57.365988+00:00
1598554519218143232,ukraine-de,True,True,False,False,False,False,False,False,False,False,2022-12-02 07:31:57.365886+00:00,2022-12-02 07:31:57.365886+00:00
1598554585211158529,ukraine-de,True,True,False,False,False,False,False,False,False,False,2022-12-02 07:31:57.365771+00:00,2022-12-02 07:31:57.365771+00:00
1598554589279797250,ukraine-de,True,True,False,False,False,False,False,False,False,False,2022-12-02 07:31:57.365671+00:00,2022-12-02 07:31:57.365671+00:00
1598554636344086533,ukraine-de,True,True,False,False,False,False,False,False,False,False,2022-12-02 07:31:57.365553+00:00,2022-12-02 07:31:57.365553+00:00
1598554677414694913,ukraine-de,True,True,False,False,False,False,False,False,False,False,2022-12-02 07:31:57.365451+00:00,2022-12-02 07:31:57.365451+00:00
1598554689607536641,ukraine-de,True,True,False,False,False,False,False,False,False,False,2022-12-02 07:30:28.855690+00:00,2022-12-02 07:31:57.365331+00:00
1598554729507799040,ukraine-de,True,True,False,False,False,False,False,False,False,False,2022-12-02 07:31:57.365232+00:00,2022-12-02 07:31:57.365232+00:00
1598554735619067904,ukraine-de,True,True,False,False,False,False,False,False,False,False,2022-12-02 07:31:57.365133+00:00,2022-12-02 07:31:57.365133+00:00
1598554836617814017,ukraine-de,True,True,False,False,False,False,False,False,False,False,2022-12-02 07:31:57.365033+00:00,2022-12-02 07:31:57.365033+00:00
1598554883485224960,ukraine-de,True,True,False,False,False,False,False,False,False,False,2022-12-02 07:31:57.364934+00:00,2022-12-02 07:31:57.364934+00:00
1598554924505243650,ukraine-de,True,True,False,False,False,False,False,False,False,False,2022-12-02 07:31:57.364834+00:00,2022-12-02 07:31:57.364834+00:00
1598554927277772801,ukraine-de,True,True,False,False,False,False,False,False,False,False,2022-12-02 07:30:28.863335+00:00,2022-12-02 07:31:57.364730+00:00
1598554958692917248,ukraine-de,True,True,False,False,False,False,False,False,False,False,2022-12-02 07:31:57.364599+00:00,2022-12-02 07:31:57.364599+00:00
1598554959041253377,ukraine-de,True,False,False,False,False,False,False,False,False,False,2022-12-02 07:30:28.857093+00:00,2022-12-02 07:30:28.857093+00:00
1598554963084460032,ukraine-de,True,True,False,False,False,False,False,False,False,False,2022-12-02 07:30:28.855593+00:00,2022-12-02 07:31:57.364500+00:00
1598554999964868608,ukraine-de,True,True,False,False,False,False,False,False,False,False,2022-12-02 07:31:57.364399+00:00,2022-12-02 07:31:57.364399+00:00
1598555058182017025,ukraine-de,True,True,False,False,False,False,False,False,False,False,2022-12-02 07:31:57.364298+00:00,2022-12-02 07:31:57.364298+00:00
1598555166881349632,ukraine-de,True,True,False,False,False,False,False,False,False,False,2022-12-02 07:31:57.364178+00:00,2022-12-02 07:31:57.364178+00:00
1598555203174899712,ukraine-de,True,True,False,False,False,False,False,False,False,False,2022-12-02 07:31:57.364077+00:00,2022-12-02 07:31:57.364077+00:00
1598555271030341633,ukraine-de,True,True,False,False,False,False,False,False,False,False,2022-12-02 07:31:57.363972+00:00,2022-12-02 07:31:57.363972+00:00
1598555316379058177,ukraine-de,True,True,False,False,False,False,False,False,False,False,2022-12-02 07:31:57.363775+00:00,2022-12-02 07:31:57.363775+00:00
1598555323719032833,ukraine-de,True,True,False,False,False,False,False,False,False,False,2022-12-02 07:31:57.363662+00:00,2022-12-02 07:31:57.363662+00:00
1598555350961094658,ukraine-de,True,True,False,False,False,False,False,False,False,False,2022-12-02 07:31:57.363541+00:00,2022-12-02 07:31:57.363541+00:00
1598555440748470273,ukraine-de,True,True,False,False,False,False,False,False,False,False,2022-12-02 07:31:57.363437+00:00,2022-12-02 07:31:57.363437+00:00
1598555483387879425,ukraine-de,True,True,False,False,False,False,False,False,False,False,2022-12-02 07:31:57.363293+00:00,2022-12-02 07:31:57.363293+00:00
1598555487988903937,ukraine-de,True,True,False,False,False,False,False,False,False,False,2022-12-02 07:31:57.363185+00:00,2022-12-02 07:31:57.363185+00:00
1598555531521703936,ukraine-de,True,True,False,False,False,False,False,False,False,False,2022-12-02 07:31:57.362946+00:00,2022-12-02 07:31:57.362946+00:00
1598555598261432321,ukraine-de,True,True,False,False,False,False,False,False,False,False,2022-12-02 07:31:57.362840+00:00,2022-12-02 07:31:57.362840+00:00
1598555669342437376,ukraine-de,True,True,False,False,False,False,False,False,False,False,2022-12-02 07:31:57.362640+00:00,2022-12-02 07:31:57.362640+00:00
1598555685293277186,ukraine-de,True,True,False,False,False,False,False,False,False,False,2022-12-02 07:31:57.362517+00:00,2022-12-02 07:31:57.362517+00:00
1598555723146924032,ukraine-de,True,False,False,False,False,False,False,False,False,False,2022-12-02 10:30:17.957372+00:00,2022-12-02 10:30:17.957372+00:00
1598555781669978112,ukraine-de,True,True,False,False,False,False,False,False,False,False,2022-12-02 07:31:57.362401+00:00,2022-12-02 07:31:57.362401+00:00
1598555833926819841,ukraine-de,True,True,False,False,False,False,False,False,False,False,2022-12-02 07:31:57.362302+00:00,2022-12-02 07:31:57.362302+00:00
1598555898045136897,ukraine-de,True,True,False,False,False,False,False,False,False,False,2022-12-02 07:31:57.362202+00:00,2022-12-02 07:31:57.362202+00:00
1598555916902682626,ukraine-de,True,False,False,False,False,False,False,False,False,False,2022-12-02 19:51:30.185250+00:00,2022-12-02 19:51:30.185250+00:00
1598556074742874113,ukraine-de,True,True,False,False,False,False,False,False,False,False,2022-12-02 07:31:57.362069+00:00,2022-12-02 07:31:57.362069+00:00
1598556109345783809,ukraine-de,True,True,False,False,False,False,False,False,False,False,2022-12-02 07:30:28.868362+00:00,2022-12-02 07:31:57.361954+00:00
1598556136239685633,ukraine-de,True,True,False,False,False,False,False,False,False,False,2022-12-02 07:31:57.361831+00:00,2022-12-02 07:31:57.361831+00:00
1598556171945869312,ukraine-de,True,True,False,False,False,False,False,False,False,False,2022-12-02 07:31:57.361729+00:00,2022-12-02 07:31:57.361729+00:00
1598556181202538496,ukraine-de,True,True,False,False,False,False,False,False,False,False,2022-12-02 07:31:57.361619+00:00,2022-12-02 07:31:57.361619+00:00
1598556183576645632,ukraine-de,True,True,False,False,False,False,False,False,False,False,2022-12-02 07:31:57.361494+00:00,2022-12-02 07:31:57.361494+00:00
1598556221975429121,ukraine-de,True,True,False,False,False,False,False,False,False,False,2022-12-02 07:31:57.361395+00:00,2022-12-02 07:31:57.361395+00:00
1598556244561711105,ukraine-de,True,True,False,False,False,False,False,False,False,False,2022-12-02 07:31:57.361296+00:00,2022-12-02 07:31:57.361296+00:00
1598556293781983232,ukraine-de,True,True,False,False,False,False,False,False,False,False,2022-12-02 07:31:57.361195+00:00,2022-12-02 07:31:57.361195+00:00
1598556375944159232,ukraine-de,True,True,False,False,False,False,False,False,False,False,2022-12-02 07:31:57.361094+00:00,2022-12-02 07:31:57.361094+00:00
1598556376397099008,ukraine-de,True,True,False,False,False,False,False,False,False,False,2022-12-02 07:31:57.360991+00:00,2022-12-02 07:31:57.360991+00:00
1598556420273840130,ukraine-de,True,True,False,False,False,False,False,False,False,False,2022-12-02 07:31:57.360875+00:00,2022-12-02 07:31:57.360875+00:00
1598556458529996801,ukraine-de,True,True,False,False,False,False,False,False,False,False,2022-12-02 07:31:57.360771+00:00,2022-12-02 07:31:57.360771+00:00
1598556502641483782,ukraine-de,True,True,False,False,False,False,False,False,False,False,2022-12-02 07:31:57.360635+00:00,2022-12-02 07:31:57.360635+00:00
1598556502662455297,ukraine-de,True,True,False,False,False,False,False,False,False,False,2022-12-02 07:31:57.360424+00:00,2022-12-02 07:31:57.360424+00:00
1598556529929723904,ukraine-de,True,True,False,False,False,False,False,False,False,False,2022-12-02 07:31:57.360317+00:00,2022-12-02 07:31:57.360317+00:00
1598556530978308096,ukraine-de,True,True,False,False,False,False,False,False,False,False,2022-12-02 07:31:57.360218+00:00,2022-12-02 07:31:57.360218+00:00
1598556537647144962,ukraine-de,True,True,False,False,False,False,False,False,False,False,2022-12-02 07:31:57.360119+00:00,2022-12-02 07:31:57.360119+00:00
1598556583088324609,ukraine-de,True,True,False,False,False,False,False,False,False,False,2022-12-02 07:30:28.861017+00:00,2022-12-02 07:31:57.360011+00:00
1598556601253859330,ukraine-de,True,True,False,False,False,False,False,False,False,False,2022-12-02 07:31:57.359889+00:00,2022-12-02 07:31:57.359889+00:00
1598556608430493696,ukraine-de,True,True,False,False,False,False,False,False,False,False,2022-12-02 07:31:57.359773+00:00,2022-12-02 07:31:57.359773+00:00
1598556631020732418,ukraine-de,True,True,False,False,False,False,False,False,False,False,2022-12-02 07:31:57.359672+00:00,2022-12-02 07:31:57.359672+00:00
1598556689451597824,ukraine-de,True,False,False,False,False,False,False,False,False,False,2022-12-02 15:07:19.461839+00:00,2022-12-02 15:07:19.461839+00:00
1598556705310224386,ukraine-de,True,True,False,False,False,False,False,False,False,False,2022-12-02 07:31:57.359558+00:00,2022-12-02 07:31:57.359558+00:00
1598556812424273920,ukraine-de,True,True,False,False,False,False,False,False,False,False,2022-12-02 07:31:57.359459+00:00,2022-12-02 07:31:57.359459+00:00
1598556844254908416,ukraine-de,True,True,False,False,False,False,False,False,False,False,2022-12-02 07:31:57.359360+00:00,2022-12-02 07:31:57.359360+00:00
1598556845890748416,ukraine-de,True,False,False,False,False,False,False,False,False,False,2022-12-02 07:31:57.379730+00:00,2022-12-02 07:31:57.379730+00:00
1598556868456103936,ukraine-de,True,True,False,False,False,False,False,False,False,False,2022-12-02 07:31:57.359262+00:00,2022-12-02 07:31:57.359262+00:00
1598556921539198976,ukraine-de,True,True,False,False,False,False,False,False,False,False,2022-12-02 07:31:57.359163+00:00,2022-12-02 07:31:57.359163+00:00
1598556945132257280,ukraine-de,True,True,False,False,False,False,False,False,False,False,2022-12-02 07:31:57.359062+00:00,2022-12-02 07:31:57.359062+00:00
1598556947963183105,ukraine-de,True,True,False,False,False,False,False,False,False,False,2022-12-02 07:31:57.358953+00:00,2022-12-02 07:31:57.358953+00:00
1598556952891727874,ukraine-de,True,False,False,False,False,False,False,False,False,False,2022-12-02 07:31:57.384606+00:00,2022-12-02 07:31:57.384606+00:00
1598556964262404096,ukraine-de,True,True,False,False,False,False,False,False,False,False,2022-12-02 07:30:28.864993+00:00,2022-12-02 07:31:57.358853+00:00
1598556965365497856,ukraine-de,True,True,False,False,False,False,False,False,False,False,2022-12-02 07:31:57.358740+00:00,2022-12-02 07:31:57.358740+00:00
1598557014497665024,ukraine-de,True,True,False,False,False,False,False,False,False,False,2022-12-02 07:31:57.358624+00:00,2022-12-02 07:31:57.358624+00:00
1598557022118559746,ukraine-de,True,True,False,False,False,False,False,False,False,False,2022-12-02 07:31:57.358515+00:00,2022-12-02 07:31:57.358515+00:00
1598557046055604225,ukraine-de,True,True,False,False,False,False,False,False,False,False,2022-12-02 07:31:57.358394+00:00,2022-12-02 07:31:57.358394+00:00
1598557152846692352,ukraine-de,True,True,False,False,False,False,False,False,False,False,2022-12-02 07:31:57.358278+00:00,2022-12-02 07:31:57.358278+00:00
1598557181606957059,ukraine-de,True,True,False,False,False,False,False,False,False,False,2022-12-02 07:31:57.358178+00:00,2022-12-02 07:31:57.358178+00:00
1598557329506582530,ukraine-de,True,True,False,False,False,False,False,False,False,False,2022-12-02 07:31:57.358076+00:00,2022-12-02 07:31:57.358076+00:00
1598557343410790401,ukraine-de,True,True,False,False,False,False,False,False,False,False,2022-12-02 07:31:57.357975+00:00,2022-12-02 07:31:57.357975+00:00
1598557344169967616,ukraine-de,True,True,False,False,False,False,False,False,False,False,2022-12-02 07:31:57.357875+00:00,2022-12-02 07:31:57.357875+00:00
1598557345684115456,ukraine-de,True,True,False,False,False,False,False,False,False,False,2022-12-02 07:31:57.357774+00:00,2022-12-02 07:31:57.357774+00:00
1598557373483859968,ukraine-de,True,True,False,False,False,False,False,False,False,False,2022-12-02 07:31:57.357673+00:00,2022-12-02 07:31:57.357673+00:00
1598557395894018048,ukraine-de,True,True,False,False,False,False,False,False,False,False,2022-12-02 07:31:57.357556+00:00,2022-12-02 07:31:57.357556+00:00
1598557424012738560,ukraine-de,True,True,False,False,False,False,False,False,False,False,2022-12-02 07:31:57.357456+00:00,2022-12-02 07:31:57.357456+00:00
1598557439460261894,ukraine-de,True,True,False,False,False,False,False,False,False,False,2022-12-02 07:31:57.357352+00:00,2022-12-02 07:31:57.357352+00:00
1598557456598179840,ukraine-de,True,True,False,False,False,False,False,False,False,False,2022-12-02 07:31:57.357250+00:00,2022-12-02 07:31:57.357250+00:00
1598557464445722625,ukraine-de,True,True,False,False,False,False,False,False,False,False,2022-12-02 07:31:57.357128+00:00,2022-12-02 07:31:57.357128+00:00
1598557469852180480,ukraine-de,True,True,False,False,False,False,False,False,False,False,2022-12-02 07:31:57.357027+00:00,2022-12-02 07:31:57.357027+00:00
1598557475451478016,ukraine-de,True,True,False,False,False,False,False,False,False,False,2022-12-02 07:31:57.356926+00:00,2022-12-02 07:31:57.356926+00:00
1598557483643023360,ukraine-de,True,True,False,False,False,False,False,False,False,False,2022-12-02 07:31:57.356823+00:00,2022-12-02 07:31:57.356823+00:00
1598557561032171520,ukraine-de,True,True,False,False,False,False,False,False,False,False,2022-12-02 07:31:57.356676+00:00,2022-12-02 07:31:57.356676+00:00
1598557561388761096,ukraine-de,True,True,False,False,False,False,False,False,False,False,2022-12-02 07:31:57.356575+00:00,2022-12-02 07:31:57.356575+00:00
1598557581789773824,ukraine-de,True,True,False,False,False,False,False,False,False,False,2022-12-02 07:31:57.356467+00:00,2022-12-02 07:31:57.356467+00:00
1598557609161883650,ukraine-de,True,True,False,False,False,False,False,False,False,False,2022-12-02 07:31:57.356351+00:00,2022-12-02 07:31:57.356351+00:00
1598557629697363970,ukraine-de,True,True,False,False,False,False,False,False,False,False,2022-12-02 07:31:57.356250+00:00,2022-12-02 07:31:57.356250+00:00
1598557633744551936,ukraine-de,True,True,False,False,False,False,False,False,False,False,2022-12-02 07:31:57.356136+00:00,2022-12-02 07:31:57.356136+00:00
1598557667953360897,ukraine-de,True,True,False,False,False,False,False,False,False,False,2022-12-02 07:31:57.356037+00:00,2022-12-02 07:31:57.356037+00:00
1598557703156031488,ukraine-de,True,False,False,False,False,False,False,False,False,False,2022-12-02 07:31:57.369990+00:00,2022-12-02 07:31:57.369990+00:00
1598557766104231937,ukraine-de,True,False,False,False,False,False,False,False,False,False,2022-12-02 07:31:57.386298+00:00,2022-12-02 07:31:57.386298+00:00
1598557791181905920,ukraine-de,True,True,False,False,False,False,False,False,False,False,2022-12-02 07:31:57.355935+00:00,2022-12-02 07:31:57.355935+00:00
1598557824094638081,ukraine-de,True,False,False,False,False,False,False,False,False,False,2022-12-02 10:31:39.215045+00:00,2022-12-02 10:31:39.215045+00:00
1598557824774201345,ukraine-de,True,True,False,False,False,False,False,False,False,False,2022-12-02 07:31:57.355831+00:00,2022-12-02 07:31:57.355831+00:00
1598557836048490496,ukraine-de,True,False,False,False,False,False,False,False,False,False,2022-12-02 10:31:14.330683+00:00,2022-12-02 10:31:14.330683+00:00
1598557838636351490,ukraine-de,True,True,False,False,False,False,False,False,False,False,2022-12-02 07:31:57.355726+00:00,2022-12-02 07:31:57.355726+00:00
1598557865639399424,ukraine-de,True,True,False,False,False,False,False,False,False,False,2022-12-02 07:31:57.355602+00:00,2022-12-02 07:31:57.355602+00:00
1598557880474636288,ukraine-de,True,True,False,False,False,False,False,False,False,False,2022-12-02 07:31:57.355459+00:00,2022-12-02 07:31:57.355459+00:00
1598557884991815682,ukraine-de,True,True,False,False,False,False,False,False,False,False,2022-12-02 07:31:57.355359+00:00,2022-12-02 07:31:57.355359+00:00
1598557924305129472,ukraine-de,True,True,False,False,False,False,False,False,False,False,2022-12-02 07:31:57.355257+00:00,2022-12-02 07:31:57.355257+00:00
1598557964788457473,ukraine-de,True,True,False,False,False,False,False,False,False,False,2022-12-02 07:31:57.355141+00:00,2022-12-02 07:31:57.355141+00:00
1598558077187497984,ukraine-de,True,True,False,False,False,False,False,False,False,False,2022-12-02 07:31:57.355034+00:00,2022-12-02 07:31:57.355034+00:00
1598558134968193026,ukraine-de,True,True,False,False,False,False,False,False,False,False,2022-12-02 07:31:57.354858+00:00,2022-12-02 07:31:57.354858+00:00
1598558226441818115,ukraine-de,True,True,False,False,False,False,False,False,False,False,2022-12-02 07:31:57.354760+00:00,2022-12-02 07:31:57.354760+00:00
1598558241281433600,ukraine-de,True,True,False,False,False,False,False,False,False,False,2022-12-02 07:31:57.354663+00:00,2022-12-02 07:31:57.354663+00:00
1598558255235575808,ukraine-de,True,True,False,False,False,False,False,False,False,False,2022-12-02 07:31:57.354564+00:00,2022-12-02 07:31:57.354564+00:00
1598558256510681088,ukraine-de,True,True,False,False,False,False,False,False,False,False,2022-12-02 07:31:57.354466+00:00,2022-12-02 07:31:57.354466+00:00
1598558283631104001,ukraine-de,True,True,False,False,False,False,False,False,False,False,2022-12-02 07:31:57.354365+00:00,2022-12-02 07:31:57.354365+00:00
1598558293202452482,ukraine-de,True,True,False,False,False,False,False,False,False,False,2022-12-02 07:31:57.354262+00:00,2022-12-02 07:31:57.354262+00:00
1598558322755600385,ukraine-de,True,True,False,False,False,False,False,False,False,False,2022-12-02 07:31:57.354143+00:00,2022-12-02 07:31:57.354143+00:00
1598558324047462400,ukraine-de,True,True,False,False,False,False,False,False,False,False,2022-12-02 07:31:57.354030+00:00,2022-12-02 07:31:57.354030+00:00
1598558335434997763,ukraine-de,True,True,False,False,False,False,False,False,False,False,2022-12-02 07:31:57.353913+00:00,2022-12-02 07:31:57.353913+00:00
1598558336860954626,ukraine-de,True,True,False,False,False,False,False,False,False,False,2022-12-02 07:31:57.353794+00:00,2022-12-02 07:31:57.353794+00:00
1598558405622472704,ukraine-de,True,False,False,False,False,False,False,False,False,False,2022-12-02 10:31:39.195174+00:00,2022-12-02 10:31:39.195174+00:00
1598558415172866049,ukraine-de,True,True,False,False,False,False,False,False,False,False,2022-12-02 07:31:57.353678+00:00,2022-12-02 07:31:57.353678+00:00
1598558479106670593,ukraine-de,True,True,False,False,False,False,False,False,False,False,2022-12-02 07:31:57.353560+00:00,2022-12-02 07:31:57.353560+00:00
1598558484395540480,ukraine-de,True,True,False,False,False,False,False,False,False,False,2022-12-02 07:31:57.353461+00:00,2022-12-02 07:31:57.353461+00:00
1598558543111548928,ukraine-de,True,True,False,False,False,False,False,False,False,False,2022-12-02 07:31:57.353362+00:00,2022-12-02 07:31:57.353362+00:00
1598558601702002688,ukraine-de,True,True,False,False,False,False,False,False,False,False,2022-12-02 07:31:57.353248+00:00,2022-12-02 07:31:57.353248+00:00
1598558618198151168,ukraine-de,True,True,False,False,False,False,False,False,False,False,2022-12-02 07:31:57.353149+00:00,2022-12-02 07:31:57.353149+00:00
1598558626825879552,ukraine-de,True,True,False,False,False,False,False,False,False,False,2022-12-02 07:31:57.353050+00:00,2022-12-02 07:31:57.353050+00:00
1598558675970527234,ukraine-de,True,True,False,False,False,False,False,False,False,False,2022-12-02 07:31:57.352932+00:00,2022-12-02 07:31:57.352932+00:00
1598558718290968577,ukraine-de,True,True,False,False,False,False,False,False,False,False,2022-12-02 07:31:57.352831+00:00,2022-12-02 07:31:57.352831+00:00
1598558731201089539,ukraine-de,True,True,False,False,False,False,False,False,False,False,2022-12-02 07:31:57.352726+00:00,2022-12-02 07:31:57.352726+00:00
1598558741942640641,ukraine-de,True,True,False,False,False,False,False,False,False,False,2022-12-02 07:31:57.352613+00:00,2022-12-02 07:31:57.352613+00:00
1598558742932504578,ukraine-de,True,True,False,False,False,False,False,False,False,False,2022-12-02 07:31:57.352476+00:00,2022-12-02 07:31:57.352476+00:00
1598558758854172675,ukraine-de,True,True,False,False,False,False,False,False,False,False,2022-12-02 07:31:57.352373+00:00,2022-12-02 07:31:57.352373+00:00
1598558811979128832,ukraine-de,True,True,False,False,False,False,False,False,False,False,2022-12-02 07:31:57.352262+00:00,2022-12-02 07:31:57.352262+00:00
1598558824700383233,ukraine-de,True,True,False,False,False,False,False,False,False,False,2022-12-02 07:31:57.352158+00:00,2022-12-02 07:31:57.352158+00:00
1598558865775132672,ukraine-de,True,True,False,False,False,False,False,False,False,False,2022-12-02 07:31:57.352049+00:00,2022-12-02 07:31:57.352049+00:00
1598558866429693952,ukraine-de,True,True,False,False,False,False,False,False,False,False,2022-12-02 07:31:57.351748+00:00,2022-12-02 07:31:57.351748+00:00
1598558868598054912,ukraine-de,True,True,False,False,False,False,False,False,False,False,2022-12-02 07:31:57.351648+00:00,2022-12-02 07:31:57.351648+00:00
1598558877540356096,ukraine-de,True,True,False,False,False,False,False,False,False,False,2022-12-02 07:31:57.351548+00:00,2022-12-02 07:31:57.351548+00:00
1598558884485963776,ukraine-de,True,True,False,False,False,False,False,False,False,False,2022-12-02 07:31:57.351429+00:00,2022-12-02 07:31:57.351429+00:00
1598558891012489216,ukraine-de,True,True,False,False,False,False,False,False,False,False,2022-12-02 07:31:57.351332+00:00,2022-12-02 07:31:57.351332+00:00
1598558900684455938,ukraine-de,True,True,False,False,False,False,False,False,False,False,2022-12-02 07:31:57.351220+00:00,2022-12-02 07:31:57.351220+00:00
1598558963406176256,ukraine-de,True,True,False,False,False,False,False,False,False,False,2022-12-02 07:30:28.858256+00:00,2022-12-02 07:31:57.351087+00:00
1598558976328626177,ukraine-de,True,True,False,False,False,False,False,False,False,False,2022-12-02 07:31:57.350980+00:00,2022-12-02 07:31:57.350980+00:00
1598558999862968321,ukraine-de,True,True,False,False,False,False,False,False,False,False,2022-12-02 07:31:57.350881+00:00,2022-12-02 07:31:57.350881+00:00
1598559007530262533,ukraine-de,True,True,False,False,False,False,False,False,False,False,2022-12-02 07:31:57.350765+00:00,2022-12-02 07:31:57.350765+00:00
1598559039113383937,ukraine-de,True,True,False,False,False,False,False,False,False,False,2022-12-02 07:31:57.350668+00:00,2022-12-02 07:31:57.350668+00:00
1598559151201734657,ukraine-de,True,True,False,False,False,False,False,False,False,False,2022-12-02 07:31:57.350553+00:00,2022-12-02 07:31:57.350553+00:00
1598559189655248897,ukraine-de,True,True,False,False,False,False,False,False,False,False,2022-12-02 07:31:57.350444+00:00,2022-12-02 07:31:57.350444+00:00
1598559191731687424,ukraine-de,True,True,False,False,False,False,False,False,False,False,2022-12-02 07:31:57.350346+00:00,2022-12-02 07:31:57.350346+00:00
1598559217568206848,ukraine-de,True,True,False,False,False,False,False,False,False,False,2022-12-02 07:31:57.350246+00:00,2022-12-02 07:31:57.350246+00:00
1598559219250233344,ukraine-de,True,True,False,False,False,False,False,False,False,False,2022-12-02 07:31:57.350144+00:00,2022-12-02 07:31:57.350144+00:00
1598559230851776513,ukraine-de,True,True,False,False,False,False,False,False,False,False,2022-12-02 07:31:57.349960+00:00,2022-12-02 07:31:57.349960+00:00
1598559304029802500,ukraine-de,True,True,False,False,False,False,False,False,False,False,2022-12-02 07:30:28.874950+00:00,2022-12-02 07:31:57.349858+00:00
1598559332811132929,ukraine-de,True,True,False,False,False,False,False,False,False,False,2022-12-02 07:31:57.349756+00:00,2022-12-02 07:31:57.349756+00:00
1598559420614672385,ukraine-de,True,True,False,False,False,False,False,False,False,False,2022-12-02 07:31:57.349638+00:00,2022-12-02 07:31:57.349638+00:00
1598559450331242496,ukraine-de,True,True,False,False,False,False,False,False,False,False,2022-12-02 07:31:57.349511+00:00,2022-12-02 07:31:57.349511+00:00
1598559462620647424,ukraine-de,True,True,False,False,False,False,False,False,False,False,2022-12-02 07:31:57.349413+00:00,2022-12-02 07:31:57.349413+00:00
1598559485005635584,ukraine-de,True,True,False,False,False,False,False,False,False,False,2022-12-02 07:31:57.349314+00:00,2022-12-02 07:31:57.349314+00:00
1598559567335538690,ukraine-de,True,True,False,False,False,False,False,False,False,False,2022-12-02 07:31:57.349212+00:00,2022-12-02 07:31:57.349212+00:00
1598559574344491009,ukraine-de,True,True,False,False,False,False,False,False,False,False,2022-12-02 07:31:57.349094+00:00,2022-12-02 07:31:57.349094+00:00
1598559586843246592,ukraine-de,True,False,False,False,False,False,False,False,False,False,2022-12-02 10:30:26.790100+00:00,2022-12-02 10:30:26.790100+00:00
1598559597131976704,ukraine-de,True,True,False,False,False,False,False,False,False,False,2022-12-02 07:31:57.348993+00:00,2022-12-02 07:31:57.348993+00:00
1598559714421264384,ukraine-de,True,True,False,False,False,False,False,False,False,False,2022-12-02 07:31:57.348892+00:00,2022-12-02 07:31:57.348892+00:00
1598559731148365824,ukraine-de,True,True,False,False,False,False,False,False,False,False,2022-12-02 07:31:57.348790+00:00,2022-12-02 07:31:57.348790+00:00
1598559748005060611,ukraine-de,True,True,False,False,False,False,False,False,False,False,2022-12-02 07:31:57.348660+00:00,2022-12-02 07:31:57.348660+00:00
1598559761083105280,ukraine-de,True,True,False,False,False,False,False,False,False,False,2022-12-02 07:30:28.864002+00:00,2022-12-02 07:31:57.348550+00:00
1598559780993376257,ukraine-de,True,False,False,False,False,False,False,False,False,False,2022-12-02 19:51:41.479164+00:00,2022-12-02 19:51:41.479164+00:00
1598559801008594944,ukraine-de,True,True,False,False,False,False,False,False,False,False,2022-12-02 07:31:57.348320+00:00,2022-12-02 07:31:57.348320+00:00
1598559879618301952,ukraine-de,True,True,False,False,False,False,False,False,False,False,2022-12-02 07:31:57.348210+00:00,2022-12-02 07:31:57.348210+00:00
1598559921686970368,ukraine-de,True,True,False,False,False,False,False,False,False,False,2022-12-02 07:31:57.348110+00:00,2022-12-02 07:31:57.348110+00:00
1598559921997377536,ukraine-de,True,True,False,False,False,False,False,False,False,False,2022-12-02 07:31:57.348010+00:00,2022-12-02 07:31:57.348010+00:00
1598559926753828866,ukraine-de,True,True,False,False,False,False,False,False,False,False,2022-12-02 07:31:57.347893+00:00,2022-12-02 07:31:57.347893+00:00
1598559927286386688,ukraine-de,True,True,False,False,False,False,False,False,False,False,2022-12-02 07:31:57.347794+00:00,2022-12-02 07:31:57.347794+00:00
1598559936899858434,ukraine-de,True,True,False,False,False,False,False,False,False,False,2022-12-02 07:31:57.347694+00:00,2022-12-02 07:31:57.347694+00:00
1598559953513496576,ukraine-de,True,True,False,False,False,False,False,False,False,False,2022-12-02 07:31:57.347595+00:00,2022-12-02 07:31:57.347595+00:00
1598559954138439681,ukraine-de,True,True,False,False,False,False,False,False,False,False,2022-12-02 07:31:57.347497+00:00,2022-12-02 07:31:57.347497+00:00
1598559986036211712,ukraine-de,True,True,False,False,False,False,False,False,False,False,2022-12-02 07:31:57.347395+00:00,2022-12-02 07:31:57.347395+00:00
1598560103430606854,ukraine-de,True,True,False,False,False,False,False,False,False,False,2022-12-02 07:31:57.347295+00:00,2022-12-02 07:31:57.347295+00:00
1598560105418543104,ukraine-de,True,True,False,False,False,False,False,False,False,False,2022-12-02 07:31:57.347178+00:00,2022-12-02 07:31:57.347178+00:00
1598560261094473730,ukraine-de,True,True,False,False,False,False,False,False,False,False,2022-12-02 07:31:57.347078+00:00,2022-12-02 07:31:57.347078+00:00
1598560289225670657,ukraine-de,True,True,False,False,False,False,False,False,False,False,2022-12-02 07:31:57.346979+00:00,2022-12-02 07:31:57.346979+00:00
1598560304727789569,ukraine-de,True,False,False,False,False,False,False,False,False,False,2022-12-02 07:30:28.874851+00:00,2022-12-02 07:30:28.874851+00:00
1598560317146951680,ukraine-de,True,True,False,False,False,False,False,False,False,False,2022-12-02 07:31:57.346879+00:00,2022-12-02 07:31:57.346879+00:00
1598560337267138561,ukraine-de,True,False,False,False,False,False,False,False,False,False,2022-12-02 07:31:57.383208+00:00,2022-12-02 07:31:57.383208+00:00
1598560343806169088,ukraine-de,True,False,False,False,False,False,False,False,False,False,2022-12-03 01:30:30.056697+00:00,2022-12-03 01:30:30.056697+00:00
1598560350810537984,ukraine-de,True,True,False,False,False,False,False,False,False,False,2022-12-02 07:31:57.346778+00:00,2022-12-02 07:31:57.346778+00:00
1598560456255447042,ukraine-de,True,True,False,False,False,False,False,False,False,False,2022-12-02 07:31:57.346674+00:00,2022-12-02 07:31:57.346674+00:00
1598560458180632577,ukraine-de,True,True,False,False,False,False,False,False,False,False,2022-12-02 07:31:57.346571+00:00,2022-12-02 07:31:57.346571+00:00
1598560565152071682,ukraine-de,True,True,False,False,False,False,False,False,False,False,2022-12-02 07:31:57.346466+00:00,2022-12-02 07:31:57.346466+00:00
1598560575725993984,ukraine-de,True,True,False,False,False,False,False,False,False,False,2022-12-02 07:31:57.346358+00:00,2022-12-02 07:31:57.346358+00:00
1598560602322259968,ukraine-de,True,True,False,False,False,False,False,False,False,False,2022-12-02 07:31:57.346202+00:00,2022-12-02 07:31:57.346202+00:00
1598560605786591232,ukraine-de,True,True,False,False,False,False,False,False,False,False,2022-12-02 07:31:57.345959+00:00,2022-12-02 07:31:57.345959+00:00
1598560611281010689,ukraine-de,True,True,False,False,False,False,False,False,False,False,2022-12-02 07:30:28.867526+00:00,2022-12-02 07:31:57.345836+00:00
1598560616964390914,ukraine-de,True,True,False,False,False,False,False,False,False,False,2022-12-02 07:31:57.345718+00:00,2022-12-02 07:31:57.345718+00:00
1598560617039790080,ukraine-de,True,True,False,False,False,False,False,False,False,False,2022-12-02 07:30:28.856126+00:00,2022-12-02 07:31:57.345600+00:00
1598560618495221761,ukraine-de,True,False,False,False,False,False,False,False,False,False,2022-12-02 15:01:30.389250+00:00,2022-12-02 15:01:30.389250+00:00
1598560655413420032,ukraine-de,True,True,False,False,False,False,False,False,False,False,2022-12-02 07:31:57.345473+00:00,2022-12-02 07:31:57.345473+00:00
1598560687139307521,ukraine-de,True,True,False,False,False,False,False,False,False,False,2022-12-02 07:31:57.345374+00:00,2022-12-02 07:31:57.345374+00:00
1598560779447435265,ukraine-de,True,False,False,False,False,False,False,False,False,False,2022-12-02 10:31:39.224992+00:00,2022-12-02 10:31:39.224992+00:00
1598560824624152576,ukraine-de,True,True,False,False,False,False,False,False,False,False,2022-12-02 07:31:57.345275+00:00,2022-12-02 07:31:57.345275+00:00
1598560828613185537,ukraine-de,True,True,False,False,False,False,False,False,False,False,2022-12-02 07:31:57.345178+00:00,2022-12-02 07:31:57.345178+00:00
1598560851719426048,ukraine-de,True,True,False,False,False,False,False,False,False,False,2022-12-02 07:31:57.345077+00:00,2022-12-02 07:31:57.345077+00:00
1598560878911229953,ukraine-de,True,False,False,False,False,False,False,False,False,False,2022-12-02 07:31:57.372256+00:00,2022-12-02 07:31:57.372256+00:00
1598560916576129029,ukraine-de,True,True,False,False,False,False,False,False,False,False,2022-12-02 07:30:28.857638+00:00,2022-12-02 07:31:57.344960+00:00
1598560929590943746,ukraine-de,True,True,False,False,False,False,False,False,False,False,2022-12-02 07:31:57.344860+00:00,2022-12-02 07:31:57.344860+00:00
1598560957751607298,ukraine-de,True,True,False,False,False,False,False,False,False,False,2022-12-02 07:31:57.344758+00:00,2022-12-02 07:31:57.344758+00:00
1598561001091133440,ukraine-de,True,True,False,False,False,False,False,False,False,False,2022-12-02 07:31:57.344633+00:00,2022-12-02 07:31:57.344633+00:00
1598561050982481920,ukraine-de,True,True,False,False,False,False,False,False,False,False,2022-12-02 07:31:57.344535+00:00,2022-12-02 07:31:57.344535+00:00
1598561064819499010,ukraine-de,True,True,False,False,False,False,False,False,False,False,2022-12-02 07:31:57.344436+00:00,2022-12-02 07:31:57.344436+00:00
1598561085367488514,ukraine-de,True,False,False,False,False,False,False,False,False,False,2022-12-02 07:31:57.380983+00:00,2022-12-02 07:31:57.380983+00:00
1598561090853552129,ukraine-de,True,True,False,False,False,False,False,False,False,False,2022-12-02 07:31:57.344335+00:00,2022-12-02 07:31:57.344335+00:00
1598561103449133056,ukraine-de,True,True,False,False,False,False,False,False,False,False,2022-12-02 07:31:57.344234+00:00,2022-12-02 07:31:57.344234+00:00
1598561109602349056,ukraine-de,True,True,False,False,False,False,False,False,False,False,2022-12-02 07:31:57.344132+00:00,2022-12-02 07:31:57.344132+00:00
1598561139515875332,ukraine-de,True,True,False,False,False,False,False,False,False,False,2022-12-02 07:31:57.344017+00:00,2022-12-02 07:31:57.344017+00:00
1598561154535755776,ukraine-de,True,True,False,False,False,False,False,False,False,False,2022-12-02 07:31:57.343902+00:00,2022-12-02 07:31:57.343902+00:00
1598561176740196352,ukraine-de,True,True,False,False,False,False,False,False,False,False,2022-12-02 07:31:57.343788+00:00,2022-12-02 07:31:57.343788+00:00
1598561212601622530,ukraine-de,True,True,False,False,False,False,False,False,False,False,2022-12-02 07:31:57.343694+00:00,2022-12-02 07:31:57.343694+00:00
1598561236899094528,ukraine-de,True,True,False,False,False,False,False,False,False,False,2022-12-02 07:31:57.343600+00:00,2022-12-02 07:31:57.343600+00:00
1598561282830979072,ukraine-de,True,True,False,False,False,False,False,False,False,False,2022-12-02 07:31:57.343492+00:00,2022-12-02 07:31:57.343492+00:00
1598561284630323200,ukraine-de,True,True,False,False,False,False,False,False,False,False,2022-12-02 07:31:57.343376+00:00,2022-12-02 07:31:57.343376+00:00
1598561286719143939,ukraine-de,True,True,False,False,False,False,False,False,False,False,2022-12-02 07:31:57.343280+00:00,2022-12-02 07:31:57.343280+00:00
1598561349738500097,ukraine-de,True,False,False,False,False,False,False,False,False,False,2022-12-02 07:31:57.380565+00:00,2022-12-02 07:31:57.380565+00:00
1598561402612060163,ukraine-de,True,False,False,False,False,False,False,False,False,False,2022-12-02 10:31:14.328644+00:00,2022-12-02 10:31:14.328644+00:00
1598561418688741377,ukraine-de,True,True,False,False,False,False,False,False,False,False,2022-12-02 07:31:57.343151+00:00,2022-12-02 07:31:57.343151+00:00
1598561424355229698,ukraine-de,True,True,False,False,False,False,False,False,False,False,2022-12-02 07:31:57.343034+00:00,2022-12-02 07:31:57.343034+00:00
1598561462267437056,ukraine-de,True,True,False,False,False,False,False,False,False,False,2022-12-02 07:31:57.342938+00:00,2022-12-02 07:31:57.342938+00:00
1598561468450062337,ukraine-de,True,True,False,False,False,False,False,False,False,False,2022-12-02 07:31:57.342843+00:00,2022-12-02 07:31:57.342843+00:00
1598561497709531138,ukraine-de,True,True,False,False,False,False,False,False,False,False,2022-12-02 07:31:57.342747+00:00,2022-12-02 07:31:57.342747+00:00
1598561506760826880,ukraine-de,True,True,False,False,False,False,False,False,False,False,2022-12-02 07:31:57.342650+00:00,2022-12-02 07:31:57.342650+00:00
1598561536859144199,ukraine-de,True,True,False,False,False,False,False,False,False,False,2022-12-02 07:31:57.342554+00:00,2022-12-02 07:31:57.342554+00:00
1598561544102608896,ukraine-de,True,True,False,False,False,False,False,False,False,False,2022-12-02 07:31:57.342458+00:00,2022-12-02 07:31:57.342458+00:00
1598561558774390786,ukraine-de,True,True,False,False,False,False,False,False,False,False,2022-12-02 07:31:57.342347+00:00,2022-12-02 07:31:57.342347+00:00
1598561574503043075,ukraine-de,True,True,False,False,False,False,False,False,False,False,2022-12-02 07:31:57.342220+00:00,2022-12-02 07:31:57.342220+00:00
1598561579649232896,ukraine-de,True,True,False,False,False,False,False,False,False,False,2022-12-02 07:31:57.342123+00:00,2022-12-02 07:31:57.342123+00:00
1598561708192067585,ukraine-de,True,True,False,False,False,False,False,False,False,False,2022-12-02 07:31:57.342026+00:00,2022-12-02 07:31:57.342026+00:00
1598561711140884480,ukraine-de,True,True,False,False,False,False,False,False,False,False,2022-12-02 07:31:57.341915+00:00,2022-12-02 07:31:57.341915+00:00
1598561741713055744,ukraine-de,True,True,False,False,False,False,False,False,False,False,2022-12-02 07:31:57.341815+00:00,2022-12-02 07:31:57.341815+00:00
1598561767961116673,ukraine-de,True,True,False,False,False,False,False,False,False,False,2022-12-02 07:31:57.341714+00:00,2022-12-02 07:31:57.341714+00:00
1598561771530379265,ukraine-de,True,True,False,False,False,False,False,False,False,False,2022-12-02 07:31:57.341610+00:00,2022-12-02 07:31:57.341610+00:00
1598561773262557184,ukraine-de,True,True,False,False,False,False,False,False,False,False,2022-12-02 07:31:57.341484+00:00,2022-12-02 07:31:57.341484+00:00
1598561844586651648,ukraine-de,True,True,False,False,False,False,False,False,False,False,2022-12-02 07:31:57.341374+00:00,2022-12-02 07:31:57.341374+00:00
1598561861984784384,ukraine-de,True,True,False,False,False,False,False,False,False,False,2022-12-02 07:31:57.341183+00:00,2022-12-02 07:31:57.341183+00:00
1598561866669850624,ukraine-de,True,True,False,False,False,False,False,False,False,False,2022-12-02 07:31:57.341068+00:00,2022-12-02 07:31:57.341068+00:00
1598561904703803392,ukraine-de,True,True,False,False,False,False,False,False,False,False,2022-12-02 07:31:57.340968+00:00,2022-12-02 07:31:57.340968+00:00
1598561923485892609,ukraine-de,True,False,False,False,False,False,False,False,False,False,2022-12-02 22:35:45.772904+00:00,2022-12-02 22:35:45.772904+00:00
1598562020898611201,ukraine-de,True,True,False,False,False,False,False,False,False,False,2022-12-02 07:31:57.340868+00:00,2022-12-02 07:31:57.340868+00:00
1598562024392478721,ukraine-de,True,True,False,False,False,False,False,False,False,False,2022-12-02 07:31:57.340767+00:00,2022-12-02 07:31:57.340767+00:00
1598562032747307008,ukraine-de,True,True,False,False,False,False,False,False,False,False,2022-12-02 07:31:57.340657+00:00,2022-12-02 07:31:57.340657+00:00
1598562042272677890,ukraine-de,True,False,False,False,False,False,False,False,False,False,2022-12-02 15:07:33.559958+00:00,2022-12-02 15:07:33.559958+00:00
1598562057472860162,ukraine-de,True,True,False,False,False,False,False,False,False,False,2022-12-02 07:31:57.340537+00:00,2022-12-02 07:31:57.340537+00:00
1598562077098082305,ukraine-de,True,True,False,False,False,False,False,False,False,False,2022-12-02 07:31:57.340422+00:00,2022-12-02 07:31:57.340422+00:00
1598562102440235008,ukraine-de,True,True,False,False,False,False,False,False,False,False,2022-12-02 07:31:57.340325+00:00,2022-12-02 07:31:57.340325+00:00
1598562104448909315,ukraine-de,True,True,False,False,False,False,False,False,False,False,2022-12-02 07:31:57.340226+00:00,2022-12-02 07:31:57.340226+00:00
1598562107854921731,ukraine-de,True,True,False,False,False,False,False,False,False,False,2022-12-02 07:31:57.340110+00:00,2022-12-02 07:31:57.340110+00:00
1598562193477443584,ukraine-de,True,True,False,False,False,False,False,False,False,False,2022-12-02 07:31:57.339929+00:00,2022-12-02 07:31:57.339929+00:00
1598562204692905984,ukraine-de,True,True,False,False,False,False,False,False,False,False,2022-12-02 07:31:57.339834+00:00,2022-12-02 07:31:57.339834+00:00
1598562285018120192,ukraine-de,True,True,False,False,False,False,False,False,False,False,2022-12-02 07:31:57.339738+00:00,2022-12-02 07:31:57.339738+00:00
1598562289426333696,ukraine-de,True,True,False,False,False,False,False,False,False,False,2022-12-02 07:31:57.339631+00:00,2022-12-02 07:31:57.339631+00:00
1598562321990881280,ukraine-de,True,True,False,False,False,False,False,False,False,False,2022-12-02 07:31:57.339533+00:00,2022-12-02 07:31:57.339533+00:00
1598562332006834176,ukraine-de,True,True,False,False,False,False,False,False,False,False,2022-12-02 07:31:57.339434+00:00,2022-12-02 07:31:57.339434+00:00
1598562337820217345,ukraine-de,True,True,False,False,False,False,False,False,False,False,2022-12-02 07:30:28.868083+00:00,2022-12-02 07:31:57.339333+00:00
1598562392253792256,ukraine-de,True,True,False,False,False,False,False,False,False,False,2022-12-02 07:31:57.339226+00:00,2022-12-02 07:31:57.339226+00:00
1598562441604079618,ukraine-de,True,True,False,False,False,False,False,False,False,False,2022-12-02 07:31:57.339128+00:00,2022-12-02 07:31:57.339128+00:00
1598562444120653824,ukraine-de,True,True,False,False,False,False,False,False,False,False,2022-12-02 07:31:57.339027+00:00,2022-12-02 07:31:57.339027+00:00
1598562517705449473,ukraine-de,True,True,False,False,False,False,False,False,False,False,2022-12-02 07:31:57.338928+00:00,2022-12-02 07:31:57.338928+00:00
1598562549238272001,ukraine-de,True,True,False,False,False,False,False,False,False,False,2022-12-02 07:31:57.338829+00:00,2022-12-02 07:31:57.338829+00:00
1598562552664899584,ukraine-de,True,True,False,False,False,False,False,False,False,False,2022-12-02 07:31:57.338728+00:00,2022-12-02 07:31:57.338728+00:00
1598562561418469378,ukraine-de,True,True,False,False,False,False,False,False,False,False,2022-12-02 07:31:57.338628+00:00,2022-12-02 07:31:57.338628+00:00
1598562616472997890,ukraine-de,True,True,False,False,False,False,False,False,False,False,2022-12-02 07:31:57.338515+00:00,2022-12-02 07:31:57.338515+00:00
1598562619337474049,ukraine-de,True,True,False,False,False,False,False,False,False,False,2022-12-02 07:31:57.338399+00:00,2022-12-02 07:31:57.338399+00:00
1598562627390787584,ukraine-de,True,True,False,False,False,False,False,False,False,False,2022-12-02 07:31:57.338290+00:00,2022-12-02 07:31:57.338290+00:00
1598562648072806400,ukraine-de,True,True,False,False,False,False,False,False,False,False,2022-12-02 07:30:28.871545+00:00,2022-12-02 07:31:57.338158+00:00
1598562669266509826,ukraine-de,True,True,False,False,False,False,False,False,False,False,2022-12-02 07:31:57.338039+00:00,2022-12-02 07:31:57.338039+00:00
1598562711192977408,ukraine-de,True,True,False,False,False,False,False,False,False,False,2022-12-02 07:31:57.337927+00:00,2022-12-02 07:31:57.337927+00:00
1598562740624183298,ukraine-de,True,True,False,False,False,False,False,False,False,False,2022-12-02 07:31:57.337808+00:00,2022-12-02 07:31:57.337808+00:00
1598562746102169601,ukraine-de,True,True,False,False,False,False,False,False,False,False,2022-12-02 07:31:57.337708+00:00,2022-12-02 07:31:57.337708+00:00
1598562784463138817,ukraine-de,True,False,False,False,False,False,False,False,False,False,2022-12-02 10:31:14.318176+00:00,2022-12-02 10:31:14.318176+00:00
1598562793711599620,ukraine-de,True,True,False,False,False,False,False,False,False,False,2022-12-02 07:31:57.337603+00:00,2022-12-02 07:31:57.337603+00:00
1598562884400750592,ukraine-de,True,True,False,False,False,False,False,False,False,False,2022-12-02 07:31:57.337482+00:00,2022-12-02 07:31:57.337482+00:00
1598562901539033088,ukraine-de,True,True,False,False,False,False,False,False,False,False,2022-12-02 07:31:57.337299+00:00,2022-12-02 07:31:57.337299+00:00
1598562961924141056,ukraine-de,True,True,False,False,False,False,False,False,False,False,2022-12-02 07:31:57.337183+00:00,2022-12-02 07:31:57.337183+00:00
1598562970883203072,ukraine-de,True,True,False,False,False,False,False,False,False,False,2022-12-02 07:31:57.337084+00:00,2022-12-02 07:31:57.337084+00:00
1598562979447857152,ukraine-de,True,True,False,False,False,False,False,False,False,False,2022-12-02 07:31:57.336982+00:00,2022-12-02 07:31:57.336982+00:00
1598563035483967488,ukraine-de,True,True,False,False,False,False,False,False,False,False,2022-12-02 07:31:57.336873+00:00,2022-12-02 07:31:57.336873+00:00
1598563097119277058,ukraine-de,True,True,False,False,False,False,False,False,False,False,2022-12-02 07:31:57.336774+00:00,2022-12-02 07:31:57.336774+00:00
1598563102248665088,ukraine-de,True,True,False,False,False,False,False,False,False,False,2022-12-02 07:31:57.336647+00:00,2022-12-02 07:31:57.336647+00:00
1598563149942181888,ukraine-de,True,True,False,False,False,False,False,False,False,False,2022-12-02 07:31:57.336553+00:00,2022-12-02 07:31:57.336553+00:00
1598563167679889408,ukraine-de,True,True,False,False,False,False,False,False,False,False,2022-12-02 07:31:57.336459+00:00,2022-12-02 07:31:57.336459+00:00
1598563185040277504,ukraine-de,True,True,False,False,False,False,False,False,False,False,2022-12-02 07:31:57.336352+00:00,2022-12-02 07:31:57.336352+00:00
1598563251054329858,ukraine-de,True,True,False,False,False,False,False,False,False,False,2022-12-02 07:31:57.336254+00:00,2022-12-02 07:31:57.336254+00:00
1598563294901682179,ukraine-de,True,True,False,False,False,False,False,False,False,False,2022-12-02 07:31:57.336154+00:00,2022-12-02 07:31:57.336154+00:00
1598563325037580288,ukraine-de,True,True,False,False,False,False,False,False,False,False,2022-12-02 07:31:57.336055+00:00,2022-12-02 07:31:57.336055+00:00
1598563358734782467,ukraine-de,True,True,False,False,False,False,False,False,False,False,2022-12-02 07:31:57.335956+00:00,2022-12-02 07:31:57.335956+00:00
1598563372609540096,ukraine-de,True,True,False,False,False,False,False,False,False,False,2022-12-02 07:31:57.335853+00:00,2022-12-02 07:31:57.335853+00:00
1598563374513750017,ukraine-de,True,True,False,False,False,False,False,False,False,False,2022-12-02 07:31:57.335751+00:00,2022-12-02 07:31:57.335751+00:00
1598563392154894336,ukraine-de,True,True,False,False,False,False,False,False,False,False,2022-12-02 07:31:57.335625+00:00,2022-12-02 07:31:57.335625+00:00
1598563518814593027,ukraine-de,True,False,False,False,False,False,False,False,False,False,2022-12-02 10:30:26.777301+00:00,2022-12-02 10:30:26.777301+00:00
1598563520269926400,ukraine-de,True,True,False,False,False,False,False,False,False,False,2022-12-02 07:31:57.335527+00:00,2022-12-02 07:31:57.335527+00:00
1598563524849958913,ukraine-de,True,True,False,False,False,False,False,False,False,False,2022-12-02 07:31:57.335428+00:00,2022-12-02 07:31:57.335428+00:00
1598563582433714182,ukraine-de,True,True,False,False,False,False,False,False,False,False,2022-12-02 07:31:57.335328+00:00,2022-12-02 07:31:57.335328+00:00
1598563596556017664,ukraine-de,True,True,False,False,False,False,False,False,False,False,2022-12-02 07:31:57.335228+00:00,2022-12-02 07:31:57.335228+00:00
1598563609516179457,ukraine-de,True,False,False,False,False,False,False,False,False,False,2022-12-02 07:30:28.854631+00:00,2022-12-02 07:30:28.854631+00:00
1598563615912722432,ukraine-de,True,True,False,False,False,False,False,False,False,False,2022-12-02 07:31:57.335125+00:00,2022-12-02 07:31:57.335125+00:00
1598563659575336960,ukraine-de,True,True,False,False,False,False,False,False,False,False,2022-12-02 07:31:57.335013+00:00,2022-12-02 07:31:57.335013+00:00
1598563698938978304,ukraine-de,True,True,False,False,False,False,False,False,False,False,2022-12-02 07:31:57.334911+00:00,2022-12-02 07:31:57.334911+00:00
1598563702185271296,ukraine-de,True,True,False,False,False,False,False,False,False,False,2022-12-02 07:31:57.334781+00:00,2022-12-02 07:31:57.334781+00:00
1598563741498372096,ukraine-de,True,True,False,False,False,False,False,False,False,False,2022-12-02 07:31:57.334682+00:00,2022-12-02 07:31:57.334682+00:00
1598563760389636098,ukraine-de,True,True,False,False,False,False,False,False,False,False,2022-12-02 07:31:57.334584+00:00,2022-12-02 07:31:57.334584+00:00
1598563823576928257,ukraine-de,True,True,False,False,False,False,False,False,False,False,2022-12-02 07:31:57.334483+00:00,2022-12-02 07:31:57.334483+00:00
1598563842837123072,ukraine-de,True,True,False,False,False,False,False,False,False,False,2022-12-02 07:31:57.334383+00:00,2022-12-02 07:31:57.334383+00:00
1598563854702632965,ukraine-de,True,True,False,False,False,False,False,False,False,False,2022-12-02 07:31:57.334283+00:00,2022-12-02 07:31:57.334283+00:00
1598563877951766528,ukraine-de,True,True,False,False,False,False,False,False,False,False,2022-12-02 07:31:57.334182+00:00,2022-12-02 07:31:57.334182+00:00
1598563881462505472,ukraine-de,True,True,False,False,False,False,False,False,False,False,2022-12-02 07:31:57.334067+00:00,2022-12-02 07:31:57.334067+00:00
1598563895639035904,ukraine-de,True,True,False,False,False,False,False,False,False,False,2022-12-02 07:31:57.333940+00:00,2022-12-02 07:31:57.333940+00:00
1598563906645098496,ukraine-de,True,True,False,False,False,False,False,False,False,False,2022-12-02 07:31:57.333762+00:00,2022-12-02 07:31:57.333762+00:00
1598563908842815490,ukraine-de,True,True,False,False,False,False,False,False,False,False,2022-12-02 07:30:28.876361+00:00,2022-12-02 07:31:57.333638+00:00
1598563937884184577,ukraine-de,True,True,False,False,False,False,False,False,False,False,2022-12-02 07:31:57.333512+00:00,2022-12-02 07:31:57.333512+00:00
1598563961653297152,ukraine-de,True,True,False,False,False,False,False,False,False,False,2022-12-02 07:31:57.333408+00:00,2022-12-02 07:31:57.333408+00:00
1598563985397354496,ukraine-de,True,True,False,False,False,False,False,False,False,False,2022-12-02 07:31:57.333286+00:00,2022-12-02 07:31:57.333286+00:00
1598563996738592768,ukraine-de,True,True,False,False,False,False,False,False,False,False,2022-12-02 07:31:57.333184+00:00,2022-12-02 07:31:57.333184+00:00
1598564032570707968,ukraine-de,True,True,False,False,False,False,False,False,False,False,2022-12-02 07:31:57.333083+00:00,2022-12-02 07:31:57.333083+00:00
1598564034416201729,ukraine-de,True,True,False,False,False,False,False,False,False,False,2022-12-02 07:31:57.332982+00:00,2022-12-02 07:31:57.332982+00:00
1598564084471169024,ukraine-de,True,True,False,False,False,False,False,False,False,False,2022-12-02 07:31:57.332865+00:00,2022-12-02 07:31:57.332865+00:00
1598564115903045633,ukraine-de,True,True,False,False,False,False,False,False,False,False,2022-12-02 07:31:57.332761+00:00,2022-12-02 07:31:57.332761+00:00
1598564143400996864,ukraine-de,True,True,False,False,False,False,False,False,False,False,2022-12-02 07:31:57.332632+00:00,2022-12-02 07:31:57.332632+00:00
1598564190012116992,ukraine-de,True,True,False,False,False,False,False,False,False,False,2022-12-02 07:31:57.332516+00:00,2022-12-02 07:31:57.332516+00:00
1598564199231238144,ukraine-de,True,True,False,False,False,False,False,False,False,False,2022-12-02 07:31:57.332398+00:00,2022-12-02 07:31:57.332398+00:00
1598564253337894912,ukraine-de,True,True,False,False,False,False,False,False,False,False,2022-12-02 07:31:57.332279+00:00,2022-12-02 07:31:57.332279+00:00
1598564272497299456,ukraine-de,True,False,False,False,False,False,False,False,False,False,2022-12-02 19:50:17.513936+00:00,2022-12-02 19:50:17.513936+00:00
1598564277564018688,ukraine-de,True,True,False,False,False,False,False,False,False,False,2022-12-02 07:31:57.332179+00:00,2022-12-02 07:31:57.332179+00:00
1598564327983677440,ukraine-de,True,False,False,False,False,False,False,False,False,False,2022-12-02 07:31:57.377753+00:00,2022-12-02 07:31:57.377753+00:00
1598564330366287872,ukraine-de,True,True,False,False,False,False,False,False,False,False,2022-12-02 07:31:57.332080+00:00,2022-12-02 07:31:57.332080+00:00
1598564372040847361,ukraine-de,True,True,False,False,False,False,False,False,False,False,2022-12-02 07:31:57.331978+00:00,2022-12-02 07:31:57.331978+00:00
1598564388918771712,ukraine-de,True,True,False,False,False,False,False,False,False,False,2022-12-02 07:31:57.331875+00:00,2022-12-02 07:31:57.331875+00:00
1598564446305222657,ukraine-de,True,True,False,False,False,False,False,False,False,False,2022-12-02 07:31:57.331726+00:00,2022-12-02 07:31:57.331726+00:00
1598564457441009664,ukraine-de,True,True,False,False,False,False,False,False,False,False,2022-12-02 07:31:57.331625+00:00,2022-12-02 07:31:57.331625+00:00
1598564470254706689,ukraine-de,True,True,False,False,False,False,False,False,False,False,2022-12-02 07:31:57.331525+00:00,2022-12-02 07:31:57.331525+00:00
1598564474885120001,ukraine-de,True,True,False,False,False,False,False,False,False,False,2022-12-02 07:31:57.331422+00:00,2022-12-02 07:31:57.331422+00:00
1598564476927754241,ukraine-de,True,True,False,False,False,False,False,False,False,False,2022-12-02 07:31:57.331303+00:00,2022-12-02 07:31:57.331303+00:00
1598564499707072512,ukraine-de,True,True,False,False,False,False,False,False,False,False,2022-12-02 07:31:57.331183+00:00,2022-12-02 07:31:57.331183+00:00
1598564512210223104,ukraine-de,True,True,False,False,False,False,False,False,False,False,2022-12-02 07:31:57.331084+00:00,2022-12-02 07:31:57.331084+00:00
1598564569827475456,ukraine-de,True,True,False,False,False,False,False,False,False,False,2022-12-02 07:31:57.330980+00:00,2022-12-02 07:31:57.330980+00:00
1598564622143033344,ukraine-de,True,True,False,False,False,False,False,False,False,False,2022-12-02 07:31:57.330856+00:00,2022-12-02 07:31:57.330856+00:00
1598564644397907968,ukraine-de,True,False,False,False,False,False,False,False,False,False,2022-12-02 07:30:28.864629+00:00,2022-12-02 07:30:28.864629+00:00
1598564647153635328,ukraine-de,True,False,False,False,False,False,False,False,False,False,2022-12-02 07:30:28.869813+00:00,2022-12-02 07:30:28.869813+00:00
1598564676446453760,ukraine-de,True,True,False,False,False,False,False,False,False,False,2022-12-02 07:31:57.330634+00:00,2022-12-02 07:31:57.330634+00:00
1598564679432818693,ukraine-de,True,True,False,False,False,False,False,False,False,False,2022-12-02 07:31:57.330536+00:00,2022-12-02 07:31:57.330536+00:00
1598564734495850496,ukraine-de,True,True,False,False,False,False,False,False,False,False,2022-12-02 07:31:57.330435+00:00,2022-12-02 07:31:57.330435+00:00
1598564739847753728,ukraine-de,True,True,False,False,False,False,False,False,False,False,2022-12-02 07:31:57.330334+00:00,2022-12-02 07:31:57.330334+00:00
1598564750035914752,ukraine-de,True,True,False,False,False,False,False,False,False,False,2022-12-02 07:31:57.330233+00:00,2022-12-02 07:31:57.330233+00:00
1598564757736677377,ukraine-de,True,True,False,False,False,False,False,False,False,False,2022-12-02 07:31:57.330116+00:00,2022-12-02 07:31:57.330116+00:00
1598564771498016768,ukraine-de,True,True,False,False,False,False,False,False,False,False,2022-12-02 07:31:57.330012+00:00,2022-12-02 07:31:57.330012+00:00
1598564786308059137,ukraine-de,True,True,False,False,False,False,False,False,False,False,2022-12-02 07:31:57.329846+00:00,2022-12-02 07:31:57.329846+00:00
1598564822966214656,ukraine-de,True,True,False,False,False,False,False,False,False,False,2022-12-02 07:31:57.329739+00:00,2022-12-02 07:31:57.329739+00:00
1598564826158190593,ukraine-de,True,True,False,False,False,False,False,False,False,False,2022-12-02 07:31:57.329563+00:00,2022-12-02 07:31:57.329563+00:00
1598564908374687744,ukraine-de,True,True,False,False,False,False,False,False,False,False,2022-12-02 07:31:57.329462+00:00,2022-12-02 07:31:57.329462+00:00
1598564938129121280,ukraine-de,True,True,False,False,False,False,False,False,False,False,2022-12-02 07:31:57.329355+00:00,2022-12-02 07:31:57.329355+00:00
1598564949692977152,ukraine-de,True,True,False,False,False,False,False,False,False,False,2022-12-02 07:31:57.329184+00:00,2022-12-02 07:31:57.329184+00:00
1598564954097045505,ukraine-de,True,False,False,False,False,False,False,False,False,False,2022-12-02 22:35:17.186854+00:00,2022-12-02 22:35:17.186854+00:00
1598565055100063745,ukraine-de,True,True,False,False,False,False,False,False,False,False,2022-12-02 07:31:57.329083+00:00,2022-12-02 07:31:57.329083+00:00
1598565062775832576,ukraine-de,True,True,False,False,False,False,False,False,False,False,2022-12-02 07:31:57.328983+00:00,2022-12-02 07:31:57.328983+00:00
1598565094262292482,ukraine-de,True,True,False,False,False,False,False,False,False,False,2022-12-02 07:31:57.328879+00:00,2022-12-02 07:31:57.328879+00:00
1598565096279662592,ukraine-de,True,True,False,False,False,False,False,False,False,False,2022-12-02 07:31:57.328697+00:00,2022-12-02 07:31:57.328697+00:00
1598565098053853184,ukraine-de,True,True,False,False,False,False,False,False,False,False,2022-12-02 07:31:57.328595+00:00,2022-12-02 07:31:57.328595+00:00
1598565102193496067,ukraine-de,True,False,False,False,False,False,False,False,False,False,2022-12-02 07:31:57.374738+00:00,2022-12-02 07:31:57.374738+00:00
1598565113992081408,ukraine-de,True,True,False,False,False,False,False,False,False,False,2022-12-02 07:31:57.328493+00:00,2022-12-02 07:31:57.328493+00:00
1598565125471891457,ukraine-de,True,True,False,False,False,False,False,False,False,False,2022-12-02 07:31:57.328391+00:00,2022-12-02 07:31:57.328391+00:00
1598565126097043456,ukraine-de,True,True,False,False,False,False,False,False,False,False,2022-12-02 07:31:57.328274+00:00,2022-12-02 07:31:57.328274+00:00
1598565131520180225,ukraine-de,True,True,False,False,False,False,False,False,False,False,2022-12-02 07:31:57.328174+00:00,2022-12-02 07:31:57.328174+00:00
1598565133298573312,ukraine-de,True,True,False,False,False,False,False,False,False,False,2022-12-02 07:31:57.328073+00:00,2022-12-02 07:31:57.328073+00:00
1598565138591875073,ukraine-de,True,True,False,False,False,False,False,False,False,False,2022-12-02 07:31:57.327950+00:00,2022-12-02 07:31:57.327950+00:00
1598565179939328000,ukraine-de,True,True,False,False,False,False,False,False,False,False,2022-12-02 07:31:57.327840+00:00,2022-12-02 07:31:57.327840+00:00
1598565212776538112,ukraine-de,True,True,False,False,False,False,False,False,False,False,2022-12-02 07:31:57.327685+00:00,2022-12-02 07:31:57.327685+00:00
1598565215674712064,ukraine-de,True,True,False,False,False,False,False,False,False,False,2022-12-02 07:31:57.327582+00:00,2022-12-02 07:31:57.327582+00:00
1598565235669229569,ukraine-de,True,True,False,False,False,False,False,False,False,False,2022-12-02 07:31:57.327452+00:00,2022-12-02 07:31:57.327452+00:00
1598565251762585600,ukraine-de,True,True,False,False,False,False,False,False,False,False,2022-12-02 07:31:57.327291+00:00,2022-12-02 07:31:57.327291+00:00
1598565277444210689,ukraine-de,True,True,False,False,False,False,False,False,False,False,2022-12-02 07:31:57.327190+00:00,2022-12-02 07:31:57.327190+00:00
1598565307118936064,ukraine-de,True,True,False,False,False,False,False,False,False,False,2022-12-02 07:31:57.327085+00:00,2022-12-02 07:31:57.327085+00:00
1598565374663921665,ukraine-de,True,True,False,False,False,False,False,False,False,False,2022-12-02 07:31:57.326910+00:00,2022-12-02 07:31:57.326910+00:00
1598565376551309313,ukraine-de,True,False,False,False,False,False,False,False,False,False,2022-12-02 10:31:39.196811+00:00,2022-12-02 10:31:39.196811+00:00
1598565396466094083,ukraine-de,True,True,False,False,False,False,False,False,False,False,2022-12-02 07:31:57.326811+00:00,2022-12-02 07:31:57.326811+00:00
1598565455140192260,ukraine-de,True,True,False,False,False,False,False,False,False,False,2022-12-02 07:31:57.326710+00:00,2022-12-02 07:31:57.326710+00:00
1598565541966479360,ukraine-de,True,True,False,False,False,False,False,False,False,False,2022-12-02 07:31:57.326538+00:00,2022-12-02 07:31:57.326538+00:00
1598565569082454017,ukraine-de,True,True,False,False,False,False,False,False,False,False,2022-12-02 07:31:57.326437+00:00,2022-12-02 07:31:57.326437+00:00
1598565574476550146,ukraine-de,True,True,False,False,False,False,False,False,False,False,2022-12-02 07:31:57.326336+00:00,2022-12-02 07:31:57.326336+00:00
1598565595548717061,ukraine-de,True,True,False,False,False,False,False,False,False,False,2022-12-02 07:31:57.326231+00:00,2022-12-02 07:31:57.326231+00:00
1598565598262226944,ukraine-de,True,True,False,False,False,False,False,False,False,False,2022-12-02 07:31:57.326121+00:00,2022-12-02 07:31:57.326121+00:00
1598565671327174656,ukraine-de,True,True,False,False,False,False,False,False,False,False,2022-12-02 07:31:57.325886+00:00,2022-12-02 07:31:57.325886+00:00
1598565671658344448,ukraine-de,True,True,False,False,False,False,False,False,False,False,2022-12-02 07:31:57.325758+00:00,2022-12-02 07:31:57.325758+00:00
1598565677840883713,ukraine-de,True,True,False,False,False,False,False,False,False,False,2022-12-02 07:31:57.325505+00:00,2022-12-02 07:31:57.325505+00:00
1598565686066151424,ukraine-de,True,True,False,False,False,False,False,False,False,False,2022-12-02 07:31:57.325404+00:00,2022-12-02 07:31:57.325404+00:00
1598565716289953793,ukraine-de,True,True,False,False,False,False,False,False,False,False,2022-12-02 07:31:57.325304+00:00,2022-12-02 07:31:57.325304+00:00
1598565739014782977,ukraine-de,True,True,False,False,False,False,False,False,False,False,2022-12-02 07:31:57.325203+00:00,2022-12-02 07:31:57.325203+00:00
1598565765027962880,ukraine-de,True,True,False,False,False,False,False,False,False,False,2022-12-02 07:31:57.325075+00:00,2022-12-02 07:31:57.325075+00:00
1598565783868956672,ukraine-de,True,True,False,False,False,False,False,False,False,False,2022-12-02 07:31:57.324911+00:00,2022-12-02 07:31:57.324911+00:00
1598565791921741824,ukraine-de,True,True,False,False,False,False,False,False,False,False,2022-12-02 07:31:57.324791+00:00,2022-12-02 07:31:57.324791+00:00
1598565874000093184,ukraine-de,True,True,False,False,False,False,False,False,False,False,2022-12-02 07:31:57.324676+00:00,2022-12-02 07:31:57.324676+00:00
1598565878714417152,ukraine-de,True,True,False,False,False,False,False,False,False,False,2022-12-02 07:31:57.324564+00:00,2022-12-02 07:31:57.324564+00:00
1598565890148139008,ukraine-de,True,True,False,False,False,False,False,False,False,False,2022-12-02 07:31:57.324339+00:00,2022-12-02 07:31:57.324339+00:00
1598565910389792769,ukraine-de,True,True,False,False,False,False,False,False,False,False,2022-12-02 07:31:57.324212+00:00,2022-12-02 07:31:57.324212+00:00
1598565927871827970,ukraine-de,True,True,False,False,False,False,False,False,False,False,2022-12-02 07:31:57.324113+00:00,2022-12-02 07:31:57.324113+00:00
1598565934473641985,ukraine-de,True,True,False,False,False,False,False,False,False,False,2022-12-02 07:31:57.324012+00:00,2022-12-02 07:31:57.324012+00:00
1598565949053046789,ukraine-de,True,True,False,False,False,False,False,False,False,False,2022-12-02 07:31:57.323909+00:00,2022-12-02 07:31:57.323909+00:00
1598565960650264576,ukraine-de,True,True,False,False,False,False,False,False,False,False,2022-12-02 07:31:57.323751+00:00,2022-12-02 07:31:57.323751+00:00
1598566011401392129,ukraine-de,True,True,False,False,False,False,False,False,False,False,2022-12-02 07:31:57.323650+00:00,2022-12-02 07:31:57.323650+00:00
1598566059199664129,ukraine-de,True,True,False,False,False,False,False,False,False,False,2022-12-02 07:31:57.323547+00:00,2022-12-02 07:31:57.323547+00:00
1598566084008939520,ukraine-de,True,True,False,False,False,False,False,False,False,False,2022-12-02 07:31:57.323436+00:00,2022-12-02 07:31:57.323436+00:00
1598566196940619776,ukraine-de,True,True,False,False,False,False,False,False,False,False,2022-12-02 07:31:57.323282+00:00,2022-12-02 07:31:57.323282+00:00
1598566210341306368,ukraine-de,True,True,False,False,False,False,False,False,False,False,2022-12-02 07:31:57.323180+00:00,2022-12-02 07:31:57.323180+00:00
1598566286451171328,ukraine-de,True,False,False,False,False,False,False,False,False,False,2022-12-02 07:30:28.855344+00:00,2022-12-02 07:30:28.855344+00:00
1598566295829729281,ukraine-de,True,True,False,False,False,False,False,False,False,False,2022-12-02 07:31:57.323076+00:00,2022-12-02 07:31:57.323076+00:00
1598566323801538564,ukraine-de,True,True,False,False,False,False,False,False,False,False,2022-12-02 07:31:57.322903+00:00,2022-12-02 07:31:57.322903+00:00
1598566339819487233,ukraine-de,True,True,False,False,False,False,False,False,False,False,2022-12-02 07:31:57.322802+00:00,2022-12-02 07:31:57.322802+00:00
1598566389891190785,ukraine-de,True,False,False,False,False,False,False,False,False,False,2022-12-02 07:31:57.373874+00:00,2022-12-02 07:31:57.373874+00:00
1598566427488911360,ukraine-de,True,True,False,False,False,False,False,False,False,False,2022-12-02 07:31:57.322695+00:00,2022-12-02 07:31:57.322695+00:00
1598566437777555456,ukraine-de,True,True,False,False,False,False,False,False,False,False,2022-12-02 07:31:57.322598+00:00,2022-12-02 07:31:57.322598+00:00
1598566547663962112,ukraine-de,True,True,False,False,False,False,False,False,False,False,2022-12-02 07:31:57.322499+00:00,2022-12-02 07:31:57.322499+00:00
1598566574725603328,ukraine-de,True,True,False,False,False,False,False,False,False,False,2022-12-02 07:31:57.322400+00:00,2022-12-02 07:31:57.322400+00:00
1598566584045383681,ukraine-de,True,True,False,False,False,False,False,False,False,False,2022-12-02 07:31:57.322300+00:00,2022-12-02 07:31:57.322300+00:00
1598566584964026370,ukraine-de,True,True,False,False,False,False,False,False,False,False,2022-12-02 07:31:57.322200+00:00,2022-12-02 07:31:57.322200+00:00
1598566658880192512,ukraine-de,True,True,False,False,False,False,False,False,False,False,2022-12-02 07:31:57.322098+00:00,2022-12-02 07:31:57.322098+00:00
1598566710147223552,ukraine-de,True,True,False,False,False,False,False,False,False,False,2022-12-02 07:31:57.321982+00:00,2022-12-02 07:31:57.321982+00:00
1598566737766670337,ukraine-de,True,True,False,False,False,False,False,False,False,False,2022-12-02 07:31:57.321880+00:00,2022-12-02 07:31:57.321880+00:00
1598566770926931968,ukraine-de,True,True,False,False,False,False,False,False,False,False,2022-12-02 07:31:57.321778+00:00,2022-12-02 07:31:57.321778+00:00
1598566821938200577,ukraine-de,True,True,False,False,False,False,False,False,False,False,2022-12-02 07:31:57.321661+00:00,2022-12-02 07:31:57.321661+00:00
1598566830213402626,ukraine-de,True,True,False,False,False,False,False,False,False,False,2022-12-02 07:31:57.321544+00:00,2022-12-02 07:31:57.321544+00:00
1598566846172725248,ukraine-de,True,True,False,False,False,False,False,False,False,False,2022-12-02 07:31:57.321442+00:00,2022-12-02 07:31:57.321442+00:00
1598566848412385282,ukraine-de,True,True,False,False,False,False,False,False,False,False,2022-12-02 07:31:57.321330+00:00,2022-12-02 07:31:57.321330+00:00
1598566856025071616,ukraine-de,True,True,False,False,False,False,False,False,False,False,2022-12-02 07:31:57.321229+00:00,2022-12-02 07:31:57.321229+00:00
1598566881538953216,ukraine-de,True,False,False,False,False,False,False,False,False,False,2022-12-02 07:30:28.851549+00:00,2022-12-02 07:30:28.851549+00:00
1598566899813699587,ukraine-de,True,True,False,False,False,False,False,False,False,False,2022-12-02 07:31:57.321126+00:00,2022-12-02 07:31:57.321126+00:00
1598566917031137280,ukraine-de,True,True,False,False,False,False,False,False,False,False,2022-12-02 07:31:57.320976+00:00,2022-12-02 07:31:57.320976+00:00
1598566925403136002,ukraine-de,True,True,False,False,False,False,False,False,False,False,2022-12-02 07:31:57.320859+00:00,2022-12-02 07:31:57.320859+00:00
1598566989945077760,ukraine-de,True,True,False,False,False,False,False,False,False,False,2022-12-02 07:31:57.320759+00:00,2022-12-02 07:31:57.320759+00:00
1598566990687485952,ukraine-de,True,True,False,False,False,False,False,False,False,False,2022-12-02 07:31:57.320648+00:00,2022-12-02 07:31:57.320648+00:00
1598566996467032064,ukraine-de,True,True,False,False,False,False,False,False,False,False,2022-12-02 07:31:57.320549+00:00,2022-12-02 07:31:57.320549+00:00
1598567039756541954,ukraine-de,True,True,False,False,False,False,False,False,False,False,2022-12-02 07:31:57.320450+00:00,2022-12-02 07:31:57.320450+00:00
1598567055896330241,ukraine-de,True,True,False,False,False,False,False,False,False,False,2022-12-02 07:31:57.320349+00:00,2022-12-02 07:31:57.320349+00:00
1598567078113542146,ukraine-de,True,True,False,False,False,False,False,False,False,False,2022-12-02 07:31:57.320247+00:00,2022-12-02 07:31:57.320247+00:00
1598567082613882880,ukraine-de,True,True,False,False,False,False,False,False,False,False,2022-12-02 07:31:57.320132+00:00,2022-12-02 07:31:57.320132+00:00
1598567108182417408,ukraine-de,True,True,False,False,False,False,False,False,False,False,2022-12-02 07:31:57.320027+00:00,2022-12-02 07:31:57.320027+00:00
1598567140507934720,ukraine-de,True,True,False,False,False,False,False,False,False,False,2022-12-02 07:31:57.319904+00:00,2022-12-02 07:31:57.319904+00:00
1598567149961822208,ukraine-de,True,True,False,False,False,False,False,False,False,False,2022-12-02 07:31:57.319674+00:00,2022-12-02 07:31:57.319674+00:00
1598567150276452354,ukraine-de,True,True,False,False,False,False,False,False,False,False,2022-12-02 07:31:57.319547+00:00,2022-12-02 07:31:57.319547+00:00
1598567173815177216,ukraine-de,True,True,False,False,False,False,False,False,False,False,2022-12-02 07:31:57.319325+00:00,2022-12-02 07:31:57.319325+00:00
1598567189912596482,ukraine-de,True,True,False,False,False,False,False,False,False,False,2022-12-02 07:31:57.319221+00:00,2022-12-02 07:31:57.319221+00:00
1598567197076443140,ukraine-de,True,True,False,False,False,False,False,False,False,False,2022-12-02 07:31:57.319096+00:00,2022-12-02 07:31:57.319096+00:00
1598567198368202752,ukraine-de,True,True,False,False,False,False,False,False,False,False,2022-12-02 07:31:57.318918+00:00,2022-12-02 07:31:57.318918+00:00
1598567259945017344,ukraine-de,True,True,False,False,False,False,False,False,False,False,2022-12-02 07:31:57.318817+00:00,2022-12-02 07:31:57.318817+00:00
1598567266970370049,ukraine-de,True,False,False,False,False,False,False,False,False,False,2022-12-02 07:30:28.852287+00:00,2022-12-02 07:30:28.852287+00:00
1598567286947909632,ukraine-de,True,False,False,False,False,False,False,False,False,False,2022-12-02 07:31:57.372023+00:00,2022-12-02 07:31:57.372023+00:00
1598567288738914305,ukraine-de,True,False,False,False,False,False,False,False,False,False,2022-12-02 07:30:28.876020+00:00,2022-12-02 07:30:28.876020+00:00
1598567300222926848,ukraine-de,True,True,False,False,False,False,False,False,False,False,2022-12-02 07:31:57.318712+00:00,2022-12-02 07:31:57.318712+00:00
1598567308212969473,ukraine-de,True,True,False,False,False,False,False,False,False,False,2022-12-02 07:31:57.318563+00:00,2022-12-02 07:31:57.318563+00:00
1598567325778575361,ukraine-de,True,True,False,False,False,False,False,False,False,False,2022-12-02 07:31:57.318368+00:00,2022-12-02 07:31:57.318368+00:00
1598567327242625024,ukraine-de,True,True,False,False,False,False,False,False,False,False,2022-12-02 07:31:57.318267+00:00,2022-12-02 07:31:57.318267+00:00
1598567337766051840,ukraine-de,True,True,False,False,False,False,False,False,False,False,2022-12-02 07:31:57.318165+00:00,2022-12-02 07:31:57.318165+00:00
1598567366702555137,ukraine-de,True,True,False,False,False,False,False,False,False,False,2022-12-02 07:31:57.318046+00:00,2022-12-02 07:31:57.318046+00:00
1598567406187995136,ukraine-de,True,False,False,False,False,False,False,False,False,False,2022-12-02 07:31:57.368208+00:00,2022-12-02 07:31:57.368208+00:00
1598567420259893248,ukraine-de,True,True,False,False,False,False,False,False,False,False,2022-12-02 07:31:57.317944+00:00,2022-12-02 07:31:57.317944+00:00
1598567475691409408,ukraine-de,True,True,False,False,False,False,False,False,False,False,2022-12-02 07:31:57.317842+00:00,2022-12-02 07:31:57.317842+00:00
1598567479391010816,ukraine-de,True,True,False,False,False,False,False,False,False,False,2022-12-02 07:31:57.317740+00:00,2022-12-02 07:31:57.317740+00:00
1598567498810638336,ukraine-de,True,True,False,False,False,False,False,False,False,False,2022-12-02 07:31:57.317636+00:00,2022-12-02 07:31:57.317636+00:00
1598567499754242053,ukraine-de,True,False,False,False,False,False,False,False,False,False,2022-12-02 10:30:26.778480+00:00,2022-12-02 10:30:26.778480+00:00
1598567505420763137,ukraine-de,True,True,False,False,False,False,False,False,False,False,2022-12-02 07:31:57.317509+00:00,2022-12-02 07:31:57.317509+00:00
1598567509778698240,ukraine-de,True,True,False,False,False,False,False,False,False,False,2022-12-02 07:31:57.317276+00:00,2022-12-02 07:31:57.317276+00:00
1598567511183818753,ukraine-de,True,True,False,False,False,False,False,False,False,False,2022-12-02 07:31:57.316996+00:00,2022-12-02 07:31:57.316996+00:00
1598567545912455168,ukraine-de,True,True,False,False,False,False,False,False,False,False,2022-12-02 07:31:57.316892+00:00,2022-12-02 07:31:57.316892+00:00
1598567564468228096,ukraine-de,True,True,False,False,False,False,False,False,False,False,2022-12-02 07:31:57.316788+00:00,2022-12-02 07:31:57.316788+00:00
1598567584085020673,ukraine-de,True,False,False,False,False,False,False,False,False,False,2022-12-02 10:30:26.776261+00:00,2022-12-02 10:30:26.776261+00:00
1598567630805278720,ukraine-de,True,True,False,False,False,False,False,False,False,False,2022-12-02 07:31:57.316656+00:00,2022-12-02 07:31:57.316656+00:00
1598567640963768320,ukraine-de,True,True,False,False,False,False,False,False,False,False,2022-12-02 07:30:28.856240+00:00,2022-12-02 07:31:57.316538+00:00
1598567646710087680,ukraine-de,True,False,False,False,False,False,False,False,False,False,2022-12-02 07:30:28.869244+00:00,2022-12-02 07:30:28.869244+00:00
1598567650858188800,ukraine-de,True,True,False,False,False,False,False,False,False,False,2022-12-02 07:31:57.316357+00:00,2022-12-02 07:31:57.316357+00:00
1598567697574289408,ukraine-de,True,False,False,False,False,False,False,False,False,False,2022-12-02 15:04:30.436525+00:00,2022-12-02 15:04:30.436525+00:00
1598567733054115842,ukraine-de,True,True,False,False,False,False,False,False,False,False,2022-12-02 07:31:57.316244+00:00,2022-12-02 07:31:57.316244+00:00
1598567762749636608,ukraine-de,True,True,False,False,False,False,False,False,False,False,2022-12-02 07:31:57.316077+00:00,2022-12-02 07:31:57.316077+00:00
1598567776733503488,ukraine-de,True,True,False,False,False,False,False,False,False,False,2022-12-02 07:31:57.315973+00:00,2022-12-02 07:31:57.315973+00:00
1598567791589822465,ukraine-de,True,True,False,False,False,False,False,False,False,False,2022-12-02 07:31:57.315865+00:00,2022-12-02 07:31:57.315865+00:00
1598567803115646977,ukraine-de,True,False,False,False,False,False,False,False,False,False,2022-12-02 07:30:28.874418+00:00,2022-12-02 07:30:28.874418+00:00
1598567803577057282,ukraine-de,True,True,False,False,False,False,False,False,False,False,2022-12-02 07:31:57.315702+00:00,2022-12-02 07:31:57.315702+00:00
1598567811546243072,ukraine-de,True,False,False,False,False,False,False,False,False,False,2022-12-02 07:31:57.367760+00:00,2022-12-02 07:31:57.367760+00:00
1598567845507448832,ukraine-de,True,True,False,False,False,False,False,False,False,False,2022-12-02 07:31:57.315601+00:00,2022-12-02 07:31:57.315601+00:00
1598567860305108992,ukraine-de,True,True,False,False,False,False,False,False,False,False,2022-12-02 07:31:57.315499+00:00,2022-12-02 07:31:57.315499+00:00
1598567879364026368,ukraine-de,True,True,False,False,False,False,False,False,False,False,2022-12-02 07:31:57.315340+00:00,2022-12-02 07:31:57.315340+00:00
1598567886930468864,ukraine-de,True,True,False,False,False,False,False,False,False,False,2022-12-02 07:31:57.315238+00:00,2022-12-02 07:31:57.315238+00:00
1598567887538737152,ukraine-de,True,True,False,False,False,False,False,False,False,False,2022-12-02 07:31:57.315134+00:00,2022-12-02 07:31:57.315134+00:00
1598567904424828928,ukraine-de,True,True,False,False,False,False,False,False,False,False,2022-12-02 07:31:57.315021+00:00,2022-12-02 07:31:57.315021+00:00
1598567912234704896,ukraine-de,True,False,False,False,False,False,False,False,False,False,2022-12-02 10:30:26.817453+00:00,2022-12-02 10:30:26.817453+00:00
1598567957881556992,ukraine-de,True,True,False,False,False,False,False,False,False,False,2022-12-02 07:31:57.314850+00:00,2022-12-02 07:31:57.314850+00:00
1598567976210497537,ukraine-de,True,True,False,False,False,False,False,False,False,False,2022-12-02 07:31:57.314728+00:00,2022-12-02 07:31:57.314728+00:00
1598568031956848640,ukraine-de,True,True,False,False,False,False,False,False,False,False,2022-12-02 07:31:57.314627+00:00,2022-12-02 07:31:57.314627+00:00
1598568056619409409,ukraine-de,True,True,False,False,False,False,False,False,False,False,2022-12-02 07:31:57.314525+00:00,2022-12-02 07:31:57.314525+00:00
1598568074323451905,ukraine-de,True,True,False,False,False,False,False,False,False,False,2022-12-02 07:31:57.314422+00:00,2022-12-02 07:31:57.314422+00:00
1598568091281244161,ukraine-de,True,True,False,False,False,False,False,False,False,False,2022-12-02 07:31:57.314299+00:00,2022-12-02 07:31:57.314299+00:00
1598568140207792130,ukraine-de,True,True,False,False,False,False,False,False,False,False,2022-12-02 07:31:57.314184+00:00,2022-12-02 07:31:57.314184+00:00
1598568146079830017,ukraine-de,True,True,False,False,False,False,False,False,False,False,2022-12-02 07:31:57.314083+00:00,2022-12-02 07:31:57.314083+00:00
1598568252728348673,ukraine-de,True,False,False,False,False,False,False,False,False,False,2022-12-02 19:51:30.199220+00:00,2022-12-02 19:51:30.199220+00:00
1598568257341964288,ukraine-de,True,True,False,False,False,False,False,False,False,False,2022-12-02 07:30:28.875917+00:00,2022-12-02 07:31:57.313970+00:00
1598568293861826561,ukraine-de,True,True,False,False,False,False,False,False,False,False,2022-12-02 07:31:57.313861+00:00,2022-12-02 07:31:57.313861+00:00
1598568306230759426,ukraine-de,True,False,False,False,False,False,False,False,False,False,2022-12-02 07:30:28.852166+00:00,2022-12-02 07:30:28.852166+00:00
1598568347666374656,ukraine-de,True,True,False,False,False,False,False,False,False,False,2022-12-02 07:31:57.313761+00:00,2022-12-02 07:31:57.313761+00:00
1598568355673300994,ukraine-de,True,True,False,False,False,False,False,False,False,False,2022-12-02 07:31:57.313659+00:00,2022-12-02 07:31:57.313659+00:00
1598568373847494656,ukraine-de,True,True,False,False,False,False,False,False,False,False,2022-12-02 07:31:57.313539+00:00,2022-12-02 07:31:57.313539+00:00
1598568379387822081,ukraine-de,True,True,False,False,False,False,False,False,False,False,2022-12-02 07:31:57.313438+00:00,2022-12-02 07:31:57.313438+00:00
1598568389856833537,ukraine-de,True,True,False,False,False,False,False,False,False,False,2022-12-02 07:31:57.313334+00:00,2022-12-02 07:31:57.313334+00:00
1598568427375017984,ukraine-de,True,True,False,False,False,False,False,False,False,False,2022-12-02 07:31:57.313209+00:00,2022-12-02 07:31:57.313209+00:00
1598568434605953024,ukraine-de,True,True,False,False,False,False,False,False,False,False,2022-12-02 07:31:57.313091+00:00,2022-12-02 07:31:57.313091+00:00
1598568452427350016,ukraine-de,True,False,False,False,False,False,False,False,False,False,2022-12-02 07:30:28.874190+00:00,2022-12-02 07:30:28.874190+00:00
1598568456709890049,ukraine-de,True,True,False,False,False,False,False,False,False,False,2022-12-02 07:31:57.312775+00:00,2022-12-02 07:31:57.312775+00:00
1598568477421293568,ukraine-de,True,True,False,False,False,False,False,False,False,False,2022-12-02 07:31:57.312664+00:00,2022-12-02 07:31:57.312664+00:00
1598568487026393090,ukraine-de,True,True,False,False,False,False,False,False,False,False,2022-12-02 07:31:57.312546+00:00,2022-12-02 07:31:57.312546+00:00
1598568530097672192,ukraine-de,True,True,False,False,False,False,False,False,False,False,2022-12-02 07:31:57.312449+00:00,2022-12-02 07:31:57.312449+00:00
1598568552239222784,ukraine-de,True,True,False,False,False,False,False,False,False,False,2022-12-02 07:30:28.853788+00:00,2022-12-02 07:31:57.312319+00:00
1598568611613900802,ukraine-de,True,True,False,False,False,False,False,False,False,False,2022-12-02 07:31:57.312221+00:00,2022-12-02 07:31:57.312221+00:00
1598568632929468416,ukraine-de,True,True,False,False,False,False,False,False,False,False,2022-12-02 07:31:57.312121+00:00,2022-12-02 07:31:57.312121+00:00
1598568657117974528,ukraine-de,True,True,False,False,False,False,False,False,False,False,2022-12-02 07:31:57.312020+00:00,2022-12-02 07:31:57.312020+00:00
1598568661207465986,ukraine-de,True,True,False,False,False,False,False,False,False,False,2022-12-02 07:31:57.311912+00:00,2022-12-02 07:31:57.311912+00:00
1598568683261108225,ukraine-de,True,True,False,False,False,False,False,False,False,False,2022-12-02 07:31:57.311701+00:00,2022-12-02 07:31:57.311701+00:00
1598568726823161856,ukraine-de,True,True,False,False,False,False,False,False,False,False,2022-12-02 07:31:57.311567+00:00,2022-12-02 07:31:57.311567+00:00
1598568740127318016,ukraine-de,True,True,False,False,False,False,False,False,False,False,2022-12-02 07:31:57.311455+00:00,2022-12-02 07:31:57.311455+00:00
1598568749166170112,ukraine-de,True,True,False,False,False,False,False,False,False,False,2022-12-02 07:31:57.311299+00:00,2022-12-02 07:31:57.311299+00:00
1598568767318945793,ukraine-de,True,True,False,False,False,False,False,False,False,False,2022-12-02 07:31:57.311195+00:00,2022-12-02 07:31:57.311195+00:00
1598568820809031680,ukraine-de,True,True,False,False,False,False,False,False,False,False,2022-12-02 07:31:57.311087+00:00,2022-12-02 07:31:57.311087+00:00
1598568822528786434,ukraine-de,True,True,False,False,False,False,False,False,False,False,2022-12-02 07:31:57.310895+00:00,2022-12-02 07:31:57.310895+00:00
1598568885942472704,ukraine-de,True,True,False,False,False,False,False,False,False,False,2022-12-02 07:31:57.310780+00:00,2022-12-02 07:31:57.310780+00:00
1598568893970268162,ukraine-de,True,False,False,False,False,False,False,False,False,False,2022-12-02 19:51:41.487152+00:00,2022-12-02 19:51:41.487152+00:00
1598568930372624384,ukraine-de,True,True,False,False,False,False,False,False,False,False,2022-12-02 07:31:57.310425+00:00,2022-12-02 07:31:57.310425+00:00
1598568931542941697,ukraine-de,True,True,False,False,False,False,False,False,False,False,2022-12-02 07:31:57.310307+00:00,2022-12-02 07:31:57.310307+00:00
1598568947519029248,ukraine-de,True,True,False,False,False,False,False,False,False,False,2022-12-02 07:30:28.875408+00:00,2022-12-02 07:31:57.310204+00:00
1598568947774889985,ukraine-de,True,False,False,False,False,False,False,False,False,False,2022-12-02 10:30:17.997657+00:00,2022-12-02 10:30:17.997657+00:00
1598568959380439040,ukraine-de,True,True,False,False,False,False,False,False,False,False,2022-12-02 07:30:28.876252+00:00,2022-12-02 07:31:57.310068+00:00
1598568970554056704,ukraine-de,True,True,False,False,False,False,False,False,False,False,2022-12-02 07:31:57.309868+00:00,2022-12-02 07:31:57.309868+00:00
1598568998303633408,ukraine-de,True,True,False,False,False,False,False,False,False,False,2022-12-02 07:31:57.309757+00:00,2022-12-02 07:31:57.309757+00:00
1598569011758899200,ukraine-de,True,True,False,False,False,False,False,False,False,False,2022-12-02 07:31:57.309632+00:00,2022-12-02 07:31:57.309632+00:00
1598569017685385216,ukraine-de,True,True,False,False,False,False,False,False,False,False,2022-12-02 07:31:57.309273+00:00,2022-12-02 07:31:57.309273+00:00
1598569034831826945,ukraine-de,True,True,False,False,False,False,False,False,False,False,2022-12-02 07:30:28.848940+00:00,2022-12-02 07:30:28.848940+00:00
1598569045242126341,ukraine-de,True,True,False,False,False,False,False,False,False,False,2022-12-02 07:30:28.848840+00:00,2022-12-02 07:30:28.848840+00:00
1598569058768539648,ukraine-de,True,True,False,False,False,False,False,False,False,False,2022-12-02 07:30:28.848725+00:00,2022-12-02 07:30:28.848725+00:00
1598569078704066560,ukraine-de,True,True,False,False,False,False,False,False,False,False,2022-12-02 07:30:28.848616+00:00,2022-12-02 07:30:28.848616+00:00
1598569081233297408,ukraine-de,True,True,False,False,False,False,False,False,False,False,2022-12-02 07:30:28.848516+00:00,2022-12-02 07:30:28.848516+00:00
1598569097666650113,ukraine-de,True,True,False,False,False,False,False,False,False,False,2022-12-02 07:30:28.848415+00:00,2022-12-02 07:30:28.848415+00:00
1598569115257606145,ukraine-de,True,False,False,False,False,False,False,False,False,False,2022-12-02 07:30:28.875606+00:00,2022-12-02 07:30:28.875606+00:00
1598569117707034625,ukraine-de,True,True,False,False,False,False,False,False,False,False,2022-12-02 07:30:28.848311+00:00,2022-12-02 07:30:28.848311+00:00
1598569144055726081,ukraine-de,True,True,False,False,False,False,False,False,False,False,2022-12-02 07:30:28.848200+00:00,2022-12-02 07:30:28.848200+00:00
1598569170836361218,ukraine-de,True,True,False,False,False,False,False,False,False,False,2022-12-02 07:30:28.848081+00:00,2022-12-02 07:30:28.848081+00:00
1598569179975716864,ukraine-de,True,True,False,False,False,False,False,False,False,False,2022-12-02 07:30:28.847976+00:00,2022-12-02 07:30:28.847976+00:00
1598569187890401280,ukraine-de,True,True,False,False,False,False,False,False,False,False,2022-12-02 07:30:28.847856+00:00,2022-12-02 07:30:28.847856+00:00
1598569245733969920,ukraine-de,True,True,False,False,False,False,False,False,False,False,2022-12-02 07:30:28.847728+00:00,2022-12-02 07:30:28.847728+00:00
1598569252088434688,ukraine-de,True,True,False,False,False,False,False,False,False,False,2022-12-02 07:30:28.847605+00:00,2022-12-02 07:30:28.847605+00:00
1598569255401684993,ukraine-de,True,True,False,False,False,False,False,False,False,False,2022-12-02 07:30:28.847502+00:00,2022-12-02 07:30:28.847502+00:00
1598569307159527425,ukraine-de,True,True,False,False,False,False,False,False,False,False,2022-12-02 07:30:28.847401+00:00,2022-12-02 07:30:28.847401+00:00
1598569334661533696,ukraine-de,True,True,False,False,False,False,False,False,False,False,2022-12-02 07:30:28.847303+00:00,2022-12-02 07:30:28.847303+00:00
1598569334699589632,ukraine-de,True,True,False,False,False,False,False,False,False,False,2022-12-02 07:30:28.847203+00:00,2022-12-02 07:30:28.847203+00:00
1598569341959786497,ukraine-de,True,True,False,False,False,False,False,False,False,False,2022-12-02 07:30:28.847101+00:00,2022-12-02 07:30:28.847101+00:00
1598569375572717569,ukraine-de,True,True,False,False,False,False,False,False,False,False,2022-12-02 07:30:28.847001+00:00,2022-12-02 07:30:28.847001+00:00
1598569398004064258,ukraine-de,True,True,False,False,False,False,False,False,False,False,2022-12-02 07:30:28.846896+00:00,2022-12-02 07:30:28.846896+00:00
1598569406967193600,ukraine-de,True,True,False,False,False,False,False,False,False,False,2022-12-02 07:30:28.846786+00:00,2022-12-02 07:30:28.846786+00:00
1598569473295917058,ukraine-de,True,True,False,False,False,False,False,False,False,False,2022-12-02 07:30:28.846674+00:00,2022-12-02 07:30:28.846674+00:00
1598569477536464897,ukraine-de,True,True,False,False,False,False,False,False,False,False,2022-12-02 07:30:28.846558+00:00,2022-12-02 07:30:28.846558+00:00
1598569480522764289,ukraine-de,True,True,False,False,False,False,False,False,False,False,2022-12-02 07:30:28.846456+00:00,2022-12-02 07:30:28.846456+00:00
1598569489708158976,ukraine-de,True,True,False,False,False,False,False,False,False,False,2022-12-02 07:30:28.846354+00:00,2022-12-02 07:30:28.846354+00:00
1598569530124640256,ukraine-de,True,True,False,False,False,False,False,False,False,False,2022-12-02 07:30:28.846248+00:00,2022-12-02 07:30:28.846248+00:00
1598569583757201408,ukraine-de,True,True,False,False,False,False,False,False,False,False,2022-12-02 07:30:28.846110+00:00,2022-12-02 07:30:28.846110+00:00
1598569606817390593,ukraine-de,True,True,False,False,False,False,False,False,False,False,2022-12-02 07:30:28.845996+00:00,2022-12-02 07:30:28.845996+00:00
1598569607798759424,ukraine-de,True,False,False,False,False,False,False,False,False,False,2022-12-02 07:30:28.869960+00:00,2022-12-02 07:30:28.869960+00:00
1598569686869938177,ukraine-de,True,False,False,False,False,False,False,False,False,False,2022-12-02 10:31:39.225110+00:00,2022-12-02 10:31:39.225110+00:00
1598569689361383424,ukraine-de,True,True,False,False,False,False,False,False,False,False,2022-12-02 07:30:28.845892+00:00,2022-12-02 07:30:28.845892+00:00
1598569697598914562,ukraine-de,True,True,False,False,False,False,False,False,False,False,2022-12-02 07:30:28.845789+00:00,2022-12-02 07:30:28.845789+00:00
1598569713705033728,ukraine-de,True,True,False,False,False,False,False,False,False,False,2022-12-02 07:30:28.845674+00:00,2022-12-02 07:30:28.845674+00:00
1598569724471803907,ukraine-de,True,True,False,False,False,False,False,False,False,False,2022-12-02 07:30:28.845531+00:00,2022-12-02 07:30:28.845531+00:00
1598569769598435328,ukraine-de,True,True,False,False,False,False,False,False,False,False,2022-12-02 07:30:28.845304+00:00,2022-12-02 07:30:28.845304+00:00
1598569783133454337,ukraine-de,True,True,False,False,False,False,False,False,False,False,2022-12-02 07:30:28.845112+00:00,2022-12-02 07:30:28.845112+00:00
1598569794776829957,ukraine-de,True,False,False,False,False,False,False,False,False,False,2022-12-02 19:50:17.516331+00:00,2022-12-02 19:50:17.516331+00:00
1598569796467138560,ukraine-de,True,True,False,False,False,False,False,False,False,False,2022-12-02 07:30:28.845010+00:00,2022-12-02 07:30:28.845010+00:00
1598569813181243393,ukraine-de,True,True,False,False,False,False,False,False,False,False,2022-12-02 07:30:28.844909+00:00,2022-12-02 07:30:28.844909+00:00
1598569817589526528,ukraine-de,True,True,False,False,False,False,False,False,False,False,2022-12-02 07:30:28.844801+00:00,2022-12-02 07:30:28.844801+00:00
1598569819124559874,ukraine-de,True,False,False,False,False,False,False,False,False,False,2022-12-02 10:31:06.527251+00:00,2022-12-02 10:31:06.527251+00:00
1598569967267577864,ukraine-de,True,True,False,False,False,False,False,False,False,False,2022-12-02 07:30:28.844679+00:00,2022-12-02 07:30:28.844679+00:00
1598569968576118785,ukraine-de,True,True,False,False,False,False,False,False,False,False,2022-12-02 07:30:28.844541+00:00,2022-12-02 07:30:28.844541+00:00
1598570005477658625,ukraine-de,True,True,False,False,False,False,False,False,False,False,2022-12-02 07:30:28.844268+00:00,2022-12-02 07:30:28.844268+00:00
1598570033910726657,ukraine-de,True,True,False,False,False,False,False,False,False,False,2022-12-02 07:30:28.844166+00:00,2022-12-02 07:30:28.844166+00:00
1598570078731177984,ukraine-de,True,True,False,False,False,False,False,False,False,False,2022-12-02 07:30:28.844065+00:00,2022-12-02 07:30:28.844065+00:00
1598570087262277633,ukraine-de,True,True,False,False,False,False,False,False,False,False,2022-12-02 07:30:28.843949+00:00,2022-12-02 07:30:28.843949+00:00
1598570087367282688,ukraine-de,True,True,False,False,False,False,False,False,False,False,2022-12-02 07:30:28.843847+00:00,2022-12-02 07:30:28.843847+00:00
1598570103792193536,ukraine-de,True,True,False,False,False,False,False,False,False,False,2022-12-02 07:30:28.843746+00:00,2022-12-02 07:30:28.843746+00:00
1598570110339362816,ukraine-de,True,True,False,False,False,False,False,False,False,False,2022-12-02 07:30:28.843625+00:00,2022-12-02 07:30:28.843625+00:00
1598570117604032513,ukraine-de,True,False,False,False,False,False,False,False,False,False,2022-12-02 15:05:39.933290+00:00,2022-12-02 15:05:39.933290+00:00
1598570128291004417,ukraine-de,True,True,False,False,False,False,False,False,False,False,2022-12-02 07:30:28.843525+00:00,2022-12-02 07:30:28.843525+00:00
1598570146783588352,ukraine-de,True,True,False,False,False,False,False,False,False,False,2022-12-02 07:30:28.843408+00:00,2022-12-02 07:30:28.843408+00:00
1598570228203638785,ukraine-de,True,True,False,False,False,False,False,False,False,False,2022-12-02 07:30:28.843309+00:00,2022-12-02 07:30:28.843309+00:00
1598570238072725505,ukraine-de,True,True,False,False,False,False,False,False,False,False,2022-12-02 07:30:28.843208+00:00,2022-12-02 07:30:28.843208+00:00
1598570238173478913,ukraine-de,True,True,False,False,False,False,False,False,False,False,2022-12-02 07:30:28.843109+00:00,2022-12-02 07:30:28.843109+00:00
1598570252241076224,ukraine-de,True,True,False,False,False,False,False,False,False,False,2022-12-02 07:30:28.843007+00:00,2022-12-02 07:30:28.843007+00:00
1598570309979934720,ukraine-de,True,True,False,False,False,False,False,False,False,False,2022-12-02 07:30:28.842888+00:00,2022-12-02 07:30:28.842888+00:00
1598570341097476096,ukraine-de,True,True,False,False,False,False,False,False,False,False,2022-12-02 07:30:28.842791+00:00,2022-12-02 07:30:28.842791+00:00
1598570347388960770,ukraine-de,True,True,False,False,False,False,False,False,False,False,2022-12-02 07:30:28.842691+00:00,2022-12-02 07:30:28.842691+00:00
1598570365256548352,ukraine-de,True,False,False,False,False,False,False,False,False,False,2022-12-02 10:31:06.525910+00:00,2022-12-02 10:31:06.525910+00:00
1598570382977425410,ukraine-de,True,True,False,False,False,False,False,False,False,False,2022-12-02 07:30:28.842592+00:00,2022-12-02 07:30:28.842592+00:00
1598570389352890368,ukraine-de,True,True,False,False,False,False,False,False,False,False,2022-12-02 07:30:28.842466+00:00,2022-12-02 07:30:28.842466+00:00
1598570417513500673,ukraine-de,True,True,False,False,False,False,False,False,False,False,2022-12-02 07:30:28.842366+00:00,2022-12-02 07:30:28.842366+00:00
1598570434982805504,ukraine-de,True,True,False,False,False,False,False,False,False,False,2022-12-02 07:30:28.842269+00:00,2022-12-02 07:30:28.842269+00:00
1598570461268480002,ukraine-de,True,True,False,False,False,False,False,False,False,False,2022-12-02 07:30:28.842171+00:00,2022-12-02 07:30:28.842171+00:00
1598570522014539776,ukraine-de,True,True,False,False,False,False,False,False,False,False,2022-12-02 07:30:28.842075+00:00,2022-12-02 07:30:28.842075+00:00
1598570528503173121,ukraine-de,True,True,False,False,False,False,False,False,False,False,2022-12-02 07:30:28.841977+00:00,2022-12-02 07:30:28.841977+00:00
1598570529060954112,ukraine-de,True,True,False,False,False,False,False,False,False,False,2022-12-02 07:30:28.841863+00:00,2022-12-02 07:30:28.841863+00:00
1598570530634072065,ukraine-de,True,True,False,False,False,False,False,False,False,False,2022-12-02 07:30:28.841758+00:00,2022-12-02 07:30:28.841758+00:00
1598570547989708800,ukraine-de,True,True,False,False,False,False,False,False,False,False,2022-12-02 07:30:28.841637+00:00,2022-12-02 07:30:28.841637+00:00
1598570575026192389,ukraine-de,True,True,False,False,False,False,False,False,False,False,2022-12-02 07:30:28.841310+00:00,2022-12-02 07:30:28.841310+00:00
1598570605296594945,ukraine-de,True,False,False,False,False,False,False,False,False,False,2022-12-02 07:30:28.866838+00:00,2022-12-02 07:30:28.866838+00:00
1598570615069212673,ukraine-de,True,True,False,False,False,False,False,False,False,False,2022-12-02 07:30:28.841211+00:00,2022-12-02 07:30:28.841211+00:00
1598570638364610560,ukraine-de,True,True,False,False,False,False,False,False,False,False,2022-12-02 07:30:28.841110+00:00,2022-12-02 07:30:28.841110+00:00
1598570657050148871,ukraine-de,True,False,False,False,False,False,False,False,False,False,2022-12-02 15:01:05.658025+00:00,2022-12-02 15:01:05.658025+00:00
1598570666789249025,ukraine-de,True,True,False,False,False,False,False,False,False,False,2022-12-02 07:30:28.841009+00:00,2022-12-02 07:30:28.841009+00:00
1598570675182133248,ukraine-de,True,True,False,False,False,False,False,False,False,False,2022-12-02 07:30:28.840908+00:00,2022-12-02 07:30:28.840908+00:00
1598570685416218624,ukraine-de,True,True,False,False,False,False,False,False,False,False,2022-12-02 07:30:28.840786+00:00,2022-12-02 07:30:28.840786+00:00
1598570745499717637,ukraine-de,True,True,False,False,False,False,False,False,False,False,2022-12-02 07:30:28.840659+00:00,2022-12-02 07:30:28.840659+00:00
1598570759303139328,ukraine-de,True,True,False,False,False,False,False,False,False,False,2022-12-02 07:30:28.840559+00:00,2022-12-02 07:30:28.840559+00:00
1598570797777539073,ukraine-de,True,False,False,False,False,False,False,False,False,False,2022-12-02 15:01:05.645485+00:00,2022-12-02 15:01:05.645485+00:00
1598570798645657600,ukraine-de,True,True,False,False,False,False,False,False,False,False,2022-12-02 07:30:28.840461+00:00,2022-12-02 07:30:28.840461+00:00
1598570853142249473,ukraine-de,True,True,False,False,False,False,False,False,False,False,2022-12-02 07:30:28.840366+00:00,2022-12-02 07:30:28.840366+00:00
1598570894263308288,ukraine-de,True,True,False,False,False,False,False,False,False,False,2022-12-02 07:30:28.840266+00:00,2022-12-02 07:30:28.840266+00:00
1598570905764089857,ukraine-de,True,True,False,False,False,False,False,False,False,False,2022-12-02 07:30:28.840147+00:00,2022-12-02 07:30:28.840147+00:00
1598570925196288000,ukraine-de,True,True,False,False,False,False,False,False,False,False,2022-12-02 07:30:28.840049+00:00,2022-12-02 07:30:28.840049+00:00
1598570951830020103,ukraine-de,True,True,False,False,False,False,False,False,False,False,2022-12-02 07:30:28.839939+00:00,2022-12-02 07:30:28.839939+00:00
1598570957794320384,ukraine-de,True,True,False,False,False,False,False,False,False,False,2022-12-02 07:30:28.839841+00:00,2022-12-02 07:30:28.839841+00:00
1598570999506608128,ukraine-de,True,True,False,False,False,False,False,False,False,False,2022-12-02 07:30:28.839741+00:00,2022-12-02 07:30:28.839741+00:00
1598571002664955905,ukraine-de,True,True,False,False,False,False,False,False,False,False,2022-12-02 07:30:28.839640+00:00,2022-12-02 07:30:28.839640+00:00
1598571052006838274,ukraine-de,True,True,False,False,False,False,False,False,False,False,2022-12-02 07:30:28.839540+00:00,2022-12-02 07:30:28.839540+00:00
1598571162195218435,ukraine-de,True,True,False,False,False,False,False,False,False,False,2022-12-02 07:30:28.839441+00:00,2022-12-02 07:30:28.839441+00:00
1598571207728717824,ukraine-de,True,True,False,False,False,False,False,False,False,False,2022-12-02 07:30:28.839339+00:00,2022-12-02 07:30:28.839339+00:00
1598571209750630401,ukraine-de,True,False,False,False,False,False,False,False,False,False,2022-12-02 07:30:28.865626+00:00,2022-12-02 07:30:28.865626+00:00
1598571228738236418,ukraine-de,True,True,False,False,False,False,False,False,False,False,2022-12-02 07:30:28.839240+00:00,2022-12-02 07:30:28.839240+00:00
1598571229476102145,ukraine-de,True,True,False,False,False,False,False,False,False,False,2022-12-02 07:30:28.839139+00:00,2022-12-02 07:30:28.839139+00:00
1598571255845863424,ukraine-de,True,True,False,False,False,False,False,False,False,False,2022-12-02 07:30:28.839039+00:00,2022-12-02 07:30:28.839039+00:00
1598571263148134400,ukraine-de,True,True,False,False,False,False,False,False,False,False,2022-12-02 07:30:28.838936+00:00,2022-12-02 07:30:28.838936+00:00
1598571281820983298,ukraine-de,True,True,False,False,False,False,False,False,False,False,2022-12-02 07:30:28.838834+00:00,2022-12-02 07:30:28.838834+00:00
1598571293716144128,ukraine-de,True,True,False,False,False,False,False,False,False,False,2022-12-02 07:30:28.838735+00:00,2022-12-02 07:30:28.838735+00:00
1598571320320487424,ukraine-de,True,True,False,False,False,False,False,False,False,False,2022-12-02 07:30:28.838635+00:00,2022-12-02 07:30:28.838635+00:00
1598571344966418432,ukraine-de,True,True,False,False,False,False,False,False,False,False,2022-12-02 07:30:28.838536+00:00,2022-12-02 07:30:28.838536+00:00
1598571350590996481,ukraine-de,True,True,False,False,False,False,False,False,False,False,2022-12-02 07:30:28.838432+00:00,2022-12-02 07:30:28.838432+00:00
1598571350666334208,ukraine-de,True,True,False,False,False,False,False,False,False,False,2022-12-02 07:30:28.838330+00:00,2022-12-02 07:30:28.838330+00:00
1598571393343537154,ukraine-de,True,True,False,False,False,False,False,False,False,False,2022-12-02 07:30:28.838226+00:00,2022-12-02 07:30:28.838226+00:00
1598571415065841664,ukraine-de,True,True,False,False,False,False,False,False,False,False,2022-12-02 07:30:28.838108+00:00,2022-12-02 07:30:28.838108+00:00
1598571441066213376,ukraine-de,True,True,False,False,False,False,False,False,False,False,2022-12-02 07:30:28.838013+00:00,2022-12-02 07:30:28.838013+00:00
1598571462830571520,ukraine-de,True,True,False,False,False,False,False,False,False,False,2022-12-02 07:30:28.837901+00:00,2022-12-02 07:30:28.837901+00:00
1598571488893800448,ukraine-de,True,True,False,False,False,False,False,False,False,False,2022-12-02 07:30:28.837801+00:00,2022-12-02 07:30:28.837801+00:00
1598571489397276673,ukraine-de,True,True,False,False,False,False,False,False,False,False,2022-12-02 07:30:28.837697+00:00,2022-12-02 07:30:28.837697+00:00
1598571493998444544,ukraine-de,True,True,False,False,False,False,False,False,False,False,2022-12-02 07:30:28.837580+00:00,2022-12-02 07:30:28.837580+00:00
1598571502110056448,ukraine-de,True,False,False,False,False,False,False,False,False,False,2022-12-02 10:31:06.512591+00:00,2022-12-02 10:31:06.512591+00:00
1598571535610028035,ukraine-de,True,True,False,False,False,False,False,False,False,False,2022-12-02 07:30:28.837478+00:00,2022-12-02 07:30:28.837478+00:00
1598571547135967232,ukraine-de,True,True,False,False,False,False,False,False,False,False,2022-12-02 07:30:28.837376+00:00,2022-12-02 07:30:28.837376+00:00
1598571560197144576,ukraine-de,True,True,False,False,False,False,False,False,False,False,2022-12-02 07:30:28.837253+00:00,2022-12-02 07:30:28.837253+00:00
1598571586491146240,ukraine-de,True,True,False,False,False,False,False,False,False,False,2022-12-02 07:30:28.837153+00:00,2022-12-02 07:30:28.837153+00:00
1598571631483445248,ukraine-de,True,True,False,False,False,False,False,False,False,False,2022-12-02 07:30:28.837054+00:00,2022-12-02 07:30:28.837054+00:00
1598571645232463874,ukraine-de,True,True,False,False,False,False,False,False,False,False,2022-12-02 07:30:28.836953+00:00,2022-12-02 07:30:28.836953+00:00
1598571677637431296,ukraine-de,True,True,False,False,False,False,False,False,False,False,2022-12-02 07:30:28.836854+00:00,2022-12-02 07:30:28.836854+00:00
1598571687762690053,ukraine-de,True,True,False,False,False,False,False,False,False,False,2022-12-02 07:30:28.836750+00:00,2022-12-02 07:30:28.836750+00:00
1598571699322003457,ukraine-de,True,False,False,False,False,False,False,False,False,False,2022-12-02 10:31:39.218275+00:00,2022-12-02 10:31:39.218275+00:00
1598571702811754496,ukraine-de,True,True,False,False,False,False,False,False,False,False,2022-12-02 07:30:28.836638+00:00,2022-12-02 07:30:28.836638+00:00
1598571715822379010,ukraine-de,True,True,False,False,False,False,False,False,False,False,2022-12-02 07:30:28.836537+00:00,2022-12-02 07:30:28.836537+00:00
1598571743966371841,ukraine-de,True,True,False,False,False,False,False,False,False,False,2022-12-02 07:30:28.836438+00:00,2022-12-02 07:30:28.836438+00:00
1598571754707894272,ukraine-de,True,True,False,False,False,False,False,False,False,False,2022-12-02 07:30:28.836335+00:00,2022-12-02 07:30:28.836335+00:00
1598571762769346560,ukraine-de,True,False,False,False,False,False,False,False,False,False,2022-12-02 07:30:28.869047+00:00,2022-12-02 07:30:28.869047+00:00
1598571762844770305,ukraine-de,True,True,False,False,False,False,False,False,False,False,2022-12-02 07:30:28.836229+00:00,2022-12-02 07:30:28.836229+00:00
1598571768138153987,ukraine-de,True,True,False,False,False,False,False,False,False,False,2022-12-02 07:30:28.836121+00:00,2022-12-02 07:30:28.836121+00:00
1598571768859574272,ukraine-de,True,True,False,False,False,False,False,False,False,False,2022-12-02 07:30:28.836016+00:00,2022-12-02 07:30:28.836016+00:00
1598571769169940481,ukraine-de,True,False,False,False,False,False,False,False,False,False,2022-12-02 10:31:14.309844+00:00,2022-12-02 10:31:14.309844+00:00
1598571776132321280,ukraine-de,True,True,False,False,False,False,False,False,False,False,2022-12-02 07:30:28.835912+00:00,2022-12-02 07:30:28.835912+00:00
1598571799784062976,ukraine-de,True,True,False,False,False,False,False,False,False,False,2022-12-02 07:30:28.835786+00:00,2022-12-02 07:30:28.835786+00:00
1598571806880923651,ukraine-de,True,True,False,False,False,False,False,False,False,False,2022-12-02 07:30:28.835685+00:00,2022-12-02 07:30:28.835685+00:00
1598571826640216067,ukraine-de,True,True,False,False,False,False,False,False,False,False,2022-12-02 07:30:28.835578+00:00,2022-12-02 07:30:28.835578+00:00
1598571833875382272,ukraine-de,True,True,False,False,False,False,False,False,False,False,2022-12-02 07:30:28.835449+00:00,2022-12-02 07:30:28.835449+00:00
1598571843493019649,ukraine-de,True,True,False,False,False,False,False,False,False,False,2022-12-02 07:30:28.835325+00:00,2022-12-02 07:30:28.835325+00:00
1598571857501986819,ukraine-de,True,True,False,False,False,False,False,False,False,False,2022-12-02 07:30:28.835096+00:00,2022-12-02 07:30:28.835096+00:00
1598571882818818048,ukraine-de,True,True,False,False,False,False,False,False,False,False,2022-12-02 07:30:28.834975+00:00,2022-12-02 07:30:28.834975+00:00
1598571897922330625,ukraine-de,True,True,False,False,False,False,False,False,False,False,2022-12-02 07:30:28.834875+00:00,2022-12-02 07:30:28.834875+00:00
1598571936715603969,ukraine-de,True,True,False,False,False,False,False,False,False,False,2022-12-02 07:30:28.834774+00:00,2022-12-02 07:30:28.834774+00:00
1598571952356134912,ukraine-de,True,True,False,False,False,False,False,False,False,False,2022-12-02 07:30:28.834674+00:00,2022-12-02 07:30:28.834674+00:00
1598571956286152708,ukraine-de,True,True,False,False,False,False,False,False,False,False,2022-12-02 07:30:28.834571+00:00,2022-12-02 07:30:28.834571+00:00
1598572008270434305,ukraine-de,True,True,False,False,False,False,False,False,False,False,2022-12-02 07:30:28.834470+00:00,2022-12-02 07:30:28.834470+00:00
1598572020442144768,ukraine-de,True,True,False,False,False,False,False,False,False,False,2022-12-02 07:30:28.834351+00:00,2022-12-02 07:30:28.834351+00:00
1598572042978299904,ukraine-de,True,True,False,False,False,False,False,False,False,False,2022-12-02 07:30:28.834250+00:00,2022-12-02 07:30:28.834250+00:00
1598572089455304704,ukraine-de,True,True,False,False,False,False,False,False,False,False,2022-12-02 07:30:28.834144+00:00,2022-12-02 07:30:28.834144+00:00
1598572104563163137,ukraine-de,True,True,False,False,False,False,False,False,False,False,2022-12-02 07:30:28.834045+00:00,2022-12-02 07:30:28.834045+00:00
1598572113186590721,ukraine-de,True,True,False,False,False,False,False,False,False,False,2022-12-02 07:30:28.833946+00:00,2022-12-02 07:30:28.833946+00:00
1598572175459581953,ukraine-de,True,True,False,False,False,False,False,False,False,False,2022-12-02 07:30:28.833815+00:00,2022-12-02 07:30:28.833815+00:00
1598572178311725056,ukraine-de,True,False,False,False,False,False,False,False,False,False,2022-12-02 10:31:14.326627+00:00,2022-12-02 10:31:14.326627+00:00
1598572232623759360,ukraine-de,True,True,False,False,False,False,False,False,False,False,2022-12-02 07:30:28.833710+00:00,2022-12-02 07:30:28.833710+00:00
1598572235324903425,ukraine-de,True,False,False,False,False,False,False,False,False,False,2022-12-02 15:05:39.941099+00:00,2022-12-02 15:05:39.941099+00:00
1598572266635333632,ukraine-de,True,True,False,False,False,False,False,False,False,False,2022-12-02 07:30:28.833564+00:00,2022-12-02 07:30:28.833564+00:00
1598572273937666049,ukraine-de,True,True,False,False,False,False,False,False,False,False,2022-12-02 07:30:28.833463+00:00,2022-12-02 07:30:28.833463+00:00
1598572290605580288,ukraine-de,True,True,False,False,False,False,False,False,False,False,2022-12-02 07:30:28.833362+00:00,2022-12-02 07:30:28.833362+00:00
1598572301729120256,ukraine-de,True,False,False,False,False,False,False,False,False,False,2022-12-02 07:30:28.858356+00:00,2022-12-02 07:30:28.858356+00:00
1598572321379418112,ukraine-de,True,True,False,False,False,False,False,False,False,False,2022-12-02 07:30:28.833260+00:00,2022-12-02 07:30:28.833260+00:00
1598572333966532609,ukraine-de,True,True,False,False,False,False,False,False,False,False,2022-12-02 07:30:28.833159+00:00,2022-12-02 07:30:28.833159+00:00
1598572344943038466,ukraine-de,True,True,False,False,False,False,False,False,False,False,2022-12-02 07:30:28.833052+00:00,2022-12-02 07:30:28.833052+00:00
1598572390275072000,ukraine-de,True,True,False,False,False,False,False,False,False,False,2022-12-02 07:30:28.832915+00:00,2022-12-02 07:30:28.832915+00:00
1598572413997883392,ukraine-de,True,True,False,False,False,False,False,False,False,False,2022-12-02 07:30:28.832747+00:00,2022-12-02 07:30:28.832747+00:00
1598572446491164672,ukraine-de,True,True,False,False,False,False,False,False,False,False,2022-12-02 07:30:28.832632+00:00,2022-12-02 07:30:28.832632+00:00
1598572461422944256,ukraine-de,True,True,False,False,False,False,False,False,False,False,2022-12-02 07:30:28.832528+00:00,2022-12-02 07:30:28.832528+00:00
1598572516745904129,ukraine-de,True,True,False,False,False,False,False,False,False,False,2022-12-02 07:30:28.832410+00:00,2022-12-02 07:30:28.832410+00:00
1598572521883926529,ukraine-de,True,True,False,False,False,False,False,False,False,False,2022-12-02 07:30:28.832202+00:00,2022-12-02 07:30:28.832202+00:00
1598572568201551872,ukraine-de,True,True,False,False,False,False,False,False,False,False,2022-12-02 07:30:28.832100+00:00,2022-12-02 07:30:28.832100+00:00
1598572569887735814,ukraine-de,True,True,False,False,False,False,False,False,False,False,2022-12-02 07:30:28.831980+00:00,2022-12-02 07:30:28.831980+00:00
1598572615261634561,ukraine-de,True,True,False,False,False,False,False,False,False,False,2022-12-02 07:30:28.831876+00:00,2022-12-02 07:30:28.831876+00:00
1598572617157353472,ukraine-de,True,True,False,False,False,False,False,False,False,False,2022-12-02 07:30:28.831771+00:00,2022-12-02 07:30:28.831771+00:00
1598572625596399621,ukraine-de,True,True,False,False,False,False,False,False,False,False,2022-12-02 07:30:28.831665+00:00,2022-12-02 07:30:28.831665+00:00
1598572652263784449,ukraine-de,True,True,False,False,False,False,False,False,False,False,2022-12-02 07:30:28.831532+00:00,2022-12-02 07:30:28.831532+00:00
1598572658093760513,ukraine-de,True,True,False,False,False,False,False,False,False,False,2022-12-02 07:30:28.831408+00:00,2022-12-02 07:30:28.831408+00:00
1598572670848843777,ukraine-de,True,True,False,False,False,False,False,False,False,False,2022-12-02 07:30:28.831270+00:00,2022-12-02 07:30:28.831270+00:00
1598572677962276865,ukraine-de,True,True,False,False,False,False,False,False,False,False,2022-12-02 07:30:28.831137+00:00,2022-12-02 07:30:28.831137+00:00
1598572679837122561,ukraine-de,True,True,False,False,False,False,False,False,False,False,2022-12-02 07:30:28.830911+00:00,2022-12-02 07:30:28.830911+00:00
1598572682035007493,ukraine-de,True,True,False,False,False,False,False,False,False,False,2022-12-02 07:30:28.830794+00:00,2022-12-02 07:30:28.830794+00:00
1598572690092212226,ukraine-de,True,True,False,False,False,False,False,False,False,False,2022-12-02 07:30:28.830699+00:00,2022-12-02 07:30:28.830699+00:00
1598572718357610498,ukraine-de,True,True,False,False,False,False,False,False,False,False,2022-12-02 07:30:28.830601+00:00,2022-12-02 07:30:28.830601+00:00
1598572727836647425,ukraine-de,True,True,False,False,False,False,False,False,False,False,2022-12-02 07:30:28.830505+00:00,2022-12-02 07:30:28.830505+00:00
1598572757880479745,ukraine-de,True,False,False,False,False,False,False,False,False,False,2022-12-02 10:31:14.326516+00:00,2022-12-02 10:31:14.326516+00:00
1598572768039157762,ukraine-de,True,True,False,False,False,False,False,False,False,False,2022-12-02 07:30:28.830403+00:00,2022-12-02 07:30:28.830403+00:00
1598572840852357120,ukraine-de,True,True,False,False,False,False,False,False,False,False,2022-12-02 07:30:28.830307+00:00,2022-12-02 07:30:28.830307+00:00
1598572854148210689,ukraine-de,True,True,False,False,False,False,False,False,False,False,2022-12-02 07:30:28.830199+00:00,2022-12-02 07:30:28.830199+00:00
1598572854953578498,ukraine-de,True,True,False,False,False,False,False,False,False,False,2022-12-02 07:30:28.830098+00:00,2022-12-02 07:30:28.830098+00:00
1598572884074577921,ukraine-de,True,False,False,False,False,False,False,False,False,False,2022-12-02 10:30:26.769916+00:00,2022-12-02 10:30:26.769916+00:00
1598572913593970688,ukraine-de,True,True,False,False,False,False,False,False,False,False,2022-12-02 07:30:28.829982+00:00,2022-12-02 07:30:28.829982+00:00
1598572926051274752,ukraine-de,True,True,False,False,False,False,False,False,False,False,2022-12-02 07:30:28.829866+00:00,2022-12-02 07:30:28.829866+00:00
1598572948243324934,ukraine-de,True,True,False,False,False,False,False,False,False,False,2022-12-02 07:30:28.829747+00:00,2022-12-02 07:30:28.829747+00:00
1598572955692400640,ukraine-de,True,False,False,False,False,False,False,False,False,False,2022-12-02 07:30:28.857523+00:00,2022-12-02 07:30:28.857523+00:00
1598572955969015808,ukraine-de,True,True,False,False,False,False,False,False,False,False,2022-12-02 07:30:28.829629+00:00,2022-12-02 07:30:28.829629+00:00
1598572958494121989,ukraine-de,True,True,False,False,False,False,False,False,False,False,2022-12-02 07:30:28.829485+00:00,2022-12-02 07:30:28.829485+00:00
1598572981038379009,ukraine-de,True,False,False,False,False,False,False,False,False,False,2022-12-02 10:31:14.311215+00:00,2022-12-02 10:31:14.311215+00:00
1598573001443721217,ukraine-de,True,True,False,False,False,False,False,False,False,False,2022-12-02 07:30:28.829367+00:00,2022-12-02 07:30:28.829367+00:00
1598573061804023809,ukraine-de,True,True,False,False,False,False,False,False,False,False,2022-12-02 07:30:28.829207+00:00,2022-12-02 07:30:28.829207+00:00
1598573084621111298,ukraine-de,True,True,False,False,False,False,False,False,False,False,2022-12-02 07:30:28.829100+00:00,2022-12-02 07:30:28.829100+00:00
1598573087624142848,ukraine-de,True,True,False,False,False,False,False,False,False,False,2022-12-02 07:30:28.828950+00:00,2022-12-02 07:30:28.828950+00:00
1598573114685784064,ukraine-de,True,True,False,False,False,False,False,False,False,False,2022-12-02 07:30:28.828842+00:00,2022-12-02 07:30:28.828842+00:00
1598573135221211136,ukraine-de,True,False,False,False,False,False,False,False,False,False,2022-12-02 15:04:30.427438+00:00,2022-12-02 15:04:30.427438+00:00
1598573143781687297,ukraine-de,True,True,False,False,False,False,False,False,False,False,2022-12-02 07:30:28.828634+00:00,2022-12-02 07:30:28.828634+00:00
1598573147707547648,ukraine-de,True,True,False,False,False,False,False,False,False,False,2022-12-02 07:30:28.828532+00:00,2022-12-02 07:30:28.828532+00:00
1598573167387316224,ukraine-de,True,True,False,False,False,False,False,False,False,False,2022-12-02 07:30:28.828408+00:00,2022-12-02 07:30:28.828408+00:00
1598573192255533056,ukraine-de,True,True,False,False,False,False,False,False,False,False,2022-12-02 07:30:28.828307+00:00,2022-12-02 07:30:28.828307+00:00
1598573193610010625,ukraine-de,True,True,False,False,False,False,False,False,False,False,2022-12-02 07:30:28.828185+00:00,2022-12-02 07:30:28.828185+00:00
1598573217849167873,ukraine-de,True,True,False,False,False,False,False,False,False,False,2022-12-02 07:30:28.828079+00:00,2022-12-02 07:30:28.828079+00:00
1598573223158763520,ukraine-de,True,True,False,False,False,False,False,False,False,False,2022-12-02 07:30:28.827981+00:00,2022-12-02 07:30:28.827981+00:00
1598573224509702145,ukraine-de,True,True,False,False,False,False,False,False,False,False,2022-12-02 07:30:28.827880+00:00,2022-12-02 07:30:28.827880+00:00
1598573244155428865,ukraine-de,True,True,False,False,False,False,False,False,False,False,2022-12-02 07:30:28.827780+00:00,2022-12-02 07:30:28.827780+00:00
1598573244566470656,ukraine-de,True,True,False,False,False,False,False,False,False,False,2022-12-02 07:30:28.827676+00:00,2022-12-02 07:30:28.827676+00:00
1598573271951151104,ukraine-de,True,True,False,False,False,False,False,False,False,False,2022-12-02 07:30:28.827566+00:00,2022-12-02 07:30:28.827566+00:00
1598573289022029824,ukraine-de,True,True,False,False,False,False,False,False,False,False,2022-12-02 07:30:28.827466+00:00,2022-12-02 07:30:28.827466+00:00
1598573318558388224,ukraine-de,True,True,False,False,False,False,False,False,False,False,2022-12-02 07:30:28.827363+00:00,2022-12-02 07:30:28.827363+00:00
1598573352989376512,ukraine-de,True,True,False,False,False,False,False,False,False,False,2022-12-02 07:30:28.827264+00:00,2022-12-02 07:30:28.827264+00:00
1598573362405588992,ukraine-de,True,False,False,False,False,False,False,False,False,False,2022-12-02 15:01:05.646151+00:00,2022-12-02 15:01:05.646151+00:00
1598573373507911681,ukraine-de,True,True,False,False,False,False,False,False,False,False,2022-12-02 07:30:28.827163+00:00,2022-12-02 07:30:28.827163+00:00
1598573452507729920,ukraine-de,True,True,False,False,False,False,False,False,False,False,2022-12-02 07:30:28.827039+00:00,2022-12-02 07:30:28.827039+00:00
1598573477883437058,ukraine-de,True,True,False,False,False,False,False,False,False,False,2022-12-02 07:30:28.826936+00:00,2022-12-02 07:30:28.826936+00:00
1598573481792139266,ukraine-de,True,True,False,False,False,False,False,False,False,False,2022-12-02 07:30:28.826815+00:00,2022-12-02 07:30:28.826815+00:00
1598573484401213446,ukraine-de,True,True,False,False,False,False,False,False,False,False,2022-12-02 07:30:28.826711+00:00,2022-12-02 07:30:28.826711+00:00
1598573489874763777,ukraine-de,True,True,False,False,False,False,False,False,False,False,2022-12-02 07:30:28.826611+00:00,2022-12-02 07:30:28.826611+00:00
1598573519968899072,ukraine-de,True,True,False,False,False,False,False,False,False,False,2022-12-02 07:30:28.826511+00:00,2022-12-02 07:30:28.826511+00:00
1598573521898086400,ukraine-de,True,False,False,False,False,False,False,False,False,False,2022-12-02 07:30:28.858801+00:00,2022-12-02 07:30:28.858801+00:00
1598573530609770500,ukraine-de,True,False,False,False,False,False,False,False,False,False,2022-12-02 10:31:39.211184+00:00,2022-12-02 10:31:39.211184+00:00
1598573564034179078,ukraine-de,True,True,False,False,False,False,False,False,False,False,2022-12-02 07:30:28.826408+00:00,2022-12-02 07:30:28.826408+00:00
1598573597383135234,ukraine-de,True,True,False,False,False,False,False,False,False,False,2022-12-02 07:30:28.826306+00:00,2022-12-02 07:30:28.826306+00:00
1598573625832972289,ukraine-de,True,True,False,False,False,False,False,False,False,False,2022-12-02 07:30:28.826203+00:00,2022-12-02 07:30:28.826203+00:00
1598573629700157440,ukraine-de,True,True,False,False,False,False,False,False,False,False,2022-12-02 07:30:28.826082+00:00,2022-12-02 07:30:28.826082+00:00
1598573641091846144,ukraine-de,True,True,False,False,False,False,False,False,False,False,2022-12-02 07:30:28.825980+00:00,2022-12-02 07:30:28.825980+00:00
1598573642555822080,ukraine-de,True,True,False,False,False,False,False,False,False,False,2022-12-02 07:30:28.825881+00:00,2022-12-02 07:30:28.825881+00:00
1598573671634845697,ukraine-de,True,True,False,False,False,False,False,False,False,False,2022-12-02 07:30:28.825777+00:00,2022-12-02 07:30:28.825777+00:00
1598573681277476864,ukraine-de,True,True,False,False,False,False,False,False,False,False,2022-12-02 07:30:28.825673+00:00,2022-12-02 07:30:28.825673+00:00
1598573690597380096,ukraine-de,True,True,False,False,False,False,False,False,False,False,2022-12-02 07:30:28.825535+00:00,2022-12-02 07:30:28.825535+00:00
1598573692518211585,ukraine-de,True,True,False,False,False,False,False,False,False,False,2022-12-02 07:30:28.825427+00:00,2022-12-02 07:30:28.825427+00:00
1598573734528368642,ukraine-de,True,True,False,False,False,False,False,False,False,False,2022-12-02 07:30:28.825260+00:00,2022-12-02 07:30:28.825260+00:00
1598573757781549056,ukraine-de,True,True,False,False,False,False,False,False,False,False,2022-12-02 07:30:28.825160+00:00,2022-12-02 07:30:28.825160+00:00
1598573770347876352,ukraine-de,True,True,False,False,False,False,False,False,False,False,2022-12-02 07:30:28.825056+00:00,2022-12-02 07:30:28.825056+00:00
1598573780590264322,ukraine-de,True,False,False,False,False,False,False,False,False,False,2022-12-02 15:04:30.421827+00:00,2022-12-02 15:04:30.421827+00:00
1598573781030621184,ukraine-de,True,True,False,False,False,False,False,False,False,False,2022-12-02 07:30:28.824946+00:00,2022-12-02 07:30:28.824946+00:00
1598573813381332992,ukraine-de,True,True,False,False,False,False,False,False,False,False,2022-12-02 07:30:28.824838+00:00,2022-12-02 07:30:28.824838+00:00
1598573819223891969,ukraine-de,True,True,False,False,False,False,False,False,False,False,2022-12-02 07:30:28.824706+00:00,2022-12-02 07:30:28.824706+00:00
1598573831639154688,ukraine-de,True,True,False,False,False,False,False,False,False,False,2022-12-02 07:30:28.824587+00:00,2022-12-02 07:30:28.824587+00:00
1598573839348277248,ukraine-de,True,True,False,False,False,False,False,False,False,False,2022-12-02 07:30:28.824468+00:00,2022-12-02 07:30:28.824468+00:00
1598573842896764929,ukraine-de,True,True,False,False,False,False,False,False,False,False,2022-12-02 07:30:28.824339+00:00,2022-12-02 07:30:28.824339+00:00
1598573861662081024,ukraine-de,True,True,False,False,False,False,False,False,False,False,2022-12-02 07:30:28.824239+00:00,2022-12-02 07:30:28.824239+00:00
1598573911276486656,ukraine-de,True,True,False,False,False,False,False,False,False,False,2022-12-02 07:30:28.824135+00:00,2022-12-02 07:30:28.824135+00:00
1598573917278437377,ukraine-de,True,False,False,False,False,False,False,False,False,False,2022-12-02 15:07:33.561098+00:00,2022-12-02 15:07:33.561098+00:00
1598573928397635585,ukraine-de,True,True,False,False,False,False,False,False,False,False,2022-12-02 07:30:28.824035+00:00,2022-12-02 07:30:28.824035+00:00
1598573932562755584,ukraine-de,True,True,False,False,False,False,False,False,False,False,2022-12-02 07:30:28.823932+00:00,2022-12-02 07:30:28.823932+00:00
1598573956398780424,ukraine-de,True,True,False,False,False,False,False,False,False,False,2022-12-02 07:30:28.823831+00:00,2022-12-02 07:30:28.823831+00:00
1598573967312392195,ukraine-de,True,True,False,False,False,False,False,False,False,False,2022-12-02 07:30:28.823733+00:00,2022-12-02 07:30:28.823733+00:00
1598574010681331712,ukraine-de,True,True,False,False,False,False,False,False,False,False,2022-12-02 07:30:28.823632+00:00,2022-12-02 07:30:28.823632+00:00
1598574014087077888,ukraine-de,True,True,False,False,False,False,False,False,False,False,2022-12-02 07:30:28.823531+00:00,2022-12-02 07:30:28.823531+00:00
1598574044667736064,ukraine-de,True,False,False,False,False,False,False,False,False,False,2022-12-02 07:30:28.864528+00:00,2022-12-02 07:30:28.864528+00:00
1598574061495660550,ukraine-de,True,True,False,False,False,False,False,False,False,False,2022-12-02 07:30:28.823410+00:00,2022-12-02 07:30:28.823410+00:00
1598574073641959424,ukraine-de,True,False,False,False,False,False,False,False,False,False,2022-12-02 10:31:06.516087+00:00,2022-12-02 10:31:06.516087+00:00
1598574090243244033,ukraine-de,True,True,False,False,False,False,False,False,False,False,2022-12-02 07:30:28.823291+00:00,2022-12-02 07:30:28.823291+00:00
1598574095507066881,ukraine-de,True,True,False,False,False,False,False,False,False,False,2022-12-02 07:30:28.823190+00:00,2022-12-02 07:30:28.823190+00:00
1598574129120423936,ukraine-de,True,True,False,False,False,False,False,False,False,False,2022-12-02 07:30:28.823085+00:00,2022-12-02 07:30:28.823085+00:00
1598574239937961986,ukraine-de,True,True,False,False,False,False,False,False,False,False,2022-12-02 07:30:28.822958+00:00,2022-12-02 07:30:28.822958+00:00
1598574263438647297,ukraine-de,True,True,False,False,False,False,False,False,False,False,2022-12-02 07:30:28.822855+00:00,2022-12-02 07:30:28.822855+00:00
1598574269184675842,ukraine-de,True,True,False,False,False,False,False,False,False,False,2022-12-02 07:30:28.822749+00:00,2022-12-02 07:30:28.822749+00:00
1598574286981287937,ukraine-de,True,True,False,False,False,False,False,False,False,False,2022-12-02 07:30:28.822549+00:00,2022-12-02 07:30:28.822549+00:00
1598574290387058688,ukraine-de,True,True,False,False,False,False,False,False,False,False,2022-12-02 07:30:28.822443+00:00,2022-12-02 07:30:28.822443+00:00
1598574294858186754,ukraine-de,True,True,False,False,False,False,False,False,False,False,2022-12-02 07:30:28.822313+00:00,2022-12-02 07:30:28.822313+00:00
1598574321613639681,ukraine-de,True,True,False,False,False,False,False,False,False,False,2022-12-02 07:30:28.822157+00:00,2022-12-02 07:30:28.822157+00:00
1598574325799342080,ukraine-de,True,False,False,False,False,False,False,False,False,False,2022-12-02 10:31:39.197011+00:00,2022-12-02 10:31:39.197011+00:00
1598574328785895426,ukraine-de,True,True,False,False,False,False,False,False,False,False,2022-12-02 07:30:28.821924+00:00,2022-12-02 07:30:28.821924+00:00
1598574339833712642,ukraine-de,True,True,False,False,False,False,False,False,False,False,2022-12-02 07:30:28.821822+00:00,2022-12-02 07:30:28.821822+00:00
1598574372578463744,ukraine-de,True,True,False,False,False,False,False,False,False,False,2022-12-02 07:30:28.821721+00:00,2022-12-02 07:30:28.821721+00:00
1598574386277072896,ukraine-de,True,True,False,False,False,False,False,False,False,False,2022-12-02 07:30:28.821616+00:00,2022-12-02 07:30:28.821616+00:00
1598574411522654208,ukraine-de,True,True,False,False,False,False,False,False,False,False,2022-12-02 07:30:28.821499+00:00,2022-12-02 07:30:28.821499+00:00
1598574414731169792,ukraine-de,True,True,False,False,False,False,False,False,False,False,2022-12-02 07:30:28.821381+00:00,2022-12-02 07:30:28.821381+00:00
1598574426840236033,ukraine-de,True,True,False,False,False,False,False,False,False,False,2022-12-02 07:30:28.821218+00:00,2022-12-02 07:30:28.821218+00:00
1598574445647601665,ukraine-de,True,True,False,False,False,False,False,False,False,False,2022-12-02 07:30:28.821115+00:00,2022-12-02 07:30:28.821115+00:00
1598574482213388293,ukraine-de,True,True,False,False,False,False,False,False,False,False,2022-12-02 07:30:28.821002+00:00,2022-12-02 07:30:28.821002+00:00
1598574529361711104,ukraine-de,True,True,False,False,False,False,False,False,False,False,2022-12-02 07:30:28.820838+00:00,2022-12-02 07:30:28.820838+00:00
1598574570629263360,ukraine-de,True,False,False,False,False,False,False,False,False,False,2022-12-02 07:30:28.860889+00:00,2022-12-02 07:30:28.860889+00:00
1598574621875314688,ukraine-de,True,True,False,False,False,False,False,False,False,False,2022-12-02 07:30:28.820684+00:00,2022-12-02 07:30:28.820684+00:00
1598574650262519809,ukraine-de,True,True,False,False,False,False,False,False,False,False,2022-12-02 07:30:28.820585+00:00,2022-12-02 07:30:28.820585+00:00
1598574660391763970,ukraine-de,True,True,False,False,False,False,False,False,False,False,2022-12-02 07:30:28.820484+00:00,2022-12-02 07:30:28.820484+00:00
1598574683380645889,ukraine-de,True,True,False,False,False,False,False,False,False,False,2022-12-02 07:30:28.820382+00:00,2022-12-02 07:30:28.820382+00:00
1598574683816955904,ukraine-de,True,True,False,False,False,False,False,False,False,False,2022-12-02 07:30:28.820266+00:00,2022-12-02 07:30:28.820266+00:00
1598574703685386241,ukraine-de,True,False,False,False,False,False,False,False,False,False,2022-12-02 15:05:39.925166+00:00,2022-12-02 15:05:39.925166+00:00
1598574703999868928,ukraine-de,True,True,False,False,False,False,False,False,False,False,2022-12-02 07:30:28.820164+00:00,2022-12-02 07:30:28.820164+00:00
1598574732806324224,ukraine-de,True,True,False,False,False,False,False,False,False,False,2022-12-02 07:30:28.820047+00:00,2022-12-02 07:30:28.820047+00:00
1598574762887880707,ukraine-de,True,True,False,False,False,False,False,False,False,False,2022-12-02 07:30:28.819944+00:00,2022-12-02 07:30:28.819944+00:00
1598574788175400961,ukraine-de,True,True,False,False,False,False,False,False,False,False,2022-12-02 07:30:28.819820+00:00,2022-12-02 07:30:28.819820+00:00
1598574803299889152,ukraine-de,True,True,False,False,False,False,False,False,False,False,2022-12-02 07:30:28.819719+00:00,2022-12-02 07:30:28.819719+00:00
1598574807800594432,ukraine-de,True,True,False,False,False,False,False,False,False,False,2022-12-02 07:30:28.819618+00:00,2022-12-02 07:30:28.819618+00:00
1598574811822931970,ukraine-de,True,True,False,False,False,False,False,False,False,False,2022-12-02 07:30:28.819516+00:00,2022-12-02 07:30:28.819516+00:00
1598574847889661952,ukraine-de,True,True,False,False,False,False,False,False,False,False,2022-12-02 07:30:28.819416+00:00,2022-12-02 07:30:28.819416+00:00
1598574849500160000,ukraine-de,True,True,False,False,False,False,False,False,False,False,2022-12-02 07:30:28.819315+00:00,2022-12-02 07:30:28.819315+00:00
1598574892840108032,ukraine-de,True,True,False,False,False,False,False,False,False,False,2022-12-02 07:30:28.819214+00:00,2022-12-02 07:30:28.819214+00:00
1598574898762465286,ukraine-de,True,False,False,False,False,False,False,False,False,False,2022-12-02 15:07:33.545393+00:00,2022-12-02 15:07:33.545393+00:00
1598574918429560835,ukraine-de,True,True,False,False,False,False,False,False,False,False,2022-12-02 07:30:28.819097+00:00,2022-12-02 07:30:28.819097+00:00
1598574926906073089,ukraine-de,True,True,False,False,False,False,False,False,False,False,2022-12-02 07:30:28.818996+00:00,2022-12-02 07:30:28.818996+00:00
1598574934174748672,ukraine-de,True,True,False,False,False,False,False,False,False,False,2022-12-02 07:30:28.818893+00:00,2022-12-02 07:30:28.818893+00:00
1598574961270013952,ukraine-de,True,True,False,False,False,False,False,False,False,False,2022-12-02 07:30:28.818792+00:00,2022-12-02 07:30:28.818792+00:00
1598574994270961665,ukraine-de,True,True,False,False,False,False,False,False,False,False,2022-12-02 07:30:28.818686+00:00,2022-12-02 07:30:28.818686+00:00
1598574997110460417,ukraine-de,True,False,False,False,False,False,False,False,False,False,2022-12-02 07:30:28.859974+00:00,2022-12-02 07:30:28.859974+00:00
1598575006786752512,ukraine-de,True,True,False,False,False,False,False,False,False,False,2022-12-02 07:30:28.818571+00:00,2022-12-02 07:30:28.818571+00:00
1598575011576643584,ukraine-de,True,False,False,False,False,False,False,False,False,False,2022-12-02 15:04:13.025284+00:00,2022-12-02 15:04:13.025284+00:00
1598575015867432961,ukraine-de,True,True,False,False,False,False,False,False,False,False,2022-12-02 07:30:28.818464+00:00,2022-12-02 07:30:28.818464+00:00
1598575038306963458,ukraine-de,True,True,False,False,False,False,False,False,False,False,2022-12-02 07:30:28.818344+00:00,2022-12-02 07:30:28.818344+00:00
1598575079876501504,ukraine-de,True,True,False,False,False,False,False,False,False,False,2022-12-02 07:30:28.818245+00:00,2022-12-02 07:30:28.818245+00:00
1598575085211815936,ukraine-de,True,True,False,False,False,False,False,False,False,False,2022-12-02 07:30:28.818141+00:00,2022-12-02 07:30:28.818141+00:00
1598575089280327680,ukraine-de,True,False,False,False,False,False,False,False,False,False,2022-12-02 07:30:28.854935+00:00,2022-12-02 07:30:28.854935+00:00
1598575119093350404,ukraine-de,True,True,False,False,False,False,False,False,False,False,2022-12-02 07:30:28.818032+00:00,2022-12-02 07:30:28.818032+00:00
1598575131546238976,ukraine-de,True,False,False,False,False,False,False,False,False,False,2022-12-02 10:30:26.776536+00:00,2022-12-02 10:30:26.776536+00:00
1598575139150434304,ukraine-de,True,True,False,False,False,False,False,False,False,False,2022-12-02 07:30:28.817927+00:00,2022-12-02 07:30:28.817927+00:00
1598575173757816833,ukraine-de,True,True,False,False,False,False,False,False,False,False,2022-12-02 07:30:28.817823+00:00,2022-12-02 07:30:28.817823+00:00
1598575177205530624,ukraine-de,True,True,False,False,False,False,False,False,False,False,2022-12-02 07:30:28.817683+00:00,2022-12-02 07:30:28.817683+00:00
1598575197526773760,ukraine-de,True,True,False,False,False,False,False,False,False,False,2022-12-02 07:30:28.817532+00:00,2022-12-02 07:30:28.817532+00:00
1598575231081357319,ukraine-de,True,True,False,False,False,False,False,False,False,False,2022-12-02 07:30:28.817423+00:00,2022-12-02 07:30:28.817423+00:00
1598575232767250432,ukraine-de,True,True,False,False,False,False,False,False,False,False,2022-12-02 07:30:28.817265+00:00,2022-12-02 07:30:28.817265+00:00
1598575251658522624,ukraine-de,True,True,False,False,False,False,False,False,False,False,2022-12-02 07:30:28.817159+00:00,2022-12-02 07:30:28.817159+00:00
1598575256268161026,ukraine-de,True,True,False,False,False,False,False,False,False,False,2022-12-02 07:30:28.817036+00:00,2022-12-02 07:30:28.817036+00:00
1598575266971918336,ukraine-de,True,True,False,False,False,False,False,False,False,False,2022-12-02 07:30:28.816924+00:00,2022-12-02 07:30:28.816924+00:00
1598575271321419777,ukraine-de,True,True,False,False,False,False,False,False,False,False,2022-12-02 07:30:28.816763+00:00,2022-12-02 07:30:28.816763+00:00
1598575274848702464,ukraine-de,True,True,False,False,False,False,False,False,False,False,2022-12-02 07:30:28.816642+00:00,2022-12-02 07:30:28.816642+00:00
1598575275255685121,ukraine-de,True,False,False,False,False,False,False,False,False,False,2022-12-02 07:30:28.860502+00:00,2022-12-02 07:30:28.860502+00:00
1598575297670000640,ukraine-de,True,True,False,False,False,False,False,False,False,False,2022-12-02 07:30:28.816544+00:00,2022-12-02 07:30:28.816544+00:00
1598575338774499328,ukraine-de,True,True,False,False,False,False,False,False,False,False,2022-12-02 07:30:28.816443+00:00,2022-12-02 07:30:28.816443+00:00
1598575387273203713,ukraine-de,True,False,False,False,False,False,False,False,False,False,2022-12-02 07:30:28.860760+00:00,2022-12-02 07:30:28.860760+00:00
1598575395728551938,ukraine-de,True,True,False,False,False,False,False,False,False,False,2022-12-02 07:30:28.816338+00:00,2022-12-02 07:30:28.816338+00:00
1598575402032795648,ukraine-de,True,True,False,False,False,False,False,False,False,False,2022-12-02 07:30:28.816225+00:00,2022-12-02 07:30:28.816225+00:00
1598575413671895040,ukraine-de,True,True,False,False,False,False,False,False,False,False,2022-12-02 07:30:28.816126+00:00,2022-12-02 07:30:28.816126+00:00
1598575454893449216,ukraine-de,True,True,False,False,False,False,False,False,False,False,2022-12-02 07:30:28.816028+00:00,2022-12-02 07:30:28.816028+00:00
1598575496886820864,ukraine-de,True,True,False,False,False,False,False,False,False,False,2022-12-02 07:30:28.815926+00:00,2022-12-02 07:30:28.815926+00:00
1598575519846617089,ukraine-de,True,False,False,False,False,False,False,False,False,False,2022-12-02 07:30:28.852831+00:00,2022-12-02 07:30:28.852831+00:00
1598575524384837632,ukraine-de,True,True,False,False,False,False,False,False,False,False,2022-12-02 07:30:28.815826+00:00,2022-12-02 07:30:28.815826+00:00
1598575528008908802,ukraine-de,True,False,False,False,False,False,False,False,False,False,2022-12-02 07:30:28.857301+00:00,2022-12-02 07:30:28.857301+00:00
1598575544290918402,ukraine-de,True,True,False,False,False,False,False,False,False,False,2022-12-02 07:30:28.815725+00:00,2022-12-02 07:30:28.815725+00:00
1598575614184677377,ukraine-de,True,True,False,False,False,False,False,False,False,False,2022-12-02 07:30:28.815627+00:00,2022-12-02 07:30:28.815627+00:00
1598575688440721408,ukraine-de,True,True,False,False,False,False,False,False,False,False,2022-12-02 07:30:28.815524+00:00,2022-12-02 07:30:28.815524+00:00
1598575688465907714,ukraine-de,True,True,False,False,False,False,False,False,False,False,2022-12-02 07:30:28.815421+00:00,2022-12-02 07:30:28.815421+00:00
1598575691762737153,ukraine-de,True,True,False,False,False,False,False,False,False,False,2022-12-02 07:30:28.815252+00:00,2022-12-02 07:30:28.815252+00:00
1598575746322026496,ukraine-de,True,False,False,False,False,False,False,False,False,False,2022-12-02 07:30:28.862244+00:00,2022-12-02 07:30:28.862244+00:00
1598575748494802945,ukraine-de,True,True,False,False,False,False,False,False,False,False,2022-12-02 07:30:28.815134+00:00,2022-12-02 07:30:28.815134+00:00
1598575752903114752,ukraine-de,True,False,False,False,False,False,False,False,False,False,2022-12-02 07:30:28.862143+00:00,2022-12-02 07:30:28.862143+00:00
1598575755209777153,ukraine-de,True,True,False,False,False,False,False,False,False,False,2022-12-02 07:30:28.815032+00:00,2022-12-02 07:30:28.815032+00:00
1598575784679116800,ukraine-de,True,True,False,False,False,False,False,False,False,False,2022-12-02 07:30:28.814932+00:00,2022-12-02 07:30:28.814932+00:00
1598575796460916736,ukraine-de,True,True,False,False,False,False,False,False,False,False,2022-12-02 07:30:28.814819+00:00,2022-12-02 07:30:28.814819+00:00
1598575812399202304,ukraine-de,True,True,False,False,False,False,False,False,False,False,2022-12-02 07:30:28.814657+00:00,2022-12-02 07:30:28.814657+00:00
1598575864303988736,ukraine-de,True,True,False,False,False,False,False,False,False,False,2022-12-02 07:30:28.814553+00:00,2022-12-02 07:30:28.814553+00:00
1598575877507489792,ukraine-de,True,True,False,False,False,False,False,False,False,False,2022-12-02 07:30:28.814449+00:00,2022-12-02 07:30:28.814449+00:00
1598575877968756736,ukraine-de,True,True,False,False,False,False,False,False,False,False,2022-12-02 07:30:28.814325+00:00,2022-12-02 07:30:28.814325+00:00
1598575882590998530,ukraine-de,True,True,False,False,False,False,False,False,False,False,2022-12-02 07:30:28.814207+00:00,2022-12-02 07:30:28.814207+00:00
1598575895614201856,ukraine-de,True,True,False,False,False,False,False,False,False,False,2022-12-02 07:30:28.814094+00:00,2022-12-02 07:30:28.814094+00:00
1598575899087179778,ukraine-de,True,True,False,False,False,False,False,False,False,False,2022-12-02 07:30:28.813871+00:00,2022-12-02 07:30:28.813871+00:00
1598575903063379968,ukraine-de,True,True,False,False,False,False,False,False,False,False,2022-12-02 07:30:28.813745+00:00,2022-12-02 07:30:28.813745+00:00
1598575916304592896,ukraine-de,True,True,False,False,False,False,False,False,False,False,2022-12-02 07:30:28.813493+00:00,2022-12-02 07:30:28.813493+00:00
1598575942820978689,ukraine-de,True,True,False,False,False,False,False,False,False,False,2022-12-02 07:30:28.813355+00:00,2022-12-02 07:30:28.813355+00:00
1598575946294087680,ukraine-de,True,True,False,False,False,False,False,False,False,False,2022-12-02 07:30:28.813205+00:00,2022-12-02 07:30:28.813205+00:00
1598575985930149888,ukraine-de,True,True,False,False,False,False,False,False,False,False,2022-12-02 07:30:28.813103+00:00,2022-12-02 07:30:28.813103+00:00
1598576014447329280,ukraine-de,True,True,False,False,False,False,False,False,False,False,2022-12-02 07:30:28.813001+00:00,2022-12-02 07:30:28.813001+00:00
1598576035162980352,ukraine-de,True,False,False,False,False,False,False,False,False,False,2022-12-02 10:31:14.311931+00:00,2022-12-02 10:31:14.311931+00:00
1598576038929485824,ukraine-de,True,True,False,False,False,False,False,False,False,False,2022-12-02 07:30:28.812898+00:00,2022-12-02 07:30:28.812898+00:00
1598576039818452992,ukraine-de,True,True,False,False,False,False,False,False,False,False,2022-12-02 07:30:28.812796+00:00,2022-12-02 07:30:28.812796+00:00
1598576040015634432,ukraine-de,True,True,False,False,False,False,False,False,False,False,2022-12-02 07:30:28.812674+00:00,2022-12-02 07:30:28.812674+00:00
1598576118210215937,ukraine-de,True,True,False,False,False,False,False,False,False,False,2022-12-02 07:30:28.812492+00:00,2022-12-02 07:30:28.812492+00:00
1598576171809181696,ukraine-de,True,True,False,False,False,False,False,False,False,False,2022-12-02 07:30:28.812391+00:00,2022-12-02 07:30:28.812391+00:00
1598576179098767361,ukraine-de,True,True,False,False,False,False,False,False,False,False,2022-12-02 07:30:28.812271+00:00,2022-12-02 07:30:28.812271+00:00
1598576180323651584,ukraine-de,True,True,False,False,False,False,False,False,False,False,2022-12-02 07:30:28.812172+00:00,2022-12-02 07:30:28.812172+00:00
1598576181946761217,ukraine-de,True,True,False,False,False,False,False,False,False,False,2022-12-02 07:30:28.812072+00:00,2022-12-02 07:30:28.812072+00:00
1598576191232802817,ukraine-de,True,True,False,False,False,False,False,False,False,False,2022-12-02 07:30:28.811974+00:00,2022-12-02 07:30:28.811974+00:00
1598576215534800896,ukraine-de,True,True,False,False,False,False,False,False,False,False,2022-12-02 07:30:28.811872+00:00,2022-12-02 07:30:28.811872+00:00
1598576235420028929,ukraine-de,True,True,False,False,False,False,False,False,False,False,2022-12-02 07:30:28.811773+00:00,2022-12-02 07:30:28.811773+00:00
1598576275559514119,ukraine-de,True,True,False,False,False,False,False,False,False,False,2022-12-02 07:30:28.811670+00:00,2022-12-02 07:30:28.811670+00:00
1598576348339048448,ukraine-de,True,True,False,False,False,False,False,False,False,False,2022-12-02 07:30:28.811564+00:00,2022-12-02 07:30:28.811564+00:00
1598576349316251648,ukraine-de,True,True,False,False,False,False,False,False,False,False,2022-12-02 07:30:28.811443+00:00,2022-12-02 07:30:28.811443+00:00
1598576392832172032,ukraine-de,True,True,False,False,False,False,False,False,False,False,2022-12-02 07:30:28.811325+00:00,2022-12-02 07:30:28.811325+00:00
1598576436326985728,ukraine-de,True,True,False,False,False,False,False,False,False,False,2022-12-02 07:30:28.811159+00:00,2022-12-02 07:30:28.811159+00:00
1598576448209559557,ukraine-de,True,True,False,False,False,False,False,False,False,False,2022-12-02 07:30:28.811051+00:00,2022-12-02 07:30:28.811051+00:00
1598576449040093185,ukraine-de,True,False,False,False,False,False,False,False,False,False,2022-12-02 10:31:39.218179+00:00,2022-12-02 10:31:39.218179+00:00
1598576479230922752,ukraine-de,True,True,False,False,False,False,False,False,False,False,2022-12-02 07:30:28.810934+00:00,2022-12-02 07:30:28.810934+00:00
1598576480241553412,ukraine-de,True,True,False,False,False,False,False,False,False,False,2022-12-02 07:30:28.810827+00:00,2022-12-02 07:30:28.810827+00:00
1598576483085258753,ukraine-de,True,True,False,False,False,False,False,False,False,False,2022-12-02 07:30:28.810702+00:00,2022-12-02 07:30:28.810702+00:00
1598576510750920704,ukraine-de,True,True,False,False,False,False,False,False,False,False,2022-12-02 07:30:28.810391+00:00,2022-12-02 07:30:28.810391+00:00
1598576547023175680,ukraine-de,True,True,False,False,False,False,False,False,False,False,2022-12-02 07:30:28.810291+00:00,2022-12-02 07:30:28.810291+00:00
1598576560377892867,ukraine-de,True,True,False,False,False,False,False,False,False,False,2022-12-02 07:30:28.810186+00:00,2022-12-02 07:30:28.810186+00:00
1598576589830508544,ukraine-de,True,True,False,False,False,False,False,False,False,False,2022-12-02 07:30:28.810076+00:00,2022-12-02 07:30:28.810076+00:00
1598576619207200769,ukraine-de,True,True,False,False,False,False,False,False,False,False,2022-12-02 07:30:28.809958+00:00,2022-12-02 07:30:28.809958+00:00
1598576682549526528,ukraine-de,True,True,False,False,False,False,False,False,False,False,2022-12-02 07:30:28.809837+00:00,2022-12-02 07:30:28.809837+00:00
1598576705198751744,ukraine-de,True,True,False,False,False,False,False,False,False,False,2022-12-02 07:30:28.809716+00:00,2022-12-02 07:30:28.809716+00:00
1598576725184712704,ukraine-de,True,True,False,False,False,False,False,False,False,False,2022-12-02 07:30:28.809609+00:00,2022-12-02 07:30:28.809609+00:00
1598576740095377413,ukraine-de,True,True,False,False,False,False,False,False,False,False,2022-12-02 07:30:28.809493+00:00,2022-12-02 07:30:28.809493+00:00
1598576773213704192,ukraine-de,True,True,False,False,False,False,False,False,False,False,2022-12-02 07:30:28.809369+00:00,2022-12-02 07:30:28.809369+00:00
1598576795728617472,ukraine-de,True,True,False,False,False,False,False,False,False,False,2022-12-02 07:30:28.809189+00:00,2022-12-02 07:30:28.809189+00:00
1598576834647625728,ukraine-de,True,True,False,False,False,False,False,False,False,False,2022-12-02 07:30:28.809088+00:00,2022-12-02 07:30:28.809088+00:00
1598576849294082050,ukraine-de,True,True,False,False,False,False,False,False,False,False,2022-12-02 07:30:28.808986+00:00,2022-12-02 07:30:28.808986+00:00
1598576881866919936,ukraine-de,True,True,False,False,False,False,False,False,False,False,2022-12-02 07:30:28.808885+00:00,2022-12-02 07:30:28.808885+00:00
1598576904797409281,ukraine-de,True,True,False,False,False,False,False,False,False,False,2022-12-02 07:30:28.808785+00:00,2022-12-02 07:30:28.808785+00:00
1598576904860213254,ukraine-de,True,True,False,False,False,False,False,False,False,False,2022-12-02 07:30:28.808669+00:00,2022-12-02 07:30:28.808669+00:00
1598576989962502145,ukraine-de,True,True,False,False,False,False,False,False,False,False,2022-12-02 07:30:28.808569+00:00,2022-12-02 07:30:28.808569+00:00
1598577007729803264,ukraine-de,True,True,False,False,False,False,False,False,False,False,2022-12-02 07:30:28.808465+00:00,2022-12-02 07:30:28.808465+00:00
1598577047101636608,ukraine-de,True,True,False,False,False,False,False,False,False,False,2022-12-02 07:30:28.808365+00:00,2022-12-02 07:30:28.808365+00:00
1598577057637744642,ukraine-de,True,True,False,False,False,False,False,False,False,False,2022-12-02 07:30:28.808263+00:00,2022-12-02 07:30:28.808263+00:00
1598577092190519297,ukraine-de,True,True,False,False,False,False,False,False,False,False,2022-12-02 07:30:28.808162+00:00,2022-12-02 07:30:28.808162+00:00
1598577098473472000,ukraine-de,True,True,False,False,False,False,False,False,False,False,2022-12-02 07:30:28.808054+00:00,2022-12-02 07:30:28.808054+00:00
1598577099685625856,ukraine-de,True,True,False,False,False,False,False,False,False,False,2022-12-02 07:30:28.807937+00:00,2022-12-02 07:30:28.807937+00:00
1598577100599992321,ukraine-de,True,False,False,False,False,False,False,False,False,False,2022-12-02 07:30:28.858146+00:00,2022-12-02 07:30:28.858146+00:00
1598577103200522240,ukraine-de,True,True,False,False,False,False,False,False,False,False,2022-12-02 07:30:28.807836+00:00,2022-12-02 07:30:28.807836+00:00
1598577208863252481,ukraine-de,True,True,False,False,False,False,False,False,False,False,2022-12-02 07:30:28.807713+00:00,2022-12-02 07:30:28.807713+00:00
1598577219982475264,ukraine-de,True,True,False,False,False,False,False,False,False,False,2022-12-02 07:30:28.807592+00:00,2022-12-02 07:30:28.807592+00:00
1598577308704481280,ukraine-de,True,True,False,False,False,False,False,False,False,False,2022-12-02 07:30:28.807466+00:00,2022-12-02 07:30:28.807466+00:00
1598577385258950657,ukraine-de,True,False,False,False,False,False,False,False,False,False,2022-12-02 07:30:28.852936+00:00,2022-12-02 07:30:28.852936+00:00
1598577428057665536,ukraine-de,True,True,False,False,False,False,False,False,False,False,2022-12-02 07:30:28.807354+00:00,2022-12-02 07:30:28.807354+00:00
1598577436479864833,ukraine-de,True,True,False,False,False,False,False,False,False,False,2022-12-02 07:30:28.807196+00:00,2022-12-02 07:30:28.807196+00:00
1598577441483550720,ukraine-de,True,True,False,False,False,False,False,False,False,False,2022-12-02 07:30:28.807026+00:00,2022-12-02 07:30:28.807026+00:00
1598577453579919361,ukraine-de,True,True,False,False,False,False,False,False,False,False,2022-12-02 07:30:28.806926+00:00,2022-12-02 07:30:28.806926+00:00
1598577459708010496,ukraine-de,True,True,False,False,False,False,False,False,False,False,2022-12-02 07:30:28.806828+00:00,2022-12-02 07:30:28.806828+00:00
1598577521901043712,ukraine-de,True,True,False,False,False,False,False,False,False,False,2022-12-02 07:30:28.806727+00:00,2022-12-02 07:30:28.806727+00:00
1598577528406409218,ukraine-de,True,True,False,False,False,False,False,False,False,False,2022-12-02 07:30:28.806627+00:00,2022-12-02 07:30:28.806627+00:00
1598577582836011008,ukraine-de,True,True,False,False,False,False,False,False,False,False,2022-12-02 07:30:28.806525+00:00,2022-12-02 07:30:28.806525+00:00
1598577658492846081,ukraine-de,True,True,False,False,False,False,False,False,False,False,2022-12-02 07:30:28.806426+00:00,2022-12-02 07:30:28.806426+00:00
1598577673214824448,ukraine-de,True,True,False,False,False,False,False,False,False,False,2022-12-02 07:30:28.806324+00:00,2022-12-02 07:30:28.806324+00:00
1598577674871521280,ukraine-de,True,True,False,False,False,False,False,False,False,False,2022-12-02 07:30:28.806200+00:00,2022-12-02 07:30:28.806200+00:00
1598577719549333505,ukraine-de,True,True,False,False,False,False,False,False,False,False,2022-12-02 07:30:28.806101+00:00,2022-12-02 07:30:28.806101+00:00
1598577730831798272,ukraine-de,True,True,False,False,False,False,False,False,False,False,2022-12-02 07:30:28.805995+00:00,2022-12-02 07:30:28.805995+00:00
1598577744295739392,ukraine-de,True,False,False,False,False,False,False,False,False,False,2022-12-02 19:50:59.825028+00:00,2022-12-02 19:50:59.825028+00:00
1598577744916398080,ukraine-de,True,True,False,False,False,False,False,False,False,False,2022-12-02 07:30:28.805874+00:00,2022-12-02 07:30:28.805874+00:00
1598577754378801153,ukraine-de,True,True,False,False,False,False,False,False,False,False,2022-12-02 07:30:28.805776+00:00,2022-12-02 07:30:28.805776+00:00
1598577760200531969,ukraine-de,True,True,False,False,False,False,False,False,False,False,2022-12-02 07:30:28.805674+00:00,2022-12-02 07:30:28.805674+00:00
1598577769062940672,ukraine-de,True,True,False,False,False,False,False,False,False,False,2022-12-02 07:30:28.805559+00:00,2022-12-02 07:30:28.805559+00:00
1598577806325288960,ukraine-de,True,True,False,False,False,False,False,False,False,False,2022-12-02 07:30:28.805457+00:00,2022-12-02 07:30:28.805457+00:00
1598577824113328128,ukraine-de,True,True,False,False,False,False,False,False,False,False,2022-12-02 07:30:28.805359+00:00,2022-12-02 07:30:28.805359+00:00
1598577833931964416,ukraine-de,True,True,False,False,False,False,False,False,False,False,2022-12-02 07:30:28.805260+00:00,2022-12-02 07:30:28.805260+00:00
1598577878966456320,ukraine-de,True,True,False,False,False,False,False,False,False,False,2022-12-02 07:30:28.805161+00:00,2022-12-02 07:30:28.805161+00:00
1598577888848224261,ukraine-de,True,True,False,False,False,False,False,False,False,False,2022-12-02 07:30:28.805061+00:00,2022-12-02 07:30:28.805061+00:00
1598577901410160641,ukraine-de,True,False,False,False,False,False,False,False,False,False,2022-12-02 22:35:54.172457+00:00,2022-12-02 22:35:54.172457+00:00
1598577913569443841,ukraine-de,True,True,False,False,False,False,False,False,False,False,2022-12-02 07:30:28.804962+00:00,2022-12-02 07:30:28.804962+00:00
1598577918954901504,ukraine-de,True,True,False,False,False,False,False,False,False,False,2022-12-02 07:30:28.804857+00:00,2022-12-02 07:30:28.804857+00:00
1598577943877484546,ukraine-de,True,True,False,False,False,False,False,False,False,False,2022-12-02 07:30:28.804751+00:00,2022-12-02 07:30:28.804751+00:00
1598577974135214083,ukraine-de,True,True,False,False,False,False,False,False,False,False,2022-12-02 07:30:28.804634+00:00,2022-12-02 07:30:28.804634+00:00
1598578015084085248,ukraine-de,True,True,False,False,False,False,False,False,False,False,2022-12-02 07:30:28.804433+00:00,2022-12-02 07:30:28.804433+00:00
1598578020146618368,ukraine-de,True,False,False,False,False,False,False,False,False,False,2022-12-02 10:31:39.207588+00:00,2022-12-02 10:31:39.207588+00:00
1598578028698914816,ukraine-de,True,True,False,False,False,False,False,False,False,False,2022-12-02 07:30:28.804335+00:00,2022-12-02 07:30:28.804335+00:00
1598578059287957504,ukraine-de,True,True,False,False,False,False,False,False,False,False,2022-12-02 07:30:28.804234+00:00,2022-12-02 07:30:28.804234+00:00
1598578087872139264,ukraine-de,True,True,False,False,False,False,False,False,False,False,2022-12-02 07:30:28.804136+00:00,2022-12-02 07:30:28.804136+00:00
1598578119681753092,ukraine-de,True,True,False,False,False,False,False,False,False,False,2022-12-02 07:30:28.804036+00:00,2022-12-02 07:30:28.804036+00:00
1598578145946472451,ukraine-de,True,True,False,False,False,False,False,False,False,False,2022-12-02 07:30:28.803937+00:00,2022-12-02 07:30:28.803937+00:00
1598578146940526592,ukraine-de,True,True,False,False,False,False,False,False,False,False,2022-12-02 07:30:28.803825+00:00,2022-12-02 07:30:28.803825+00:00
1598578194055036928,ukraine-de,True,True,False,False,False,False,False,False,False,False,2022-12-02 07:30:28.803724+00:00,2022-12-02 07:30:28.803724+00:00
1598578208412254209,ukraine-de,True,True,False,False,False,False,False,False,False,False,2022-12-02 07:30:28.803602+00:00,2022-12-02 07:30:28.803602+00:00
1598578228972720131,ukraine-de,True,True,False,False,False,False,False,False,False,False,2022-12-02 07:30:28.803498+00:00,2022-12-02 07:30:28.803498+00:00
1598578280428290048,ukraine-de,True,True,False,False,False,False,False,False,False,False,2022-12-02 07:30:28.803377+00:00,2022-12-02 07:30:28.803377+00:00
1598578296740261888,ukraine-de,True,True,False,False,False,False,False,False,False,False,2022-12-02 07:30:28.803189+00:00,2022-12-02 07:30:28.803189+00:00
1598578299483176961,ukraine-de,True,False,False,False,False,False,False,False,False,False,2022-12-02 10:31:14.330886+00:00,2022-12-02 10:31:14.330886+00:00
1598578328889352193,ukraine-de,True,True,False,False,False,False,False,False,False,False,2022-12-02 07:30:28.803029+00:00,2022-12-02 07:30:28.803029+00:00
1598578338045759490,ukraine-de,True,True,False,False,False,False,False,False,False,False,2022-12-02 07:30:28.802926+00:00,2022-12-02 07:30:28.802926+00:00
1598578347109277696,ukraine-de,True,True,False,False,False,False,False,False,False,False,2022-12-02 07:30:28.802821+00:00,2022-12-02 07:30:28.802821+00:00
1598578347180949505,ukraine-de,True,True,False,False,False,False,False,False,False,False,2022-12-02 07:30:28.802720+00:00,2022-12-02 07:30:28.802720+00:00
1598578390864478209,ukraine-de,True,True,False,False,False,False,False,False,False,False,2022-12-02 07:30:28.802620+00:00,2022-12-02 07:30:28.802620+00:00
1598578416466493440,ukraine-de,True,True,False,False,False,False,False,False,False,False,2022-12-02 07:30:28.802519+00:00,2022-12-02 07:30:28.802519+00:00
1598578437953757184,ukraine-de,True,True,False,False,False,False,False,False,False,False,2022-12-02 07:30:28.802419+00:00,2022-12-02 07:30:28.802419+00:00
1598578445037993984,ukraine-de,True,True,False,False,False,False,False,False,False,False,2022-12-02 07:30:28.802316+00:00,2022-12-02 07:30:28.802316+00:00
1598578453640462336,ukraine-de,True,True,False,False,False,False,False,False,False,False,2022-12-02 07:30:28.802210+00:00,2022-12-02 07:30:28.802210+00:00
1598578469419372544,ukraine-de,True,True,False,False,False,False,False,False,False,False,2022-12-02 07:30:28.802094+00:00,2022-12-02 07:30:28.802094+00:00
1598578476528766977,ukraine-de,True,True,False,False,False,False,False,False,False,False,2022-12-02 07:30:28.801993+00:00,2022-12-02 07:30:28.801993+00:00
1598578477103341568,ukraine-de,True,False,False,False,False,False,False,False,False,False,2022-12-02 15:04:30.427972+00:00,2022-12-02 15:04:30.427972+00:00
1598578484166635520,ukraine-de,True,True,False,False,False,False,False,False,False,False,2022-12-02 07:30:28.801893+00:00,2022-12-02 07:30:28.801893+00:00
1598578505071173634,ukraine-de,True,True,False,False,False,False,False,False,False,False,2022-12-02 07:30:28.801789+00:00,2022-12-02 07:30:28.801789+00:00
1598578505452756994,ukraine-de,True,True,False,False,False,False,False,False,False,False,2022-12-02 07:30:28.801676+00:00,2022-12-02 07:30:28.801676+00:00
1598578530991935488,ukraine-de,True,True,False,False,False,False,False,False,False,False,2022-12-02 07:30:28.801539+00:00,2022-12-02 07:30:28.801539+00:00
1598578541494403072,ukraine-de,True,True,False,False,False,False,False,False,False,False,2022-12-02 07:30:28.801440+00:00,2022-12-02 07:30:28.801440+00:00
1598578569055182849,ukraine-de,True,True,False,False,False,False,False,False,False,False,2022-12-02 07:30:28.801336+00:00,2022-12-02 07:30:28.801336+00:00
1598578570250567680,ukraine-de,True,True,False,False,False,False,False,False,False,False,2022-12-02 07:30:28.801237+00:00,2022-12-02 07:30:28.801237+00:00
1598578589124927488,ukraine-de,True,True,False,False,False,False,False,False,False,False,2022-12-02 07:30:28.801134+00:00,2022-12-02 07:30:28.801134+00:00
1598578593285787648,ukraine-de,True,False,False,False,False,False,False,False,False,False,2022-12-02 10:31:39.214069+00:00,2022-12-02 10:31:39.214069+00:00
1598578650793873408,ukraine-de,True,True,False,False,False,False,False,False,False,False,2022-12-02 07:30:28.801030+00:00,2022-12-02 07:30:28.801030+00:00
1598578651720663040,ukraine-de,True,True,False,False,False,False,False,False,False,False,2022-12-02 07:30:28.800924+00:00,2022-12-02 07:30:28.800924+00:00
1598578662353371136,ukraine-de,True,True,False,False,False,False,False,False,False,False,2022-12-02 07:30:28.800813+00:00,2022-12-02 07:30:28.800813+00:00
1598578662588428289,ukraine-de,True,True,False,False,False,False,False,False,False,False,2022-12-02 07:30:28.800676+00:00,2022-12-02 07:30:28.800676+00:00
1598578707224199168,ukraine-de,True,True,False,False,False,False,False,False,False,False,2022-12-02 07:30:28.799489+00:00,2022-12-02 07:30:28.799489+00:00
1598578713225994240,ukraine-de,True,True,False,False,False,False,False,False,False,False,2022-12-02 07:30:28.799359+00:00,2022-12-02 07:30:28.799359+00:00
1598578719920037889,ukraine-de,True,True,False,False,False,False,False,False,False,False,2022-12-02 07:30:28.799062+00:00,2022-12-02 07:30:28.799062+00:00
1598578763293401088,ukraine-de,True,True,False,False,False,False,False,False,False,False,2022-12-02 07:30:28.798963+00:00,2022-12-02 07:30:28.798963+00:00
1598578789545644033,ukraine-de,True,True,False,False,False,False,False,False,False,False,2022-12-02 07:30:28.798860+00:00,2022-12-02 07:30:28.798860+00:00
1598578814413684737,ukraine-de,True,True,False,False,False,False,False,False,False,False,2022-12-02 07:30:28.798741+00:00,2022-12-02 07:30:28.798741+00:00
1598578839541669890,ukraine-de,True,True,False,False,False,False,False,False,False,False,2022-12-02 07:30:28.798498+00:00,2022-12-02 07:30:28.798498+00:00
1598578880318783488,ukraine-de,True,True,False,False,False,False,False,False,False,False,2022-12-02 07:30:28.798397+00:00,2022-12-02 07:30:28.798397+00:00
1598578933515042821,ukraine-de,True,True,False,False,False,False,False,False,False,False,2022-12-02 07:30:28.798294+00:00,2022-12-02 07:30:28.798294+00:00
1598578942616682497,ukraine-de,True,True,False,False,False,False,False,False,False,False,2022-12-02 07:30:28.798189+00:00,2022-12-02 07:30:28.798189+00:00
1598578960262127616,ukraine-de,True,True,False,False,False,False,False,False,False,False,2022-12-02 07:30:28.798069+00:00,2022-12-02 07:30:28.798069+00:00
1598578979769917440,ukraine-de,True,True,False,False,False,False,False,False,False,False,2022-12-02 07:30:28.797966+00:00,2022-12-02 07:30:28.797966+00:00
1598579001991258112,ukraine-de,True,True,False,False,False,False,False,False,False,False,2022-12-02 07:30:28.797865+00:00,2022-12-02 07:30:28.797865+00:00
1598579002125553665,ukraine-de,True,True,False,False,False,False,False,False,False,False,2022-12-02 07:30:28.797758+00:00,2022-12-02 07:30:28.797758+00:00
1598579023461982209,ukraine-de,True,True,False,False,False,False,False,False,False,False,2022-12-02 07:30:28.797651+00:00,2022-12-02 07:30:28.797651+00:00
1598579036426469378,ukraine-de,True,True,False,False,False,False,False,False,False,False,2022-12-02 07:30:28.797526+00:00,2022-12-02 07:30:28.797526+00:00
1598579053245743107,ukraine-de,True,True,False,False,False,False,False,False,False,False,2022-12-02 07:30:28.797171+00:00,2022-12-02 07:30:28.797171+00:00
1598579057896980480,ukraine-de,True,True,False,False,False,False,False,False,False,False,2022-12-02 07:30:28.797006+00:00,2022-12-02 07:30:28.797006+00:00
1598579076125675520,ukraine-de,True,True,False,False,False,False,False,False,False,False,2022-12-02 07:30:28.796902+00:00,2022-12-02 07:30:28.796902+00:00
1598579112003649537,ukraine-de,True,True,False,False,False,False,False,False,False,False,2022-12-02 07:30:28.796780+00:00,2022-12-02 07:30:28.796780+00:00
1598579137425334273,ukraine-de,True,True,False,False,False,False,False,False,False,False,2022-12-02 07:30:28.796667+00:00,2022-12-02 07:30:28.796667+00:00
1598579150343835649,ukraine-de,True,True,False,False,False,False,False,False,False,False,2022-12-02 07:30:28.796562+00:00,2022-12-02 07:30:28.796562+00:00
1598579159332229120,ukraine-de,True,True,False,False,False,False,False,False,False,False,2022-12-02 07:30:28.796433+00:00,2022-12-02 07:30:28.796433+00:00
1598579206493032448,ukraine-de,True,True,False,False,False,False,False,False,False,False,2022-12-02 07:30:28.796330+00:00,2022-12-02 07:30:28.796330+00:00
1598579250390396928,ukraine-de,True,True,False,False,False,False,False,False,False,False,2022-12-02 07:30:28.796225+00:00,2022-12-02 07:30:28.796225+00:00
1598579267188686848,ukraine-de,True,True,False,False,False,False,False,False,False,False,2022-12-02 07:30:28.796032+00:00,2022-12-02 07:30:28.796032+00:00
1598579281671725057,ukraine-de,True,True,False,False,False,False,False,False,False,False,2022-12-02 07:30:28.795933+00:00,2022-12-02 07:30:28.795933+00:00
1598579286998503425,ukraine-de,True,True,False,False,False,False,False,False,False,False,2022-12-02 07:30:28.795831+00:00,2022-12-02 07:30:28.795831+00:00
1598579295076728835,ukraine-de,True,True,False,False,False,False,False,False,False,False,2022-12-02 07:30:28.795730+00:00,2022-12-02 07:30:28.795730+00:00
1598579309987233793,ukraine-de,True,True,False,False,False,False,False,False,False,False,2022-12-02 07:30:28.795626+00:00,2022-12-02 07:30:28.795626+00:00
1598579339825758209,ukraine-de,True,True,False,False,False,False,False,False,False,False,2022-12-02 07:30:28.795518+00:00,2022-12-02 07:30:28.795518+00:00
1598579384960647169,ukraine-de,True,True,False,False,False,False,False,False,False,False,2022-12-02 07:30:28.795385+00:00,2022-12-02 07:30:28.795385+00:00
1598579426673020928,ukraine-de,True,True,False,False,False,False,False,False,False,False,2022-12-02 07:30:28.795192+00:00,2022-12-02 07:30:28.795192+00:00
1598579427515854849,ukraine-de,True,True,False,False,False,False,False,False,False,False,2022-12-02 07:30:28.795018+00:00,2022-12-02 07:30:28.795018+00:00
1598579467093516290,ukraine-de,True,True,False,False,False,False,False,False,False,False,2022-12-02 07:30:28.794909+00:00,2022-12-02 07:30:28.794909+00:00
1598579497263312896,ukraine-de,True,True,False,False,False,False,False,False,False,False,2022-12-02 07:30:28.794804+00:00,2022-12-02 07:30:28.794804+00:00
1598579499205263360,ukraine-de,True,True,False,False,False,False,False,False,False,False,2022-12-02 07:30:28.794684+00:00,2022-12-02 07:30:28.794684+00:00
1598579507602014210,ukraine-de,True,False,False,False,False,False,False,False,False,False,2022-12-02 07:30:28.851746+00:00,2022-12-02 07:30:28.851746+00:00
1598579530918240256,ukraine-de,True,True,False,False,False,False,False,False,False,False,2022-12-02 07:30:28.794546+00:00,2022-12-02 07:30:28.794546+00:00
1598579544763650051,ukraine-de,True,True,False,False,False,False,False,False,False,False,2022-12-02 07:30:28.794248+00:00,2022-12-02 07:30:28.794248+00:00
1598579551319228416,ukraine-de,True,False,False,False,False,False,False,False,False,False,2022-12-02 10:31:39.221054+00:00,2022-12-02 10:31:39.221054+00:00
1598579566947471360,ukraine-de,True,True,False,False,False,False,False,False,False,False,2022-12-02 07:30:28.794121+00:00,2022-12-02 07:30:28.794121+00:00
1598579591156797440,ukraine-de,True,True,False,False,False,False,False,False,False,False,2022-12-02 07:30:28.794017+00:00,2022-12-02 07:30:28.794017+00:00
1598579597272023040,ukraine-de,True,True,False,False,False,False,False,False,False,False,2022-12-02 07:30:28.793889+00:00,2022-12-02 07:30:28.793889+00:00
1598579611457048577,ukraine-de,True,True,False,False,False,False,False,False,False,False,2022-12-02 07:30:28.793785+00:00,2022-12-02 07:30:28.793785+00:00
1598579646693531649,ukraine-de,True,True,False,False,False,False,False,False,False,False,2022-12-02 07:30:28.793683+00:00,2022-12-02 07:30:28.793683+00:00
1598579656294338560,ukraine-de,True,True,False,False,False,False,False,False,False,False,2022-12-02 07:30:28.793561+00:00,2022-12-02 07:30:28.793561+00:00
1598579675168706560,ukraine-de,True,True,False,False,False,False,False,False,False,False,2022-12-02 07:30:28.793459+00:00,2022-12-02 07:30:28.793459+00:00
1598579682684809216,ukraine-de,True,True,False,False,False,False,False,False,False,False,2022-12-02 07:30:28.793357+00:00,2022-12-02 07:30:28.793357+00:00
1598579684954017794,ukraine-de,True,True,False,False,False,False,False,False,False,False,2022-12-02 07:30:28.793255+00:00,2022-12-02 07:30:28.793255+00:00
1598579710346362881,ukraine-de,True,True,False,False,False,False,False,False,False,False,2022-12-02 07:30:28.793155+00:00,2022-12-02 07:30:28.793155+00:00
1598579741048684547,ukraine-de,True,True,False,False,False,False,False,False,False,False,2022-12-02 07:30:28.793054+00:00,2022-12-02 07:30:28.793054+00:00
1598579754554327040,ukraine-de,True,True,False,False,False,False,False,False,False,False,2022-12-02 07:30:28.792953+00:00,2022-12-02 07:30:28.792953+00:00
1598579766289829888,ukraine-de,True,False,False,False,False,False,False,False,False,False,2022-12-02 15:04:30.441343+00:00,2022-12-02 15:04:30.441343+00:00
1598579777140555776,ukraine-de,True,True,False,False,False,False,False,False,False,False,2022-12-02 07:30:28.792833+00:00,2022-12-02 07:30:28.792833+00:00
1598579790189051904,ukraine-de,True,True,False,False,False,False,False,False,False,False,2022-12-02 07:30:28.792723+00:00,2022-12-02 07:30:28.792723+00:00
1598579871751487488,ukraine-de,True,True,False,False,False,False,False,False,False,False,2022-12-02 07:30:28.792609+00:00,2022-12-02 07:30:28.792609+00:00
1598579876759494656,ukraine-de,True,True,False,False,False,False,False,False,False,False,2022-12-02 07:30:28.792507+00:00,2022-12-02 07:30:28.792507+00:00
1598579886876250112,ukraine-de,True,True,False,False,False,False,False,False,False,False,2022-12-02 07:30:28.792403+00:00,2022-12-02 07:30:28.792403+00:00
1598579903053668353,ukraine-de,True,True,False,False,False,False,False,False,False,False,2022-12-02 07:30:28.792285+00:00,2022-12-02 07:30:28.792285+00:00
1598579923630931969,ukraine-de,True,True,False,False,False,False,False,False,False,False,2022-12-02 07:30:28.792181+00:00,2022-12-02 07:30:28.792181+00:00
1598579925220564992,ukraine-de,True,True,False,False,False,False,False,False,False,False,2022-12-02 07:30:28.792067+00:00,2022-12-02 07:30:28.792067+00:00
1598579935827951623,ukraine-de,True,True,False,False,False,False,False,False,False,False,2022-12-02 07:30:28.791943+00:00,2022-12-02 07:30:28.791943+00:00
1598579936217948160,ukraine-de,True,True,False,False,False,False,False,False,False,False,2022-12-02 07:30:28.791839+00:00,2022-12-02 07:30:28.791839+00:00
1598579946208858115,ukraine-de,True,True,False,False,False,False,False,False,False,False,2022-12-02 07:30:28.791723+00:00,2022-12-02 07:30:28.791723+00:00
1598579970791669828,ukraine-de,True,True,False,False,False,False,False,False,False,False,2022-12-02 07:30:28.791620+00:00,2022-12-02 07:30:28.791620+00:00
1598579972184199168,ukraine-de,True,True,False,False,False,False,False,False,False,False,2022-12-02 07:30:28.791518+00:00,2022-12-02 07:30:28.791518+00:00
1598579979335467009,ukraine-de,True,True,False,False,False,False,False,False,False,False,2022-12-02 07:30:28.791396+00:00,2022-12-02 07:30:28.791396+00:00
1598579979796860928,ukraine-de,True,False,False,False,False,False,False,False,False,False,2022-12-02 10:31:39.224073+00:00,2022-12-02 10:31:39.224073+00:00
1598579998604009472,ukraine-de,True,True,False,False,False,False,False,False,False,False,2022-12-02 07:30:28.791224+00:00,2022-12-02 07:30:28.791224+00:00
1598580001842122752,ukraine-de,True,True,False,False,False,False,False,False,False,False,2022-12-02 07:30:28.791061+00:00,2022-12-02 07:30:28.791061+00:00
1598580003024752640,ukraine-de,True,True,False,False,False,False,False,False,False,False,2022-12-02 07:30:28.790960+00:00,2022-12-02 07:30:28.790960+00:00
1598580029528621056,ukraine-de,True,True,False,False,False,False,False,False,False,False,2022-12-02 07:30:28.790860+00:00,2022-12-02 07:30:28.790860+00:00
1598580032091394048,ukraine-de,True,True,False,False,False,False,False,False,False,False,2022-12-02 07:30:28.790756+00:00,2022-12-02 07:30:28.790756+00:00
1598580044821155840,ukraine-de,True,False,False,False,False,False,False,False,False,False,2022-12-02 10:31:14.308054+00:00,2022-12-02 10:31:14.308054+00:00
1598580068648947712,ukraine-de,True,True,False,False,False,False,False,False,False,False,2022-12-02 07:30:28.790629+00:00,2022-12-02 07:30:28.790629+00:00
1598580092665462784,ukraine-de,True,True,False,False,False,False,False,False,False,False,2022-12-02 07:30:28.790528+00:00,2022-12-02 07:30:28.790528+00:00
1598580114287218691,ukraine-de,True,True,False,False,False,False,False,False,False,False,2022-12-02 07:30:28.790425+00:00,2022-12-02 07:30:28.790425+00:00
1598580118120562688,ukraine-de,True,True,False,False,False,False,False,False,False,False,2022-12-02 07:30:28.790322+00:00,2022-12-02 07:30:28.790322+00:00
1598580118921822210,ukraine-de,True,True,False,False,False,False,False,False,False,False,2022-12-02 07:30:28.790215+00:00,2022-12-02 07:30:28.790215+00:00
1598580159187222528,ukraine-de,True,True,False,False,False,False,False,False,False,False,2022-12-02 07:30:28.790104+00:00,2022-12-02 07:30:28.790104+00:00
1598580206821814277,ukraine-de,True,True,False,False,False,False,False,False,False,False,2022-12-02 07:30:28.789970+00:00,2022-12-02 07:30:28.789970+00:00
1598580234986610691,ukraine-de,True,True,False,False,False,False,False,False,False,False,2022-12-02 07:30:28.789645+00:00,2022-12-02 10:31:39.195054+00:00
1598580307267035137,ukraine-de,True,True,False,False,False,False,False,False,False,False,2022-12-02 10:31:39.194939+00:00,2022-12-02 10:31:39.194939+00:00
1598580308508483584,ukraine-de,True,True,False,False,False,False,False,False,False,False,2022-12-02 10:31:39.194837+00:00,2022-12-02 10:31:39.194837+00:00
1598580348719435776,ukraine-de,True,True,False,False,False,False,False,False,False,False,2022-12-02 10:31:39.194719+00:00,2022-12-02 10:31:39.194719+00:00
1598580366104616962,ukraine-de,True,True,False,False,False,False,False,False,False,False,2022-12-02 10:31:39.194606+00:00,2022-12-02 10:31:39.194606+00:00
1598580366327283713,ukraine-de,True,True,False,False,False,False,False,False,False,False,2022-12-02 10:31:39.194505+00:00,2022-12-02 10:31:39.194505+00:00
1598580404646162432,ukraine-de,True,True,False,False,False,False,False,False,False,False,2022-12-02 10:31:39.194384+00:00,2022-12-02 10:31:39.194384+00:00
1598580433645490176,ukraine-de,True,True,False,False,False,False,False,False,False,False,2022-12-02 10:31:39.194284+00:00,2022-12-02 10:31:39.194284+00:00
1598580435830939650,ukraine-de,True,True,False,False,False,False,False,False,False,False,2022-12-02 10:31:39.194185+00:00,2022-12-02 10:31:39.194185+00:00
1598580448304812034,ukraine-de,True,True,False,False,False,False,False,False,False,False,2022-12-02 10:31:39.194084+00:00,2022-12-02 10:31:39.194084+00:00
1598580490059280384,ukraine-de,True,True,False,False,False,False,False,False,False,False,2022-12-02 10:31:39.193983+00:00,2022-12-02 10:31:39.193983+00:00
1598580497764188161,ukraine-de,True,True,False,False,False,False,False,False,False,False,2022-12-02 10:31:39.193867+00:00,2022-12-02 10:31:39.193867+00:00
1598580505754365952,ukraine-de,True,True,False,False,False,False,False,False,False,False,2022-12-02 10:31:39.193731+00:00,2022-12-02 10:31:39.193731+00:00
1598580506043588611,ukraine-de,True,True,False,False,False,False,False,False,False,False,2022-12-02 10:31:39.193524+00:00,2022-12-02 10:31:39.193524+00:00
1598580524926238720,ukraine-de,True,True,False,False,False,False,False,False,False,False,2022-12-02 10:31:39.193413+00:00,2022-12-02 10:31:39.193413+00:00
1598580531981074434,ukraine-de,True,True,False,False,False,False,False,False,False,False,2022-12-02 10:31:39.193313+00:00,2022-12-02 10:31:39.193313+00:00
1598580538343755776,ukraine-de,True,True,False,False,False,False,False,False,False,False,2022-12-02 10:31:39.193213+00:00,2022-12-02 10:31:39.193213+00:00
1598580557079773185,ukraine-de,True,True,False,False,False,False,False,False,False,False,2022-12-02 10:31:39.193113+00:00,2022-12-02 10:31:39.193113+00:00
1598580566160457728,ukraine-de,True,True,False,False,False,False,False,False,False,False,2022-12-02 10:31:14.334836+00:00,2022-12-02 10:31:39.193014+00:00
1598580582178557952,ukraine-de,True,True,False,False,False,False,False,False,False,False,2022-12-02 10:31:39.192914+00:00,2022-12-02 10:31:39.192914+00:00
1598580604655742976,ukraine-de,True,True,False,False,False,False,False,False,False,False,2022-12-02 10:31:39.192799+00:00,2022-12-02 10:31:39.192799+00:00
1598580617880510464,ukraine-de,True,True,False,False,False,False,False,False,False,False,2022-12-02 10:31:39.192701+00:00,2022-12-02 10:31:39.192701+00:00
1598580636700348416,ukraine-de,True,True,False,False,False,False,False,False,False,False,2022-12-02 10:31:39.192599+00:00,2022-12-02 10:31:39.192599+00:00
1598580655138504704,ukraine-de,True,True,False,False,False,False,False,False,False,False,2022-12-02 10:31:06.520850+00:00,2022-12-02 10:31:39.192436+00:00
1598580668543516672,ukraine-de,True,True,False,False,False,False,False,False,False,False,2022-12-02 10:31:39.192325+00:00,2022-12-02 10:31:39.192325+00:00
1598580718829027328,ukraine-de,True,True,False,False,False,False,False,False,False,False,2022-12-02 10:31:39.192221+00:00,2022-12-02 10:31:39.192221+00:00
1598580729847451648,ukraine-de,True,True,False,False,False,False,False,False,False,False,2022-12-02 10:31:39.192102+00:00,2022-12-02 10:31:39.192102+00:00
1598580751305318401,ukraine-de,True,True,False,False,False,False,False,False,False,False,2022-12-02 10:31:39.192001+00:00,2022-12-02 10:31:39.192001+00:00
1598580755294261250,ukraine-de,True,True,False,False,False,False,False,False,False,False,2022-12-02 10:31:39.191822+00:00,2022-12-02 10:31:39.191822+00:00
1598580808884912128,ukraine-de,True,True,False,False,False,False,False,False,False,False,2022-12-02 10:31:39.191720+00:00,2022-12-02 10:31:39.191720+00:00
1598580831953600518,ukraine-de,True,True,False,False,False,False,False,False,False,False,2022-12-02 10:31:39.191595+00:00,2022-12-02 10:31:39.191595+00:00
1598580852753055747,ukraine-de,True,True,False,False,False,False,False,False,False,False,2022-12-02 10:31:39.191377+00:00,2022-12-02 10:31:39.191377+00:00
1598580861552578560,ukraine-de,True,True,False,False,False,False,False,False,False,False,2022-12-02 10:31:39.191263+00:00,2022-12-02 10:31:39.191263+00:00
1598580866401259521,ukraine-de,True,False,False,False,False,False,False,False,False,False,2022-12-02 15:01:05.659565+00:00,2022-12-02 15:01:05.659565+00:00
1598580870667026432,ukraine-de,True,True,False,False,False,False,False,False,False,False,2022-12-02 10:31:39.191163+00:00,2022-12-02 10:31:39.191163+00:00
1598580883388305409,ukraine-de,True,True,False,False,False,False,False,False,False,False,2022-12-02 10:31:39.191062+00:00,2022-12-02 10:31:39.191062+00:00
1598580931283107840,ukraine-de,True,True,False,False,False,False,False,False,False,False,2022-12-02 10:31:39.190962+00:00,2022-12-02 10:31:39.190962+00:00
1598580978938683393,ukraine-de,True,False,False,False,False,False,False,False,False,False,2022-12-02 15:04:30.424714+00:00,2022-12-02 15:04:30.424714+00:00
1598580979022630912,ukraine-de,True,False,False,False,False,False,False,False,False,False,2022-12-03 08:10:16.222556+00:00,2022-12-03 08:10:16.222556+00:00
1598580993887272961,ukraine-de,True,True,False,False,False,False,False,False,False,False,2022-12-02 10:31:39.190845+00:00,2022-12-02 10:31:39.190845+00:00
1598581017647849472,ukraine-de,True,False,False,False,False,False,False,False,False,False,2022-12-02 10:31:39.204319+00:00,2022-12-02 10:31:39.204319+00:00
1598581018780393472,ukraine-de,True,True,False,False,False,False,False,False,False,False,2022-12-02 10:31:39.190728+00:00,2022-12-02 10:31:39.190728+00:00
1598581025805836289,ukraine-de,True,True,False,False,False,False,False,False,False,False,2022-12-02 10:31:39.190599+00:00,2022-12-02 10:31:39.190599+00:00
1598581029937336320,ukraine-de,True,True,False,False,False,False,False,False,False,False,2022-12-02 10:31:39.190502+00:00,2022-12-02 10:31:39.190502+00:00
1598581042000052225,ukraine-de,True,True,False,False,False,False,False,False,False,False,2022-12-02 10:31:39.190405+00:00,2022-12-02 10:31:39.190405+00:00
1598581061868572672,ukraine-de,True,True,False,False,False,False,False,False,False,False,2022-12-02 10:31:39.190305+00:00,2022-12-02 10:31:39.190305+00:00
1598581106780950530,ukraine-de,True,True,False,False,False,False,False,False,False,False,2022-12-02 10:31:39.190193+00:00,2022-12-02 10:31:39.190193+00:00
1598581107217338368,ukraine-de,True,True,False,False,False,False,False,False,False,False,2022-12-02 10:31:39.190098+00:00,2022-12-02 10:31:39.190098+00:00
1598581128750931968,ukraine-de,True,True,False,False,False,False,False,False,False,False,2022-12-02 10:31:39.189988+00:00,2022-12-02 10:31:39.189988+00:00
1598581129845518338,ukraine-de,True,True,False,False,False,False,False,False,False,False,2022-12-02 10:31:39.189849+00:00,2022-12-02 10:31:39.189849+00:00
1598581132903284736,ukraine-de,True,True,False,False,False,False,False,False,False,False,2022-12-02 10:31:39.189729+00:00,2022-12-02 10:31:39.189729+00:00
1598581155758063617,ukraine-de,True,True,False,False,False,False,False,False,False,False,2022-12-02 10:31:39.189581+00:00,2022-12-02 10:31:39.189581+00:00
1598581160992333824,ukraine-de,True,True,False,False,False,False,False,False,False,False,2022-12-02 10:31:39.189480+00:00,2022-12-02 10:31:39.189480+00:00
1598581174313492482,ukraine-de,True,True,False,False,False,False,False,False,False,False,2022-12-02 10:31:39.189375+00:00,2022-12-02 10:31:39.189375+00:00
1598581187588620288,ukraine-de,True,True,False,False,False,False,False,False,False,False,2022-12-02 10:31:39.189276+00:00,2022-12-02 10:31:39.189276+00:00
1598581192042942465,ukraine-de,True,True,False,False,False,False,False,False,False,False,2022-12-02 10:31:39.189179+00:00,2022-12-02 10:31:39.189179+00:00
1598581235370139648,ukraine-de,True,True,False,False,False,False,False,False,False,False,2022-12-02 10:31:39.189080+00:00,2022-12-02 10:31:39.189080+00:00
1598581251300016128,ukraine-de,True,True,False,False,False,False,False,False,False,False,2022-12-02 10:31:14.327357+00:00,2022-12-02 10:31:39.188963+00:00
1598581268433846272,ukraine-de,True,True,False,False,False,False,False,False,False,False,2022-12-02 10:31:39.188855+00:00,2022-12-02 10:31:39.188855+00:00
1598581275882766336,ukraine-de,True,True,False,False,False,False,False,False,False,False,2022-12-02 10:31:39.188744+00:00,2022-12-02 10:31:39.188744+00:00
1598581284875382784,ukraine-de,True,True,False,False,False,False,False,False,False,False,2022-12-02 10:31:39.188642+00:00,2022-12-02 10:31:39.188642+00:00
1598581299526131713,ukraine-de,True,True,False,False,False,False,False,False,False,False,2022-12-02 10:31:39.188539+00:00,2022-12-02 10:31:39.188539+00:00
1598581308468371457,ukraine-de,True,True,False,False,False,False,False,False,False,False,2022-12-02 10:31:39.188435+00:00,2022-12-02 10:31:39.188435+00:00
1598581337593729024,ukraine-de,True,True,False,False,False,False,False,False,False,False,2022-12-02 10:31:39.188317+00:00,2022-12-02 10:31:39.188317+00:00
1598581339414056960,ukraine-de,True,True,False,False,False,False,False,False,False,False,2022-12-02 10:31:39.188215+00:00,2022-12-02 10:31:39.188215+00:00
1598581346825371650,ukraine-de,True,True,False,False,False,False,False,False,False,False,2022-12-02 10:31:39.188089+00:00,2022-12-02 10:31:39.188089+00:00
1598581358925709312,ukraine-de,True,True,False,False,False,False,False,False,False,False,2022-12-02 10:31:39.187989+00:00,2022-12-02 10:31:39.187989+00:00
1598581363300507650,ukraine-de,True,False,False,False,False,False,False,False,False,False,2022-12-02 10:31:39.211283+00:00,2022-12-02 10:31:39.211283+00:00
1598581408729022465,ukraine-de,True,True,False,False,False,False,False,False,False,False,2022-12-02 10:31:39.187889+00:00,2022-12-02 10:31:39.187889+00:00
1598581418547871745,ukraine-de,True,True,False,False,False,False,False,False,False,False,2022-12-02 10:31:39.187788+00:00,2022-12-02 10:31:39.187788+00:00
1598581436973449220,ukraine-de,True,True,False,False,False,False,False,False,False,False,2022-12-02 10:31:39.187685+00:00,2022-12-02 10:31:39.187685+00:00
1598581465582686208,ukraine-de,True,True,False,False,False,False,False,False,False,False,2022-12-02 10:31:39.187552+00:00,2022-12-02 10:31:39.187552+00:00
1598581472310398976,ukraine-de,True,True,False,False,False,False,False,False,False,False,2022-12-02 10:31:39.187363+00:00,2022-12-02 10:31:39.187363+00:00
1598581474973941761,ukraine-de,True,True,False,False,False,False,False,False,False,False,2022-12-02 10:31:39.187264+00:00,2022-12-02 10:31:39.187264+00:00
1598581484360605697,ukraine-de,True,True,False,False,False,False,False,False,False,False,2022-12-02 10:31:39.187165+00:00,2022-12-02 10:31:39.187165+00:00
1598581516174508032,ukraine-de,True,True,False,False,False,False,False,False,False,False,2022-12-02 10:31:39.187061+00:00,2022-12-02 10:31:39.187061+00:00
1598581524441354240,ukraine-de,True,True,False,False,False,False,False,False,False,False,2022-12-02 10:31:39.186919+00:00,2022-12-02 10:31:39.186919+00:00
1598581545727426561,ukraine-de,True,True,False,False,False,False,False,False,False,False,2022-12-02 10:31:39.186818+00:00,2022-12-02 10:31:39.186818+00:00
1598581615310950400,ukraine-de,True,True,False,False,False,False,False,False,False,False,2022-12-02 10:31:39.186686+00:00,2022-12-02 10:31:39.186686+00:00
1598581633065459713,ukraine-de,True,True,False,False,False,False,False,False,False,False,2022-12-02 10:31:39.186578+00:00,2022-12-02 10:31:39.186578+00:00
1598581679756648449,ukraine-de,True,True,False,False,False,False,False,False,False,False,2022-12-02 10:31:39.186479+00:00,2022-12-02 10:31:39.186479+00:00
1598581710538432513,ukraine-de,True,True,False,False,False,False,False,False,False,False,2022-12-02 10:31:39.186381+00:00,2022-12-02 10:31:39.186381+00:00
1598581724270583808,ukraine-de,True,True,False,False,False,False,False,False,False,False,2022-12-02 10:31:39.186283+00:00,2022-12-02 10:31:39.186283+00:00
1598581736744656897,ukraine-de,True,True,False,False,False,False,False,False,False,False,2022-12-02 10:31:39.186185+00:00,2022-12-02 10:31:39.186185+00:00
1598581745980432386,ukraine-de,True,False,False,False,False,False,False,False,False,False,2022-12-02 19:51:41.489627+00:00,2022-12-02 19:51:41.489627+00:00
1598581750330007558,ukraine-de,True,True,False,False,False,False,False,False,False,False,2022-12-02 10:31:39.186087+00:00,2022-12-02 10:31:39.186087+00:00
1598581781917306882,ukraine-de,True,True,False,False,False,False,False,False,False,False,2022-12-02 10:31:39.185986+00:00,2022-12-02 10:31:39.185986+00:00
1598581815584989186,ukraine-de,True,True,False,False,False,False,False,False,False,False,2022-12-02 10:31:39.185870+00:00,2022-12-02 10:31:39.185870+00:00
1598581820987252736,ukraine-de,True,True,False,False,False,False,False,False,False,False,2022-12-02 10:31:39.185771+00:00,2022-12-02 10:31:39.185771+00:00
1598581826339184640,ukraine-de,True,True,False,False,False,False,False,False,False,False,2022-12-02 10:31:39.185673+00:00,2022-12-02 10:31:39.185673+00:00
1598581829371453440,ukraine-de,True,True,False,False,False,False,False,False,False,False,2022-12-02 10:31:39.185552+00:00,2022-12-02 10:31:39.185552+00:00
1598581849072103424,ukraine-de,True,True,False,False,False,False,False,False,False,False,2022-12-02 10:31:39.185452+00:00,2022-12-02 10:31:39.185452+00:00
1598581868064112640,ukraine-de,True,True,False,False,False,False,False,False,False,False,2022-12-02 10:31:39.185334+00:00,2022-12-02 10:31:39.185334+00:00
1598581870228373504,ukraine-de,True,True,False,False,False,False,False,False,False,False,2022-12-02 10:31:39.185236+00:00,2022-12-02 10:31:39.185236+00:00
1598581946686312449,ukraine-de,True,True,False,False,False,False,False,False,False,False,2022-12-02 10:31:39.185137+00:00,2022-12-02 10:31:39.185137+00:00
1598581955074875393,ukraine-de,True,True,False,False,False,False,False,False,False,False,2022-12-02 10:31:39.185039+00:00,2022-12-02 10:31:39.185039+00:00
1598581997139640320,ukraine-de,True,True,False,False,False,False,False,False,False,False,2022-12-02 10:31:39.184941+00:00,2022-12-02 10:31:39.184941+00:00
1598582019092619268,ukraine-de,True,True,False,False,False,False,False,False,False,False,2022-12-02 10:31:39.184841+00:00,2022-12-02 10:31:39.184841+00:00
1598582032187023361,ukraine-de,True,True,False,False,False,False,False,False,False,False,2022-12-02 10:31:39.184740+00:00,2022-12-02 10:31:39.184740+00:00
1598582039632035843,ukraine-de,True,True,False,False,False,False,False,False,False,False,2022-12-02 10:31:39.184639+00:00,2022-12-02 10:31:39.184639+00:00
1598582047316090882,ukraine-de,True,True,False,False,False,False,False,False,False,False,2022-12-02 10:31:39.184538+00:00,2022-12-02 10:31:39.184538+00:00
1598582048620437504,ukraine-de,True,True,False,False,False,False,False,False,False,False,2022-12-02 10:31:06.533450+00:00,2022-12-02 10:31:39.184430+00:00
1598582082363527168,ukraine-de,True,True,False,False,False,False,False,False,False,False,2022-12-02 10:31:39.184296+00:00,2022-12-02 10:31:39.184296+00:00
1598582088969572354,ukraine-de,True,True,False,False,False,False,False,False,False,False,2022-12-02 10:31:39.184196+00:00,2022-12-02 10:31:39.184196+00:00
1598582121064501251,ukraine-de,True,True,False,False,False,False,False,False,False,False,2022-12-02 10:31:39.184095+00:00,2022-12-02 10:31:39.184095+00:00
1598582144514727936,ukraine-de,True,True,False,False,False,False,False,False,False,False,2022-12-02 10:31:39.183997+00:00,2022-12-02 10:31:39.183997+00:00
1598582161531179008,ukraine-de,True,True,False,False,False,False,False,False,False,False,2022-12-02 10:31:39.183898+00:00,2022-12-02 10:31:39.183898+00:00
1598582164953608192,ukraine-de,True,True,False,False,False,False,False,False,False,False,2022-12-02 10:31:39.183798+00:00,2022-12-02 10:31:39.183798+00:00
1598582176756424704,ukraine-de,True,True,False,False,False,False,False,False,False,False,2022-12-02 10:31:39.183693+00:00,2022-12-02 10:31:39.183693+00:00
1598582232003870720,ukraine-de,True,True,False,False,False,False,False,False,False,False,2022-12-02 10:31:39.183535+00:00,2022-12-02 10:31:39.183535+00:00
1598582248441352192,ukraine-de,True,True,False,False,False,False,False,False,False,False,2022-12-02 10:31:39.183417+00:00,2022-12-02 10:31:39.183417+00:00
1598582254514708480,ukraine-de,True,True,False,False,False,False,False,False,False,False,2022-12-02 10:31:39.183314+00:00,2022-12-02 10:31:39.183314+00:00
1598582277264609280,ukraine-de,True,True,False,False,False,False,False,False,False,False,2022-12-02 10:31:39.183201+00:00,2022-12-02 10:31:39.183201+00:00
1598582279110103041,ukraine-de,True,True,False,False,False,False,False,False,False,False,2022-12-02 10:31:39.183085+00:00,2022-12-02 10:31:39.183085+00:00
1598582279760187393,ukraine-de,True,True,False,False,False,False,False,False,False,False,2022-12-02 10:31:39.182894+00:00,2022-12-02 10:31:39.182894+00:00
1598582293379125248,ukraine-de,True,True,False,False,False,False,False,False,False,False,2022-12-02 10:30:26.819072+00:00,2022-12-02 10:31:39.182780+00:00
1598582299167232001,ukraine-de,True,True,False,False,False,False,False,False,False,False,2022-12-02 10:31:39.182658+00:00,2022-12-02 10:31:39.182658+00:00
1598582309560590336,ukraine-de,True,True,False,False,False,False,False,False,False,False,2022-12-02 10:31:39.182538+00:00,2022-12-02 10:31:39.182538+00:00
1598582340514504704,ukraine-de,True,True,False,False,False,False,False,False,False,False,2022-12-02 10:31:39.182435+00:00,2022-12-02 10:31:39.182435+00:00
1598582375029489665,ukraine-de,True,True,False,False,False,False,False,False,False,False,2022-12-02 10:31:39.182333+00:00,2022-12-02 10:31:39.182333+00:00
1598582385595097088,ukraine-de,True,True,False,False,False,False,False,False,False,False,2022-12-02 10:31:14.329654+00:00,2022-12-02 10:31:39.182211+00:00
1598582415823339520,ukraine-de,True,True,False,False,False,False,False,False,False,False,2022-12-02 10:31:39.182007+00:00,2022-12-02 10:31:39.182007+00:00
1598582433913487361,ukraine-de,True,True,False,False,False,False,False,False,False,False,2022-12-02 10:31:39.181888+00:00,2022-12-02 10:31:39.181888+00:00
1598582440456355840,ukraine-de,True,True,False,False,False,False,False,False,False,False,2022-12-02 10:31:14.330781+00:00,2022-12-02 10:31:39.181784+00:00
1598582445896601602,ukraine-de,True,True,False,False,False,False,False,False,False,False,2022-12-02 10:31:39.181536+00:00,2022-12-02 10:31:39.181536+00:00
1598582456084566016,ukraine-de,True,True,False,False,False,False,False,False,False,False,2022-12-02 10:31:39.181436+00:00,2022-12-02 10:31:39.181436+00:00
1598582461440598018,ukraine-de,True,True,False,False,False,False,False,False,False,False,2022-12-02 10:31:39.181318+00:00,2022-12-02 10:31:39.181318+00:00
1598582486770061312,ukraine-de,True,True,False,False,False,False,False,False,False,False,2022-12-02 10:31:39.181219+00:00,2022-12-02 10:31:39.181219+00:00
1598582494005166082,ukraine-de,True,True,False,False,False,False,False,False,False,False,2022-12-02 10:31:39.181119+00:00,2022-12-02 10:31:39.181119+00:00
1598582511461928968,ukraine-de,True,True,False,False,False,False,False,False,False,False,2022-12-02 10:31:39.181019+00:00,2022-12-02 10:31:39.181019+00:00
1598582518671982593,ukraine-de,True,True,False,False,False,False,False,False,False,False,2022-12-02 10:31:39.180918+00:00,2022-12-02 10:31:39.180918+00:00
1598582535776247810,ukraine-de,True,True,False,False,False,False,False,False,False,False,2022-12-02 10:31:39.180802+00:00,2022-12-02 10:31:39.180802+00:00
1598582543825215489,ukraine-de,True,True,False,False,False,False,False,False,False,False,2022-12-02 10:31:39.180691+00:00,2022-12-02 10:31:39.180691+00:00
1598582546543136768,ukraine-de,True,True,False,False,False,False,False,False,False,False,2022-12-02 10:31:39.180521+00:00,2022-12-02 10:31:39.180521+00:00
1598582550456303616,ukraine-de,True,True,False,False,False,False,False,False,False,False,2022-12-02 10:31:39.180422+00:00,2022-12-02 10:31:39.180422+00:00
1598582560451346432,ukraine-de,True,True,False,False,False,False,False,False,False,False,2022-12-02 10:31:39.180323+00:00,2022-12-02 10:31:39.180323+00:00
1598582560472416256,ukraine-de,True,True,False,False,False,False,False,False,False,False,2022-12-02 10:31:39.180223+00:00,2022-12-02 10:31:39.180223+00:00
1598582595775877121,ukraine-de,True,True,False,False,False,False,False,False,False,False,2022-12-02 10:31:39.180120+00:00,2022-12-02 10:31:39.180120+00:00
1598582605947015168,ukraine-de,True,True,False,False,False,False,False,False,False,False,2022-12-02 10:31:39.179995+00:00,2022-12-02 10:31:39.179995+00:00
1598582612213145600,ukraine-de,True,True,False,False,False,False,False,False,False,False,2022-12-02 10:31:39.179894+00:00,2022-12-02 10:31:39.179894+00:00
1598582618282373125,ukraine-de,True,True,False,False,False,False,False,False,False,False,2022-12-02 10:31:39.179785+00:00,2022-12-02 10:31:39.179785+00:00
1598582633738403842,ukraine-de,True,True,False,False,False,False,False,False,False,False,2022-12-02 10:31:39.179684+00:00,2022-12-02 10:31:39.179684+00:00
1598582636448038912,ukraine-de,True,False,False,False,False,False,False,False,False,False,2022-12-02 10:31:39.201180+00:00,2022-12-02 10:31:39.201180+00:00
1598582664369430528,ukraine-de,True,True,False,False,False,False,False,False,False,False,2022-12-02 10:31:39.179584+00:00,2022-12-02 10:31:39.179584+00:00
1598582673538256896,ukraine-de,True,True,False,False,False,False,False,False,False,False,2022-12-02 10:31:39.179484+00:00,2022-12-02 10:31:39.179484+00:00
1598582691766538240,ukraine-de,True,True,False,False,False,False,False,False,False,False,2022-12-02 10:31:39.179383+00:00,2022-12-02 10:31:39.179383+00:00
1598582701413453824,ukraine-de,True,False,False,False,False,False,False,False,False,False,2022-12-02 15:04:13.060182+00:00,2022-12-02 15:04:13.060182+00:00
1598582734552719360,ukraine-de,True,True,False,False,False,False,False,False,False,False,2022-12-02 10:31:39.179281+00:00,2022-12-02 10:31:39.179281+00:00
1598582740672290818,ukraine-de,True,True,False,False,False,False,False,False,False,False,2022-12-02 10:31:14.334069+00:00,2022-12-02 10:31:39.179177+00:00
1598582767259996160,ukraine-de,True,True,False,False,False,False,False,False,False,False,2022-12-02 10:31:39.179046+00:00,2022-12-02 10:31:39.179046+00:00
1598582777984663552,ukraine-de,True,True,False,False,False,False,False,False,False,False,2022-12-02 10:31:39.178908+00:00,2022-12-02 10:31:39.178908+00:00
1598582781952532480,ukraine-de,True,True,False,False,False,False,False,False,False,False,2022-12-02 10:31:39.178809+00:00,2022-12-02 10:31:39.178809+00:00
1598582812965326848,ukraine-de,True,True,False,False,False,False,False,False,False,False,2022-12-02 10:31:39.178708+00:00,2022-12-02 10:31:39.178708+00:00
1598582823396458496,ukraine-de,True,True,False,False,False,False,False,False,False,False,2022-12-02 10:31:39.178583+00:00,2022-12-02 10:31:39.178583+00:00
1598582908117295105,ukraine-de,True,True,False,False,False,False,False,False,False,False,2022-12-02 10:31:39.178292+00:00,2022-12-02 10:31:39.178292+00:00
1598582947677962240,ukraine-de,True,False,False,False,False,False,False,False,False,False,2022-12-02 22:35:54.169253+00:00,2022-12-02 22:35:54.169253+00:00
1598582982427779072,ukraine-de,True,True,False,False,False,False,False,False,False,False,2022-12-02 10:31:39.178194+00:00,2022-12-02 10:31:39.178194+00:00
1598582984331902976,ukraine-de,True,False,False,False,False,False,False,False,False,False,2022-12-02 10:31:39.205520+00:00,2022-12-02 10:31:39.205520+00:00
1598583039965204484,ukraine-de,True,True,False,False,False,False,False,False,False,False,2022-12-02 10:31:39.178096+00:00,2022-12-02 10:31:39.178096+00:00
1598583048513232898,ukraine-de,True,True,False,False,False,False,False,False,False,False,2022-12-02 10:31:39.177997+00:00,2022-12-02 10:31:39.177997+00:00
1598583055257567232,ukraine-de,True,True,False,False,False,False,False,False,False,False,2022-12-02 10:31:39.177899+00:00,2022-12-02 10:31:39.177899+00:00
1598583076233383936,ukraine-de,True,True,False,False,False,False,False,False,False,False,2022-12-02 10:31:39.177799+00:00,2022-12-02 10:31:39.177799+00:00
1598583159913840641,ukraine-de,True,False,False,False,False,False,False,False,False,False,2022-12-02 10:31:39.214178+00:00,2022-12-02 10:31:39.214178+00:00
1598583162854055936,ukraine-de,True,False,False,False,False,False,False,False,False,False,2022-12-02 19:51:08.492367+00:00,2022-12-02 19:51:08.492367+00:00
1598583180436439041,ukraine-de,True,True,False,False,False,False,False,False,False,False,2022-12-02 10:31:39.177698+00:00,2022-12-02 10:31:39.177698+00:00
1598583181485264898,ukraine-de,True,True,False,False,False,False,False,False,False,False,2022-12-02 10:31:39.177556+00:00,2022-12-02 10:31:39.177556+00:00
1598583189676724224,ukraine-de,True,True,False,False,False,False,False,False,False,False,2022-12-02 10:31:39.177458+00:00,2022-12-02 10:31:39.177458+00:00
1598583297671561219,ukraine-de,True,True,False,False,False,False,False,False,False,False,2022-12-02 10:31:39.177359+00:00,2022-12-02 10:31:39.177359+00:00
1598583308534702081,ukraine-de,True,True,False,False,False,False,False,False,False,False,2022-12-02 10:31:39.177259+00:00,2022-12-02 10:31:39.177259+00:00
1598583331733413888,ukraine-de,True,True,False,False,False,False,False,False,False,False,2022-12-02 10:31:39.177157+00:00,2022-12-02 10:31:39.177157+00:00
1598583375337377792,ukraine-de,True,True,False,False,False,False,False,False,False,False,2022-12-02 10:31:39.177058+00:00,2022-12-02 10:31:39.177058+00:00
1598583382614503425,ukraine-de,True,True,False,False,False,False,False,False,False,False,2022-12-02 10:31:39.176959+00:00,2022-12-02 10:31:39.176959+00:00
1598583391196258304,ukraine-de,True,True,False,False,False,False,False,False,False,False,2022-12-02 10:31:39.176851+00:00,2022-12-02 10:31:39.176851+00:00
1598583392093630464,ukraine-de,True,False,False,False,False,False,False,False,False,False,2022-12-02 15:01:30.403613+00:00,2022-12-02 15:01:30.403613+00:00
1598583422146035714,ukraine-de,True,True,False,False,False,False,False,False,False,False,2022-12-02 10:31:39.176748+00:00,2022-12-02 10:31:39.176748+00:00
1598583431167987712,ukraine-de,True,True,False,False,False,False,False,False,False,False,2022-12-02 10:31:39.176630+00:00,2022-12-02 10:31:39.176630+00:00
1598583436935036928,ukraine-de,True,True,False,False,False,False,False,False,False,False,2022-12-02 10:31:06.515775+00:00,2022-12-02 10:31:39.176529+00:00
1598583441301307392,ukraine-de,True,True,False,False,False,False,False,False,False,False,2022-12-02 10:31:39.176411+00:00,2022-12-02 10:31:39.176411+00:00
1598583450382094336,ukraine-de,True,True,False,False,False,False,False,False,False,False,2022-12-02 10:31:39.176312+00:00,2022-12-02 10:31:39.176312+00:00
1598583462771949575,ukraine-de,True,True,False,False,False,False,False,False,False,False,2022-12-02 10:31:39.176203+00:00,2022-12-02 10:31:39.176203+00:00
1598583500554346496,ukraine-de,True,True,False,False,False,False,False,False,False,False,2022-12-02 10:31:39.176031+00:00,2022-12-02 10:31:39.176031+00:00
1598583512143052800,ukraine-de,True,True,False,False,False,False,False,False,False,False,2022-12-02 10:31:39.175924+00:00,2022-12-02 10:31:39.175924+00:00
1598583512851832832,ukraine-de,True,True,False,False,False,False,False,False,False,False,2022-12-02 10:31:39.175826+00:00,2022-12-02 10:31:39.175826+00:00
1598583518338113539,ukraine-de,True,True,False,False,False,False,False,False,False,False,2022-12-02 10:31:39.175728+00:00,2022-12-02 10:31:39.175728+00:00
1598583526403645440,ukraine-de,True,False,False,False,False,False,False,False,False,False,2022-12-02 10:31:39.211384+00:00,2022-12-02 10:31:39.211384+00:00
1598583528324796416,ukraine-de,True,True,False,False,False,False,False,False,False,False,2022-12-02 10:31:39.175628+00:00,2022-12-02 10:31:39.175628+00:00
1598583552479842306,ukraine-de,True,True,False,False,False,False,False,False,False,False,2022-12-02 10:31:39.175525+00:00,2022-12-02 10:31:39.175525+00:00
1598583561690533888,ukraine-de,True,True,False,False,False,False,False,False,False,False,2022-12-02 10:31:39.175404+00:00,2022-12-02 10:31:39.175404+00:00
1598583589708345344,ukraine-de,True,True,False,False,False,False,False,False,False,False,2022-12-02 10:31:39.175303+00:00,2022-12-02 10:31:39.175303+00:00
1598583603897765890,ukraine-de,True,True,False,False,False,False,False,False,False,False,2022-12-02 10:31:39.175204+00:00,2022-12-02 10:31:39.175204+00:00
1598583626324664320,ukraine-de,True,True,False,False,False,False,False,False,False,False,2022-12-02 10:31:39.175103+00:00,2022-12-02 10:31:39.175103+00:00
1598583668615786497,ukraine-de,True,True,False,False,False,False,False,False,False,False,2022-12-02 10:31:39.175003+00:00,2022-12-02 10:31:39.175003+00:00
1598583682658451456,ukraine-de,True,True,False,False,False,False,False,False,False,False,2022-12-02 10:31:39.174905+00:00,2022-12-02 10:31:39.174905+00:00
1598583714749075457,ukraine-de,True,True,False,False,False,False,False,False,False,False,2022-12-02 10:31:39.174804+00:00,2022-12-02 10:31:39.174804+00:00
1598583719643807744,ukraine-de,True,True,False,False,False,False,False,False,False,False,2022-12-02 10:31:39.174704+00:00,2022-12-02 10:31:39.174704+00:00
1598583759489597440,ukraine-de,True,True,False,False,False,False,False,False,False,False,2022-12-02 10:31:39.174597+00:00,2022-12-02 10:31:39.174597+00:00
1598583764807991299,ukraine-de,True,True,False,False,False,False,False,False,False,False,2022-12-02 10:31:39.174497+00:00,2022-12-02 10:31:39.174497+00:00
1598583770352951296,ukraine-de,True,True,False,False,False,False,False,False,False,False,2022-12-02 10:31:39.174399+00:00,2022-12-02 10:31:39.174399+00:00
1598583795053101056,ukraine-de,True,True,False,False,False,False,False,False,False,False,2022-12-02 10:31:39.174298+00:00,2022-12-02 10:31:39.174298+00:00
1598583804863680513,ukraine-de,True,True,False,False,False,False,False,False,False,False,2022-12-02 10:31:39.174197+00:00,2022-12-02 10:31:39.174197+00:00
1598583887827025920,ukraine-de,True,True,False,False,False,False,False,False,False,False,2022-12-02 10:31:39.174094+00:00,2022-12-02 10:31:39.174094+00:00
1598583900653367296,ukraine-de,True,False,False,False,False,False,False,False,False,False,2022-12-02 15:07:19.464461+00:00,2022-12-02 15:07:19.464461+00:00
1598583922056605696,ukraine-de,True,True,False,False,False,False,False,False,False,False,2022-12-02 10:31:39.173987+00:00,2022-12-02 10:31:39.173987+00:00
1598583922740322304,ukraine-de,True,True,False,False,False,False,False,False,False,False,2022-12-02 10:30:17.966782+00:00,2022-12-02 10:31:39.173707+00:00
1598583933230321665,ukraine-de,True,False,False,False,False,False,False,False,False,False,2022-12-02 15:07:19.452990+00:00,2022-12-02 15:07:19.452990+00:00
1598583955145441280,ukraine-de,True,True,False,False,False,False,False,False,False,False,2022-12-02 10:31:39.173564+00:00,2022-12-02 10:31:39.173564+00:00
1598583986657402880,ukraine-de,True,True,False,False,False,False,False,False,False,False,2022-12-02 10:31:39.173378+00:00,2022-12-02 10:31:39.173378+00:00
1598584018915794944,ukraine-de,True,True,False,False,False,False,False,False,False,False,2022-12-02 10:31:39.173280+00:00,2022-12-02 10:31:39.173280+00:00
1598584022401134592,ukraine-de,True,True,False,False,False,False,False,False,False,False,2022-12-02 10:31:39.173181+00:00,2022-12-02 10:31:39.173181+00:00
1598584054177071105,ukraine-de,True,True,False,False,False,False,False,False,False,False,2022-12-02 10:31:39.173082+00:00,2022-12-02 10:31:39.173082+00:00
1598584060368109568,ukraine-de,True,True,False,False,False,False,False,False,False,False,2022-12-02 10:31:39.172981+00:00,2022-12-02 10:31:39.172981+00:00
1598584080072933376,ukraine-de,True,True,False,False,False,False,False,False,False,False,2022-12-02 10:31:39.172866+00:00,2022-12-02 10:31:39.172866+00:00
1598584094669111297,ukraine-de,True,True,False,False,False,False,False,False,False,False,2022-12-02 10:31:39.172755+00:00,2022-12-02 10:31:39.172755+00:00
1598584110573821952,ukraine-de,True,True,False,False,False,False,False,False,False,False,2022-12-02 10:31:39.172641+00:00,2022-12-02 10:31:39.172641+00:00
1598584122749997061,ukraine-de,True,True,False,False,False,False,False,False,False,False,2022-12-02 10:31:39.172542+00:00,2022-12-02 10:31:39.172542+00:00
1598584136410636290,ukraine-de,True,True,False,False,False,False,False,False,False,False,2022-12-02 10:31:39.172445+00:00,2022-12-02 10:31:39.172445+00:00
1598584137929183233,ukraine-de,True,True,False,False,False,False,False,False,False,False,2022-12-02 10:31:39.172346+00:00,2022-12-02 10:31:39.172346+00:00
1598584158904795140,ukraine-de,True,False,False,False,False,False,False,False,False,False,2022-12-02 19:50:17.526028+00:00,2022-12-02 19:50:17.526028+00:00
1598584213112033281,ukraine-de,True,True,False,False,False,False,False,False,False,False,2022-12-02 10:31:39.172246+00:00,2022-12-02 10:31:39.172246+00:00
1598584255206006785,ukraine-de,True,True,False,False,False,False,False,False,False,False,2022-12-02 10:31:39.172145+00:00,2022-12-02 10:31:39.172145+00:00
1598584300181499904,ukraine-de,True,True,False,False,False,False,False,False,False,False,2022-12-02 10:31:39.172021+00:00,2022-12-02 10:31:39.172021+00:00
1598584316472213505,ukraine-de,True,True,False,False,False,False,False,False,False,False,2022-12-02 10:31:39.171923+00:00,2022-12-02 10:31:39.171923+00:00
1598584329948786690,ukraine-de,True,True,False,False,False,False,False,False,False,False,2022-12-02 10:31:39.171809+00:00,2022-12-02 10:31:39.171809+00:00
1598584333727506434,ukraine-de,True,True,False,False,False,False,False,False,False,False,2022-12-02 10:31:39.171711+00:00,2022-12-02 10:31:39.171711+00:00
1598584342456016896,ukraine-de,True,False,False,False,False,False,False,False,False,False,2022-12-02 10:31:14.319256+00:00,2022-12-02 10:31:14.319256+00:00
1598584350081179648,ukraine-de,True,True,False,False,False,False,False,False,False,False,2022-12-02 10:31:39.171614+00:00,2022-12-02 10:31:39.171614+00:00
1598584386840150019,ukraine-de,True,True,False,False,False,False,False,False,False,False,2022-12-02 10:31:39.171515+00:00,2022-12-02 10:31:39.171515+00:00
1598584435137560576,ukraine-de,True,True,False,False,False,False,False,False,False,False,2022-12-02 10:31:39.171416+00:00,2022-12-02 10:31:39.171416+00:00
1598584436328644608,ukraine-de,True,True,False,False,False,False,False,False,False,False,2022-12-02 10:31:39.171317+00:00,2022-12-02 10:31:39.171317+00:00
1598584527789690881,ukraine-de,True,True,False,False,False,False,False,False,False,False,2022-12-02 10:31:39.171218+00:00,2022-12-02 10:31:39.171218+00:00
1598584528804659200,ukraine-de,True,False,False,False,False,False,False,False,False,False,2022-12-02 15:01:30.402440+00:00,2022-12-02 15:01:30.402440+00:00
1598584529618456576,ukraine-de,True,True,False,False,False,False,False,False,False,False,2022-12-02 10:31:39.171108+00:00,2022-12-02 10:31:39.171108+00:00
1598584535515553792,ukraine-de,True,True,False,False,False,False,False,False,False,False,2022-12-02 10:31:39.171006+00:00,2022-12-02 10:31:39.171006+00:00
1598584556277227520,ukraine-de,True,False,False,False,False,False,False,False,False,False,2022-12-02 19:51:41.476960+00:00,2022-12-02 19:51:41.476960+00:00
1598584591912247296,ukraine-de,True,True,False,False,False,False,False,False,False,False,2022-12-02 10:31:39.170904+00:00,2022-12-02 10:31:39.170904+00:00
1598584597343764480,ukraine-de,True,True,False,False,False,False,False,False,False,False,2022-12-02 10:31:39.170802+00:00,2022-12-02 10:31:39.170802+00:00
1598584607024234496,ukraine-de,True,True,False,False,False,False,False,False,False,False,2022-12-02 10:31:39.170683+00:00,2022-12-02 10:31:39.170683+00:00
1598584677165432833,ukraine-de,True,False,False,False,False,False,False,False,False,False,2022-12-02 15:04:30.422477+00:00,2022-12-02 15:04:30.422477+00:00
1598584691447238657,ukraine-de,True,False,False,False,False,False,False,False,False,False,2022-12-02 10:31:06.531947+00:00,2022-12-02 10:31:06.531947+00:00
1598584701739991041,ukraine-de,True,True,False,False,False,False,False,False,False,False,2022-12-02 10:31:39.170574+00:00,2022-12-02 10:31:39.170574+00:00
1598584702679453698,ukraine-de,True,True,False,False,False,False,False,False,False,False,2022-12-02 10:31:39.170466+00:00,2022-12-02 10:31:39.170466+00:00
1598584703010844672,ukraine-de,True,True,False,False,False,False,False,False,False,False,2022-12-02 10:30:17.999395+00:00,2022-12-02 10:31:39.170366+00:00
1598584754852478977,ukraine-de,True,True,False,False,False,False,False,False,False,False,2022-12-02 10:31:39.170250+00:00,2022-12-02 10:31:39.170250+00:00
1598584770728009729,ukraine-de,True,True,False,False,False,False,False,False,False,False,2022-12-02 10:31:39.170149+00:00,2022-12-02 10:31:39.170149+00:00
1598584829704114176,ukraine-de,True,True,False,False,False,False,False,False,False,False,2022-12-02 10:31:39.170026+00:00,2022-12-02 10:31:39.170026+00:00
1598584857545916423,ukraine-de,True,True,False,False,False,False,False,False,False,False,2022-12-02 10:31:39.169928+00:00,2022-12-02 10:31:39.169928+00:00
1598584858904764416,ukraine-de,True,True,False,False,False,False,False,False,False,False,2022-12-02 10:31:39.169830+00:00,2022-12-02 10:31:39.169830+00:00
1598584910348009474,ukraine-de,True,True,False,False,False,False,False,False,False,False,2022-12-02 10:31:39.169732+00:00,2022-12-02 10:31:39.169732+00:00
1598584930807734274,ukraine-de,True,False,False,False,False,False,False,False,False,False,2022-12-02 10:31:39.204851+00:00,2022-12-02 10:31:39.204851+00:00
1598584955403210752,ukraine-de,True,True,False,False,False,False,False,False,False,False,2022-12-02 10:31:39.169631+00:00,2022-12-02 10:31:39.169631+00:00
1598584960444600320,ukraine-de,True,False,False,False,False,False,False,False,False,False,2022-12-02 10:31:06.510228+00:00,2022-12-02 10:31:06.510228+00:00
1598584967407214592,ukraine-de,True,False,False,False,False,False,False,False,False,False,2022-12-02 10:31:06.532952+00:00,2022-12-02 10:31:06.532952+00:00
1598584987804123136,ukraine-de,True,False,False,False,False,False,False,False,False,False,2022-12-02 10:31:39.206969+00:00,2022-12-02 10:31:39.206969+00:00
1598585001683161093,ukraine-de,True,False,False,False,False,False,False,False,False,False,2022-12-02 19:51:30.200231+00:00,2022-12-02 19:51:30.200231+00:00
1598585003801206789,ukraine-de,True,False,False,False,False,False,False,False,False,False,2022-12-02 10:30:26.799870+00:00,2022-12-02 10:30:26.799870+00:00
1598585006347239425,ukraine-de,True,True,False,False,False,False,False,False,False,False,2022-12-02 10:31:39.169512+00:00,2022-12-02 10:31:39.169512+00:00
1598585070889177088,ukraine-de,True,False,False,False,False,False,False,False,False,False,2022-12-02 19:50:17.513161+00:00,2022-12-02 19:50:17.513161+00:00
1598585102333779968,ukraine-de,True,True,False,False,False,False,False,False,False,False,2022-12-02 10:31:39.169414+00:00,2022-12-02 10:31:39.169414+00:00
1598585105030828032,ukraine-de,True,True,False,False,False,False,False,False,False,False,2022-12-02 10:31:39.169317+00:00,2022-12-02 10:31:39.169317+00:00
1598585119995924481,ukraine-de,True,True,False,False,False,False,False,False,False,False,2022-12-02 10:31:39.169217+00:00,2022-12-02 10:31:39.169217+00:00
1598585138287448064,ukraine-de,True,True,False,False,False,False,False,False,False,False,2022-12-02 10:31:39.169116+00:00,2022-12-02 10:31:39.169116+00:00
1598585151801401346,ukraine-de,True,False,False,False,False,False,False,False,False,False,2022-12-02 15:04:13.052432+00:00,2022-12-02 15:04:13.052432+00:00
1598585164715671552,ukraine-de,True,False,False,False,False,False,False,False,False,False,2022-12-02 10:31:06.521332+00:00,2022-12-02 10:31:06.521332+00:00
1598585208516722694,ukraine-de,True,True,False,False,False,False,False,False,False,False,2022-12-02 10:31:39.169014+00:00,2022-12-02 10:31:39.169014+00:00
1598585213029912576,ukraine-de,True,False,False,False,False,False,False,False,False,False,2022-12-02 10:31:14.332996+00:00,2022-12-02 10:31:14.332996+00:00
1598585243988099072,ukraine-de,True,True,False,False,False,False,False,False,False,False,2022-12-02 10:31:39.168914+00:00,2022-12-02 10:31:39.168914+00:00
1598585254813601793,ukraine-de,True,True,False,False,False,False,False,False,False,False,2022-12-02 10:31:39.168815+00:00,2022-12-02 10:31:39.168815+00:00
1598585315127693313,ukraine-de,True,True,False,False,False,False,False,False,False,False,2022-12-02 10:31:39.168713+00:00,2022-12-02 10:31:39.168713+00:00
1598585369221439489,ukraine-de,True,True,False,False,False,False,False,False,False,False,2022-12-02 10:31:39.168594+00:00,2022-12-02 10:31:39.168594+00:00
1598585371096489984,ukraine-de,True,True,False,False,False,False,False,False,False,False,2022-12-02 10:31:39.168493+00:00,2022-12-02 10:31:39.168493+00:00
1598585400070643713,ukraine-de,True,True,False,False,False,False,False,False,False,False,2022-12-02 10:31:39.168395+00:00,2022-12-02 10:31:39.168395+00:00
1598585408517971968,ukraine-de,True,True,False,False,False,False,False,False,False,False,2022-12-02 10:31:39.168295+00:00,2022-12-02 10:31:39.168295+00:00
1598585411495927809,ukraine-de,True,True,False,False,False,False,False,False,False,False,2022-12-02 10:31:39.168195+00:00,2022-12-02 10:31:39.168195+00:00
1598585415337881600,ukraine-de,True,True,False,False,False,False,False,False,False,False,2022-12-02 10:31:39.168095+00:00,2022-12-02 10:31:39.168095+00:00
1598585424175325184,ukraine-de,True,True,False,False,False,False,False,False,False,False,2022-12-02 10:31:39.167994+00:00,2022-12-02 10:31:39.167994+00:00
1598585541821440002,ukraine-de,True,True,False,False,False,False,False,False,False,False,2022-12-02 10:31:14.307839+00:00,2022-12-02 10:31:39.167891+00:00
1598585558367813633,ukraine-de,True,True,False,False,False,False,False,False,False,False,2022-12-02 10:31:39.167775+00:00,2022-12-02 10:31:39.167775+00:00
1598585568429891584,ukraine-de,True,True,False,False,False,False,False,False,False,False,2022-12-02 10:31:39.167674+00:00,2022-12-02 10:31:39.167674+00:00
1598585571386982407,ukraine-de,True,True,False,False,False,False,False,False,False,False,2022-12-02 10:31:39.167575+00:00,2022-12-02 10:31:39.167575+00:00
1598585627561402368,ukraine-de,True,True,False,False,False,False,False,False,False,False,2022-12-02 10:31:39.167477+00:00,2022-12-02 10:31:39.167477+00:00
1598585640928567296,ukraine-de,True,True,False,False,False,False,False,False,False,False,2022-12-02 10:31:39.167366+00:00,2022-12-02 10:31:39.167366+00:00
1598585656741183488,ukraine-de,True,True,False,False,False,False,False,False,False,False,2022-12-02 10:31:39.167252+00:00,2022-12-02 10:31:39.167252+00:00
1598585668531363842,ukraine-de,True,False,False,False,False,False,False,False,False,False,2022-12-02 15:05:39.936752+00:00,2022-12-02 15:05:39.936752+00:00
1598585675896352768,ukraine-de,True,True,False,False,False,False,False,False,False,False,2022-12-02 10:31:39.167153+00:00,2022-12-02 10:31:39.167153+00:00
1598585683949527041,ukraine-de,True,True,False,False,False,False,False,False,False,False,2022-12-02 10:31:39.167052+00:00,2022-12-02 10:31:39.167052+00:00
1598585715046158338,ukraine-de,True,True,False,False,False,False,False,False,False,False,2022-12-02 10:31:39.166950+00:00,2022-12-02 10:31:39.166950+00:00
1598585721794732032,ukraine-de,True,False,False,False,False,False,False,False,False,False,2022-12-02 10:31:39.210197+00:00,2022-12-02 10:31:39.210197+00:00
1598585766707433473,ukraine-de,True,False,False,False,False,False,False,False,False,False,2022-12-02 15:01:30.396443+00:00,2022-12-02 15:01:30.396443+00:00
1598585782511448066,ukraine-de,True,False,False,False,False,False,False,False,False,False,2022-12-02 10:30:17.987527+00:00,2022-12-02 10:30:17.987527+00:00
1598585785263046656,ukraine-de,True,False,False,False,False,False,False,False,False,False,2022-12-02 10:31:39.206871+00:00,2022-12-02 10:31:39.206871+00:00
1598585789432139777,ukraine-de,True,True,False,False,False,False,False,False,False,False,2022-12-02 10:31:39.166830+00:00,2022-12-02 10:31:39.166830+00:00
1598585797053100033,ukraine-de,True,True,False,False,False,False,False,False,False,False,2022-12-02 10:31:39.166720+00:00,2022-12-02 10:31:39.166720+00:00
1598585803826921473,ukraine-de,True,True,False,False,False,False,False,False,False,False,2022-12-02 10:31:39.166533+00:00,2022-12-02 10:31:39.166533+00:00
1598585824790061056,ukraine-de,True,True,False,False,False,False,False,False,False,False,2022-12-02 10:31:39.166434+00:00,2022-12-02 10:31:39.166434+00:00
1598585853424455680,ukraine-de,True,True,False,False,False,False,False,False,False,False,2022-12-02 10:31:39.166334+00:00,2022-12-02 10:31:39.166334+00:00
1598585860890533888,ukraine-de,True,True,False,False,False,False,False,False,False,False,2022-12-02 10:31:39.166233+00:00,2022-12-02 10:31:39.166233+00:00
1598585862417260544,ukraine-de,True,False,False,False,False,False,False,False,False,False,2022-12-02 10:30:26.778961+00:00,2022-12-02 10:30:26.778961+00:00
1598585897179545600,ukraine-de,True,True,False,False,False,False,False,False,False,False,2022-12-02 10:31:39.166131+00:00,2022-12-02 10:31:39.166131+00:00
1598585926585835521,ukraine-de,True,True,False,False,False,False,False,False,False,False,2022-12-02 10:31:39.166009+00:00,2022-12-02 10:31:39.166009+00:00
1598585947859218432,ukraine-de,True,True,False,False,False,False,False,False,False,False,2022-12-02 10:31:39.165909+00:00,2022-12-02 10:31:39.165909+00:00
1598585958990901248,ukraine-de,True,True,False,False,False,False,False,False,False,False,2022-12-02 10:31:39.165811+00:00,2022-12-02 10:31:39.165811+00:00
1598585973109145600,ukraine-de,True,True,False,False,False,False,False,False,False,False,2022-12-02 10:31:39.165710+00:00,2022-12-02 10:31:39.165710+00:00
1598585985905971201,ukraine-de,True,True,False,False,False,False,False,False,False,False,2022-12-02 10:31:39.165604+00:00,2022-12-02 10:31:39.165604+00:00
1598585995993178116,ukraine-de,True,True,False,False,False,False,False,False,False,False,2022-12-02 10:31:39.165483+00:00,2022-12-02 10:31:39.165483+00:00
1598586003953811456,ukraine-de,True,True,False,False,False,False,False,False,False,False,2022-12-02 10:31:39.165363+00:00,2022-12-02 10:31:39.165363+00:00
1598586021234384896,ukraine-de,True,False,False,False,False,False,False,False,False,False,2022-12-02 15:07:33.548728+00:00,2022-12-02 15:07:33.548728+00:00
1598586022312525824,ukraine-de,True,True,False,False,False,False,False,False,False,False,2022-12-02 10:31:39.165262+00:00,2022-12-02 10:31:39.165262+00:00
1598586025202237440,ukraine-de,True,True,False,False,False,False,False,False,False,False,2022-12-02 10:31:39.165161+00:00,2022-12-02 10:31:39.165161+00:00
1598586039232184321,ukraine-de,True,True,False,False,False,False,False,False,False,False,2022-12-02 10:31:39.165053+00:00,2022-12-02 10:31:39.165053+00:00
1598586073831071744,ukraine-de,True,True,False,False,False,False,False,False,False,False,2022-12-02 10:31:39.164771+00:00,2022-12-02 10:31:39.164771+00:00
1598586095284920320,ukraine-de,True,True,False,False,False,False,False,False,False,False,2022-12-02 10:31:39.164668+00:00,2022-12-02 10:31:39.164668+00:00
1598586143423053826,ukraine-de,True,True,False,False,False,False,False,False,False,False,2022-12-02 10:31:39.164562+00:00,2022-12-02 10:31:39.164562+00:00
1598586175186292736,ukraine-de,True,True,False,False,False,False,False,False,False,False,2022-12-02 10:31:39.164433+00:00,2022-12-02 10:31:39.164433+00:00
1598586180718788608,ukraine-de,True,True,False,False,False,False,False,False,False,False,2022-12-02 10:31:14.329172+00:00,2022-12-02 10:31:39.164207+00:00
1598586195428229122,ukraine-de,True,True,False,False,False,False,False,False,False,False,2022-12-02 10:31:39.164090+00:00,2022-12-02 10:31:39.164090+00:00
1598586207428026373,ukraine-de,True,True,False,False,False,False,False,False,False,False,2022-12-02 10:31:39.163974+00:00,2022-12-02 10:31:39.163974+00:00
1598586214143008768,ukraine-de,True,False,False,False,False,False,False,False,False,False,2022-12-02 19:51:41.475262+00:00,2022-12-02 19:51:41.475262+00:00
1598586217964179457,ukraine-de,True,True,False,False,False,False,False,False,False,False,2022-12-02 10:31:39.163864+00:00,2022-12-02 10:31:39.163864+00:00
1598586235605377025,ukraine-de,True,True,False,False,False,False,False,False,False,False,2022-12-02 10:31:39.163736+00:00,2022-12-02 10:31:39.163736+00:00
1598586246900510720,ukraine-de,True,True,False,False,False,False,False,False,False,False,2022-12-02 10:31:39.163636+00:00,2022-12-02 10:31:39.163636+00:00
1598586259202605056,ukraine-de,True,True,False,False,False,False,False,False,False,False,2022-12-02 10:31:39.163532+00:00,2022-12-02 10:31:39.163532+00:00
1598586267784052736,ukraine-de,True,True,False,False,False,False,False,False,False,False,2022-12-02 10:31:39.163333+00:00,2022-12-02 10:31:39.163333+00:00
1598586285542715394,ukraine-de,True,True,False,False,False,False,False,False,False,False,2022-12-02 10:31:14.317204+00:00,2022-12-02 10:31:39.163234+00:00
1598586338474954754,ukraine-de,True,True,False,False,False,False,False,False,False,False,2022-12-02 10:31:39.163134+00:00,2022-12-02 10:31:39.163134+00:00
1598586358162808833,ukraine-de,True,True,False,False,False,False,False,False,False,False,2022-12-02 10:31:39.163018+00:00,2022-12-02 10:31:39.163018+00:00
1598586363041005570,ukraine-de,True,True,False,False,False,False,False,False,False,False,2022-12-02 10:31:39.162919+00:00,2022-12-02 10:31:39.162919+00:00
1598586369802125312,ukraine-de,True,False,False,False,False,False,False,False,False,False,2022-12-02 10:31:14.335444+00:00,2022-12-02 10:31:14.335444+00:00
1598586371547041799,ukraine-de,True,True,False,False,False,False,False,False,False,False,2022-12-02 10:31:39.162819+00:00,2022-12-02 10:31:39.162819+00:00
1598586381273530368,ukraine-de,True,True,False,False,False,False,False,False,False,False,2022-12-02 10:31:39.162711+00:00,2022-12-02 10:31:39.162711+00:00
1598586387976126464,ukraine-de,True,False,False,False,False,False,False,False,False,False,2022-12-02 10:31:06.529972+00:00,2022-12-02 10:31:06.529972+00:00
1598586397476134913,ukraine-de,True,True,False,False,False,False,False,False,False,False,2022-12-02 10:31:39.162602+00:00,2022-12-02 10:31:39.162602+00:00
1598586402408726529,ukraine-de,True,True,False,False,False,False,False,False,False,False,2022-12-02 10:31:39.162504+00:00,2022-12-02 10:31:39.162504+00:00
1598586407718686722,ukraine-de,True,True,False,False,False,False,False,False,False,False,2022-12-02 10:31:39.162405+00:00,2022-12-02 10:31:39.162405+00:00
1598586425632559104,ukraine-de,True,True,False,False,False,False,False,False,False,False,2022-12-02 10:31:39.162305+00:00,2022-12-02 10:31:39.162305+00:00
1598586436789293058,ukraine-de,True,True,False,False,False,False,False,False,False,False,2022-12-02 10:31:39.162204+00:00,2022-12-02 10:31:39.162204+00:00
1598586473661579264,ukraine-de,True,True,False,False,False,False,False,False,False,False,2022-12-02 10:31:39.162103+00:00,2022-12-02 10:31:39.162103+00:00
1598586478552002560,ukraine-de,True,False,False,False,False,False,False,False,False,False,2022-12-02 10:31:39.205237+00:00,2022-12-02 10:31:39.205237+00:00
1598586492170952705,ukraine-de,True,True,False,False,False,False,False,False,False,False,2022-12-02 10:31:39.162004+00:00,2022-12-02 10:31:39.162004+00:00
1598586497451556864,ukraine-de,True,True,False,False,False,False,False,False,False,False,2022-12-02 10:31:39.161904+00:00,2022-12-02 10:31:39.161904+00:00
1598586498747699200,ukraine-de,True,True,False,False,False,False,False,False,False,False,2022-12-02 10:31:39.161794+00:00,2022-12-02 10:31:39.161794+00:00
1598586512869826560,ukraine-de,True,True,False,False,False,False,False,False,False,False,2022-12-02 10:31:39.161696+00:00,2022-12-02 10:31:39.161696+00:00
1598586519115034624,ukraine-de,True,False,False,False,False,False,False,False,False,False,2022-12-02 10:31:39.202299+00:00,2022-12-02 10:31:39.202299+00:00
1598586552225079297,ukraine-de,True,True,False,False,False,False,False,False,False,False,2022-12-02 10:31:39.161574+00:00,2022-12-02 10:31:39.161574+00:00
1598586575390138368,ukraine-de,True,True,False,False,False,False,False,False,False,False,2022-12-02 10:31:39.161469+00:00,2022-12-02 10:31:39.161469+00:00
1598586576321347584,ukraine-de,True,True,False,False,False,False,False,False,False,False,2022-12-02 10:31:39.161370+00:00,2022-12-02 10:31:39.161370+00:00
1598586580708610048,ukraine-de,True,True,False,False,False,False,False,False,False,False,2022-12-02 10:31:39.161269+00:00,2022-12-02 10:31:39.161269+00:00
1598586605861687296,ukraine-de,True,True,False,False,False,False,False,False,False,False,2022-12-02 10:31:39.161153+00:00,2022-12-02 10:31:39.161153+00:00
1598586616590778369,ukraine-de,True,True,False,False,False,False,False,False,False,False,2022-12-02 10:31:39.161054+00:00,2022-12-02 10:31:39.161054+00:00
1598586621548367872,ukraine-de,True,True,False,False,False,False,False,False,False,False,2022-12-02 10:30:17.996781+00:00,2022-12-02 10:31:39.160940+00:00
1598586630650068992,ukraine-de,True,True,False,False,False,False,False,False,False,False,2022-12-02 10:31:39.160839+00:00,2022-12-02 10:31:39.160839+00:00
1598586633011462144,ukraine-de,True,True,False,False,False,False,False,False,False,False,2022-12-02 10:31:39.160718+00:00,2022-12-02 10:31:39.160718+00:00
1598586670399504384,ukraine-de,True,False,False,False,False,False,False,False,False,False,2022-12-02 10:31:39.202093+00:00,2022-12-02 10:31:39.202093+00:00
1598586679220211713,ukraine-de,True,False,False,False,False,False,False,False,False,False,2022-12-02 10:31:39.203932+00:00,2022-12-02 10:31:39.203932+00:00
1598586684634980353,ukraine-de,True,True,False,False,False,False,False,False,False,False,2022-12-02 10:31:39.160613+00:00,2022-12-02 10:31:39.160613+00:00
1598586699319238660,ukraine-de,True,False,False,False,False,False,False,False,False,False,2022-12-02 10:31:06.513000+00:00,2022-12-02 10:31:06.513000+00:00
1598586717270949888,ukraine-de,True,True,False,False,False,False,False,False,False,False,2022-12-02 10:31:39.160390+00:00,2022-12-02 10:31:39.160390+00:00
1598586733632929793,ukraine-de,True,True,False,False,False,False,False,False,False,False,2022-12-02 10:31:39.160291+00:00,2022-12-02 10:31:39.160291+00:00
1598586751580241920,ukraine-de,True,True,False,False,False,False,False,False,False,False,2022-12-02 10:31:39.160191+00:00,2022-12-02 10:31:39.160191+00:00
1598586773759819776,ukraine-de,True,True,False,False,False,False,False,False,False,False,2022-12-02 10:31:39.160094+00:00,2022-12-02 10:31:39.160094+00:00
1598586800339050496,ukraine-de,True,True,False,False,False,False,False,False,False,False,2022-12-02 10:31:39.159994+00:00,2022-12-02 10:31:39.159994+00:00
1598586820651950080,ukraine-de,True,True,False,False,False,False,False,False,False,False,2022-12-02 10:31:39.159894+00:00,2022-12-02 10:31:39.159894+00:00
1598586822086610945,ukraine-de,True,False,False,False,False,False,False,False,False,False,2022-12-02 10:31:39.198869+00:00,2022-12-02 10:31:39.198869+00:00
1598586831242776577,ukraine-de,True,True,False,False,False,False,False,False,False,False,2022-12-02 10:31:39.159791+00:00,2022-12-02 10:31:39.159791+00:00
1598586840692523008,ukraine-de,True,True,False,False,False,False,False,False,False,False,2022-12-02 10:31:39.159686+00:00,2022-12-02 10:31:39.159686+00:00
1598586847382208512,ukraine-de,True,True,False,False,False,False,False,False,False,False,2022-12-02 10:31:39.159425+00:00,2022-12-02 10:31:39.159425+00:00
1598586874381099010,ukraine-de,True,True,False,False,False,False,False,False,False,False,2022-12-02 10:31:39.159326+00:00,2022-12-02 10:31:39.159326+00:00
1598586892513120257,ukraine-de,True,True,False,False,False,False,False,False,False,False,2022-12-02 10:31:39.159225+00:00,2022-12-02 10:31:39.159225+00:00
1598586893855244290,ukraine-de,True,True,False,False,False,False,False,False,False,False,2022-12-02 10:31:39.159125+00:00,2022-12-02 10:31:39.159125+00:00
1598586894551482368,ukraine-de,True,True,False,False,False,False,False,False,False,False,2022-12-02 10:31:14.326842+00:00,2022-12-02 10:31:39.159023+00:00
1598586911882371074,ukraine-de,True,True,False,False,False,False,False,False,False,False,2022-12-02 10:31:39.158908+00:00,2022-12-02 10:31:39.158908+00:00
1598586921747419138,ukraine-de,True,True,False,False,False,False,False,False,False,False,2022-12-02 10:31:39.158807+00:00,2022-12-02 10:31:39.158807+00:00
1598586942777606145,ukraine-de,True,False,False,False,False,False,False,False,False,False,2022-12-02 10:31:14.335186+00:00,2022-12-02 10:31:14.335186+00:00
1598586973370859520,ukraine-de,True,True,False,False,False,False,False,False,False,False,2022-12-02 10:31:39.158692+00:00,2022-12-02 10:31:39.158692+00:00
1598586977368301568,ukraine-de,True,True,False,False,False,False,False,False,False,False,2022-12-02 10:31:39.158582+00:00,2022-12-02 10:31:39.158582+00:00
1598586982845792257,ukraine-de,True,True,False,False,False,False,False,False,False,False,2022-12-02 10:31:39.158481+00:00,2022-12-02 10:31:39.158481+00:00
1598586996355698688,ukraine-de,True,True,False,False,False,False,False,False,False,False,2022-12-02 10:31:39.158380+00:00,2022-12-02 10:31:39.158380+00:00
1598587004673048578,ukraine-de,True,True,False,False,False,False,False,False,False,False,2022-12-02 10:30:17.997412+00:00,2022-12-02 10:31:39.158265+00:00
1598587022557315073,ukraine-de,True,True,False,False,False,False,False,False,False,False,2022-12-02 10:30:17.956115+00:00,2022-12-02 10:31:39.158155+00:00
1598587028651888641,ukraine-de,True,True,False,False,False,False,False,False,False,False,2022-12-02 10:31:39.158040+00:00,2022-12-02 10:31:39.158040+00:00
1598587064248852480,ukraine-de,True,True,False,False,False,False,False,False,False,False,2022-12-02 10:31:39.157940+00:00,2022-12-02 10:31:39.157940+00:00
1598587090140336128,ukraine-de,True,True,False,False,False,False,False,False,False,False,2022-12-02 10:31:39.157839+00:00,2022-12-02 10:31:39.157839+00:00
1598587110172549120,ukraine-de,True,True,False,False,False,False,False,False,False,False,2022-12-02 10:30:26.796962+00:00,2022-12-02 10:31:39.157717+00:00
1598587111644577792,ukraine-de,True,False,False,False,False,False,False,False,False,False,2022-12-02 10:31:39.202396+00:00,2022-12-02 10:31:39.202396+00:00
1598587169999704065,ukraine-de,True,True,False,False,False,False,False,False,False,False,2022-12-02 10:31:39.157464+00:00,2022-12-02 10:31:39.157464+00:00
1598587200358301696,ukraine-de,True,True,False,False,False,False,False,False,False,False,2022-12-02 10:30:17.971088+00:00,2022-12-02 10:31:39.157364+00:00
1598587213205364736,ukraine-de,True,True,False,False,False,False,False,False,False,False,2022-12-02 10:31:39.157258+00:00,2022-12-02 10:31:39.157258+00:00
1598587220629200899,ukraine-de,True,True,False,False,False,False,False,False,False,False,2022-12-02 10:31:39.157161+00:00,2022-12-02 10:31:39.157161+00:00
1598587250215858176,ukraine-de,True,True,False,False,False,False,False,False,False,False,2022-12-02 10:31:39.157064+00:00,2022-12-02 10:31:39.157064+00:00
1598587266632278017,ukraine-de,True,False,False,False,False,False,False,False,False,False,2022-12-02 10:31:39.204424+00:00,2022-12-02 10:31:39.204424+00:00
1598587268981211136,ukraine-de,True,True,False,False,False,False,False,False,False,False,2022-12-02 10:31:39.156966+00:00,2022-12-02 10:31:39.156966+00:00
1598587279097954305,ukraine-de,True,True,False,False,False,False,False,False,False,False,2022-12-02 10:31:39.156868+00:00,2022-12-02 10:31:39.156868+00:00
1598587281547444225,ukraine-de,True,True,False,False,False,False,False,False,False,False,2022-12-02 10:31:39.156769+00:00,2022-12-02 10:31:39.156769+00:00
1598587289252335617,ukraine-de,True,True,False,False,False,False,False,False,False,False,2022-12-02 10:31:39.156670+00:00,2022-12-02 10:31:39.156670+00:00
1598587292330778624,ukraine-de,True,True,False,False,False,False,False,False,False,False,2022-12-02 10:31:39.156572+00:00,2022-12-02 10:31:39.156572+00:00
1598587298064498691,ukraine-de,True,True,False,False,False,False,False,False,False,False,2022-12-02 10:31:39.156473+00:00,2022-12-02 10:31:39.156473+00:00
1598587304565968896,ukraine-de,True,True,False,False,False,False,False,False,False,False,2022-12-02 10:31:39.156375+00:00,2022-12-02 10:31:39.156375+00:00
1598587326682144768,ukraine-de,True,True,False,False,False,False,False,False,False,False,2022-12-02 10:31:39.156276+00:00,2022-12-02 10:31:39.156276+00:00
1598587338292137984,ukraine-de,True,True,False,False,False,False,False,False,False,False,2022-12-02 10:31:39.156178+00:00,2022-12-02 10:31:39.156178+00:00
1598587345233510400,ukraine-de,True,True,False,False,False,False,False,False,False,False,2022-12-02 10:31:39.156079+00:00,2022-12-02 10:31:39.156079+00:00
1598587438095400961,ukraine-de,True,True,False,False,False,False,False,False,False,False,2022-12-02 10:31:39.155977+00:00,2022-12-02 10:31:39.155977+00:00
1598587450997153792,ukraine-de,True,True,False,False,False,False,False,False,False,False,2022-12-02 10:31:39.155867+00:00,2022-12-02 10:31:39.155867+00:00
1598587460275081218,ukraine-de,True,True,False,False,False,False,False,False,False,False,2022-12-02 10:31:06.530432+00:00,2022-12-02 10:31:39.155768+00:00
1598587469120806913,ukraine-de,True,True,False,False,False,False,False,False,False,False,2022-12-02 10:31:39.155669+00:00,2022-12-02 10:31:39.155669+00:00
1598587497432358914,ukraine-de,True,True,False,False,False,False,False,False,False,False,2022-12-02 10:31:39.155570+00:00,2022-12-02 10:31:39.155570+00:00
1598587520719015936,ukraine-de,True,True,False,False,False,False,False,False,False,False,2022-12-02 10:31:39.155470+00:00,2022-12-02 10:31:39.155470+00:00
1598587522510213121,ukraine-de,True,True,False,False,False,False,False,False,False,False,2022-12-02 10:31:39.155367+00:00,2022-12-02 10:31:39.155367+00:00
1598587525018288128,ukraine-de,True,True,False,False,False,False,False,False,False,False,2022-12-02 10:31:39.155256+00:00,2022-12-02 10:31:39.155256+00:00
1598587535042674689,ukraine-de,True,True,False,False,False,False,False,False,False,False,2022-12-02 10:31:39.155154+00:00,2022-12-02 10:31:39.155154+00:00
1598587565812195329,ukraine-de,True,True,False,False,False,False,False,False,False,False,2022-12-02 10:31:39.155041+00:00,2022-12-02 10:31:39.155041+00:00
1598587568454799361,ukraine-de,True,True,False,False,False,False,False,False,False,False,2022-12-02 10:31:39.154922+00:00,2022-12-02 10:31:39.154922+00:00
1598587606673113089,ukraine-de,True,True,False,False,False,False,False,False,False,False,2022-12-02 10:31:39.154820+00:00,2022-12-02 10:31:39.154820+00:00
1598587625753006080,ukraine-de,True,True,False,False,False,False,False,False,False,False,2022-12-02 10:31:39.154717+00:00,2022-12-02 10:31:39.154717+00:00
1598587629267783682,ukraine-de,True,False,False,False,False,False,False,False,False,False,2022-12-02 15:07:19.454287+00:00,2022-12-02 15:07:19.454287+00:00
1598587651216609280,ukraine-de,True,True,False,False,False,False,False,False,False,False,2022-12-02 10:31:39.154604+00:00,2022-12-02 10:31:39.154604+00:00
1598587663514185728,ukraine-de,True,True,False,False,False,False,False,False,False,False,2022-12-02 10:31:39.154504+00:00,2022-12-02 10:31:39.154504+00:00
1598587686532554752,ukraine-de,True,True,False,False,False,False,False,False,False,False,2022-12-02 10:31:39.154404+00:00,2022-12-02 10:31:39.154404+00:00
1598587688218771456,ukraine-de,True,True,False,False,False,False,False,False,False,False,2022-12-02 10:31:39.154304+00:00,2022-12-02 10:31:39.154304+00:00
1598587694564753408,ukraine-de,True,True,False,False,False,False,False,False,False,False,2022-12-02 10:31:39.154199+00:00,2022-12-02 10:31:39.154199+00:00
1598587708418527232,ukraine-de,True,True,False,False,False,False,False,False,False,False,2022-12-02 10:31:39.154075+00:00,2022-12-02 10:31:39.154075+00:00
1598587713308921857,ukraine-de,True,True,False,False,False,False,False,False,False,False,2022-12-02 10:31:39.153971+00:00,2022-12-02 10:31:39.153971+00:00
1598587719088676864,ukraine-de,True,True,False,False,False,False,False,False,False,False,2022-12-02 10:31:39.153855+00:00,2022-12-02 10:31:39.153855+00:00
1598587736704925697,ukraine-de,True,True,False,False,False,False,False,False,False,False,2022-12-02 10:31:39.153655+00:00,2022-12-02 10:31:39.153655+00:00
1598587783538319361,ukraine-de,True,True,False,False,False,False,False,False,False,False,2022-12-02 10:30:26.779613+00:00,2022-12-02 10:31:39.153516+00:00
1598587834520473600,ukraine-de,True,True,False,False,False,False,False,False,False,False,2022-12-02 10:31:39.153409+00:00,2022-12-02 10:31:39.153409+00:00
1598587859275075584,ukraine-de,True,True,False,False,False,False,False,False,False,False,2022-12-02 10:31:39.153211+00:00,2022-12-02 10:31:39.153211+00:00
1598587859858071552,ukraine-de,True,False,False,False,False,False,False,False,False,False,2022-12-02 10:31:39.201424+00:00,2022-12-02 10:31:39.201424+00:00
1598587862437478400,ukraine-de,True,True,False,False,False,False,False,False,False,False,2022-12-02 10:31:39.153110+00:00,2022-12-02 10:31:39.153110+00:00
1598587898806288393,ukraine-de,True,True,False,False,False,False,False,False,False,False,2022-12-02 10:31:39.152994+00:00,2022-12-02 10:31:39.152994+00:00
1598587909581455362,ukraine-de,True,True,False,False,False,False,False,False,False,False,2022-12-02 10:31:39.152894+00:00,2022-12-02 10:31:39.152894+00:00
1598587927969247232,ukraine-de,True,True,False,False,False,False,False,False,False,False,2022-12-02 10:31:39.152782+00:00,2022-12-02 10:31:39.152782+00:00
1598587932880896000,ukraine-de,True,True,False,False,False,False,False,False,False,False,2022-12-02 10:31:39.152683+00:00,2022-12-02 10:31:39.152683+00:00
1598587953407737857,ukraine-de,True,True,False,False,False,False,False,False,False,False,2022-12-02 10:31:39.152583+00:00,2022-12-02 10:31:39.152583+00:00
1598587964359151616,ukraine-de,True,True,False,False,False,False,False,False,False,False,2022-12-02 10:31:39.152484+00:00,2022-12-02 10:31:39.152484+00:00
1598587964547862528,ukraine-de,True,True,False,False,False,False,False,False,False,False,2022-12-02 10:31:39.152383+00:00,2022-12-02 10:31:39.152383+00:00
1598587977084583937,ukraine-de,True,True,False,False,False,False,False,False,False,False,2022-12-02 10:31:39.152282+00:00,2022-12-02 10:31:39.152282+00:00
1598587988669190145,ukraine-de,True,True,False,False,False,False,False,False,False,False,2022-12-02 10:31:39.152165+00:00,2022-12-02 10:31:39.152165+00:00
1598588011230511108,ukraine-de,True,True,False,False,False,False,False,False,False,False,2022-12-02 10:31:39.152065+00:00,2022-12-02 10:31:39.152065+00:00
1598588018536992769,ukraine-de,True,True,False,False,False,False,False,False,False,False,2022-12-02 10:31:39.151963+00:00,2022-12-02 10:31:39.151963+00:00
1598588024685621248,ukraine-de,True,True,False,False,False,False,False,False,False,False,2022-12-02 10:31:39.151861+00:00,2022-12-02 10:31:39.151861+00:00
1598588027714011136,ukraine-de,True,True,False,False,False,False,False,False,False,False,2022-12-02 10:31:39.151759+00:00,2022-12-02 10:31:39.151759+00:00
1598588037289676800,ukraine-de,True,True,False,False,False,False,False,False,False,False,2022-12-02 10:31:39.151654+00:00,2022-12-02 10:31:39.151654+00:00
1598588092407238656,ukraine-de,True,True,False,False,False,False,False,False,False,False,2022-12-02 10:31:39.151531+00:00,2022-12-02 10:31:39.151531+00:00
1598588093820538883,ukraine-de,True,True,False,False,False,False,False,False,False,False,2022-12-02 10:31:39.151410+00:00,2022-12-02 10:31:39.151410+00:00
1598588110937370626,ukraine-de,True,True,False,False,False,False,False,False,False,False,2022-12-02 10:31:39.151301+00:00,2022-12-02 10:31:39.151301+00:00
1598588113621753857,ukraine-de,True,True,False,False,False,False,False,False,False,False,2022-12-02 10:31:39.151167+00:00,2022-12-02 10:31:39.151167+00:00
1598588144189841410,ukraine-de,True,True,False,False,False,False,False,False,False,False,2022-12-02 10:31:39.150942+00:00,2022-12-02 10:31:39.150942+00:00
1598588147969019907,ukraine-de,True,True,False,False,False,False,False,False,False,False,2022-12-02 10:31:39.150764+00:00,2022-12-02 10:31:39.150764+00:00
1598588208232779776,ukraine-de,True,True,False,False,False,False,False,False,False,False,2022-12-02 10:31:39.150661+00:00,2022-12-02 10:31:39.150661+00:00
1598588266181234689,ukraine-de,True,False,False,False,False,False,False,False,False,False,2022-12-02 15:05:39.923146+00:00,2022-12-02 15:05:39.923146+00:00
1598588275471654914,ukraine-de,True,True,False,False,False,False,False,False,False,False,2022-12-02 10:31:39.150537+00:00,2022-12-02 10:31:39.150537+00:00
1598588290747203584,ukraine-de,True,True,False,False,False,False,False,False,False,False,2022-12-02 10:31:39.150435+00:00,2022-12-02 10:31:39.150435+00:00
1598588299588911106,ukraine-de,True,True,False,False,False,False,False,False,False,False,2022-12-02 10:31:39.150302+00:00,2022-12-02 10:31:39.150302+00:00
1598588317850902529,ukraine-de,True,True,False,False,False,False,False,False,False,False,2022-12-02 10:31:39.150186+00:00,2022-12-02 10:31:39.150186+00:00
1598588322946854912,ukraine-de,True,True,False,False,False,False,False,False,False,False,2022-12-02 10:31:39.150083+00:00,2022-12-02 10:31:39.150083+00:00
1598588323840217088,ukraine-de,True,True,False,False,False,False,False,False,False,False,2022-12-02 10:31:39.149979+00:00,2022-12-02 10:31:39.149979+00:00
1598588353959452672,ukraine-de,True,True,False,False,False,False,False,False,False,False,2022-12-02 10:31:39.149873+00:00,2022-12-02 10:31:39.149873+00:00
1598588386360655885,ukraine-de,True,True,False,False,False,False,False,False,False,False,2022-12-02 10:31:39.149745+00:00,2022-12-02 10:31:39.149745+00:00
1598588418815950849,ukraine-de,True,True,False,False,False,False,False,False,False,False,2022-12-02 10:31:39.149552+00:00,2022-12-02 10:31:39.149552+00:00
1598588448163913729,ukraine-de,True,True,False,False,False,False,False,False,False,False,2022-12-02 10:31:39.149451+00:00,2022-12-02 10:31:39.149451+00:00
1598588473778221056,ukraine-de,True,True,False,False,False,False,False,False,False,False,2022-12-02 10:31:39.149330+00:00,2022-12-02 10:31:39.149330+00:00
1598588476873531394,ukraine-de,True,True,False,False,False,False,False,False,False,False,2022-12-02 10:31:39.149225+00:00,2022-12-02 10:31:39.149225+00:00
1598588484419293184,ukraine-de,True,True,False,False,False,False,False,False,False,False,2022-12-02 10:31:39.149102+00:00,2022-12-02 10:31:39.149102+00:00
1598588535296114688,ukraine-de,True,True,False,False,False,False,False,False,False,False,2022-12-02 10:31:39.148908+00:00,2022-12-02 10:31:39.148908+00:00
1598588563066687488,ukraine-de,True,True,False,False,False,False,False,False,False,False,2022-12-02 10:31:39.148804+00:00,2022-12-02 10:31:39.148804+00:00
1598588576178094081,ukraine-de,True,True,False,False,False,False,False,False,False,False,2022-12-02 10:31:39.148684+00:00,2022-12-02 10:31:39.148684+00:00
1598588584642367488,ukraine-de,True,True,False,False,False,False,False,False,False,False,2022-12-02 10:31:39.148567+00:00,2022-12-02 10:31:39.148567+00:00
1598588590816215040,ukraine-de,True,True,False,False,False,False,False,False,False,False,2022-12-02 10:31:39.148464+00:00,2022-12-02 10:31:39.148464+00:00
1598588629902925824,ukraine-de,True,True,False,False,False,False,False,False,False,False,2022-12-02 10:31:39.148346+00:00,2022-12-02 10:31:39.148346+00:00
1598588633992282112,ukraine-de,True,True,False,False,False,False,False,False,False,False,2022-12-02 10:31:39.148246+00:00,2022-12-02 10:31:39.148246+00:00
1598588672219152384,ukraine-de,True,True,False,False,False,False,False,False,False,False,2022-12-02 10:31:39.148133+00:00,2022-12-02 10:31:39.148133+00:00
1598588674027012098,ukraine-de,True,True,False,False,False,False,False,False,False,False,2022-12-02 10:31:39.148032+00:00,2022-12-02 10:31:39.148032+00:00
1598588679550738432,ukraine-de,True,True,False,False,False,False,False,False,False,False,2022-12-02 10:31:39.147930+00:00,2022-12-02 10:31:39.147930+00:00
1598588687876513795,ukraine-de,True,True,False,False,False,False,False,False,False,False,2022-12-02 10:31:39.147829+00:00,2022-12-02 10:31:39.147829+00:00
1598588701327622144,ukraine-de,True,True,False,False,False,False,False,False,False,False,2022-12-02 10:31:39.147711+00:00,2022-12-02 10:31:39.147711+00:00
1598588703387033600,ukraine-de,True,True,False,False,False,False,False,False,False,False,2022-12-02 10:31:39.147612+00:00,2022-12-02 10:31:39.147612+00:00
1598588709359611906,ukraine-de,True,True,False,False,False,False,False,False,False,False,2022-12-02 10:31:39.147512+00:00,2022-12-02 10:31:39.147512+00:00
1598588747897085952,ukraine-de,True,False,False,False,False,False,False,False,False,False,2022-12-02 10:31:14.333720+00:00,2022-12-02 10:31:14.333720+00:00
1598588767530631170,ukraine-de,True,False,False,False,False,False,False,False,False,False,2022-12-03 01:30:18.832028+00:00,2022-12-03 01:30:18.832028+00:00
1598588776770834432,ukraine-de,True,True,False,False,False,False,False,False,False,False,2022-12-02 10:31:39.147410+00:00,2022-12-02 10:31:39.147410+00:00
1598588802624274434,ukraine-de,True,True,False,False,False,False,False,False,False,False,2022-12-02 10:31:39.147306+00:00,2022-12-02 10:31:39.147306+00:00
1598588833125236736,ukraine-de,True,False,False,False,False,False,False,False,False,False,2022-12-02 10:31:14.331416+00:00,2022-12-02 10:31:14.331416+00:00
1598588848400891905,ukraine-de,True,True,False,False,False,False,False,False,False,False,2022-12-02 10:31:39.147196+00:00,2022-12-02 10:31:39.147196+00:00
1598588867485077505,ukraine-de,True,True,False,False,False,False,False,False,False,False,2022-12-02 10:31:39.146962+00:00,2022-12-02 10:31:39.146962+00:00
1598588886074109952,ukraine-de,True,True,False,False,False,False,False,False,False,False,2022-12-02 10:31:39.146862+00:00,2022-12-02 10:31:39.146862+00:00
1598588904961196032,ukraine-de,True,True,False,False,False,False,False,False,False,False,2022-12-02 10:31:39.146761+00:00,2022-12-02 10:31:39.146761+00:00
1598588940776181760,ukraine-de,True,False,False,False,False,False,False,False,False,False,2022-12-02 10:31:06.517134+00:00,2022-12-02 10:31:06.517134+00:00
1598588950192455681,ukraine-de,True,True,False,False,False,False,False,False,False,False,2022-12-02 10:31:39.146659+00:00,2022-12-02 10:31:39.146659+00:00
1598588961689161728,ukraine-de,True,True,False,False,False,False,False,False,False,False,2022-12-02 10:31:39.146535+00:00,2022-12-02 10:31:39.146535+00:00
1598588987232223233,ukraine-de,True,True,False,False,False,False,False,False,False,False,2022-12-02 10:31:39.146435+00:00,2022-12-02 10:31:39.146435+00:00
1598589034560950272,ukraine-de,True,False,False,False,False,False,False,False,False,False,2022-12-02 10:31:06.524082+00:00,2022-12-02 10:31:06.524082+00:00
1598589056522272768,ukraine-de,True,True,False,False,False,False,False,False,False,False,2022-12-02 10:31:39.146329+00:00,2022-12-02 10:31:39.146329+00:00
1598589071772688384,ukraine-de,True,True,False,False,False,False,False,False,False,False,2022-12-02 10:31:39.146161+00:00,2022-12-02 10:31:39.146161+00:00
1598589092018520064,ukraine-de,True,True,False,False,False,False,False,False,False,False,2022-12-02 10:31:39.146060+00:00,2022-12-02 10:31:39.146060+00:00
1598589093264457729,ukraine-de,True,True,False,False,False,False,False,False,False,False,2022-12-02 10:31:39.145957+00:00,2022-12-02 10:31:39.145957+00:00
1598589114571292672,ukraine-de,True,True,False,False,False,False,False,False,False,False,2022-12-02 10:31:39.145838+00:00,2022-12-02 10:31:39.145838+00:00
1598589115754168322,ukraine-de,True,False,False,False,False,False,False,False,False,False,2022-12-02 10:30:26.776101+00:00,2022-12-02 10:30:26.776101+00:00
1598589124771987456,ukraine-de,True,True,False,False,False,False,False,False,False,False,2022-12-02 10:31:39.145722+00:00,2022-12-02 10:31:39.145722+00:00
1598589132611125249,ukraine-de,True,True,False,False,False,False,False,False,False,False,2022-12-02 10:31:39.145623+00:00,2022-12-02 10:31:39.145623+00:00
1598589148629278721,ukraine-de,True,True,False,False,False,False,False,False,False,False,2022-12-02 10:31:39.145501+00:00,2022-12-02 10:31:39.145501+00:00
1598589151724548096,ukraine-de,True,True,False,False,False,False,False,False,False,False,2022-12-02 10:31:39.145401+00:00,2022-12-02 10:31:39.145401+00:00
1598589203671031808,ukraine-de,True,True,False,False,False,False,False,False,False,False,2022-12-02 10:31:39.145301+00:00,2022-12-02 10:31:39.145301+00:00
1598589204778389505,ukraine-de,True,True,False,False,False,False,False,False,False,False,2022-12-02 10:31:39.145198+00:00,2022-12-02 10:31:39.145198+00:00
1598589232791973891,ukraine-de,True,True,False,False,False,False,False,False,False,False,2022-12-02 10:31:39.145080+00:00,2022-12-02 10:31:39.145080+00:00
1598589235145097217,ukraine-de,True,True,False,False,False,False,False,False,False,False,2022-12-02 10:31:39.144951+00:00,2022-12-02 10:31:39.144951+00:00
1598589243198038017,ukraine-de,True,True,False,False,False,False,False,False,False,False,2022-12-02 10:31:39.144850+00:00,2022-12-02 10:31:39.144850+00:00
1598589250814980097,ukraine-de,True,True,False,False,False,False,False,False,False,False,2022-12-02 10:31:39.144743+00:00,2022-12-02 10:31:39.144743+00:00
1598589262169096193,ukraine-de,True,True,False,False,False,False,False,False,False,False,2022-12-02 10:31:39.144622+00:00,2022-12-02 10:31:39.144622+00:00
1598589276748496896,ukraine-de,True,True,False,False,False,False,False,False,False,False,2022-12-02 10:31:39.144525+00:00,2022-12-02 10:31:39.144525+00:00
1598589278006771712,ukraine-de,True,True,False,False,False,False,False,False,False,False,2022-12-02 10:31:39.144425+00:00,2022-12-02 10:31:39.144425+00:00
1598589306574016512,ukraine-de,True,True,False,False,False,False,False,False,False,False,2022-12-02 10:31:39.144326+00:00,2022-12-02 10:31:39.144326+00:00
1598589310659399680,ukraine-de,True,True,False,False,False,False,False,False,False,False,2022-12-02 10:31:39.144226+00:00,2022-12-02 10:31:39.144226+00:00
1598589315818303488,ukraine-de,True,True,False,False,False,False,False,False,False,False,2022-12-02 10:30:17.964953+00:00,2022-12-02 10:31:39.144123+00:00
1598589323221368834,ukraine-de,True,True,False,False,False,False,False,False,False,False,2022-12-02 10:31:39.144011+00:00,2022-12-02 10:31:39.144011+00:00
1598589328481026048,ukraine-de,True,True,False,False,False,False,False,False,False,False,2022-12-02 10:31:39.143896+00:00,2022-12-02 10:31:39.143896+00:00
1598589339524599808,ukraine-de,True,True,False,False,False,False,False,False,False,False,2022-12-02 10:31:39.143797+00:00,2022-12-02 10:31:39.143797+00:00
1598589341231620097,ukraine-de,True,True,False,False,False,False,False,False,False,False,2022-12-02 10:31:39.143695+00:00,2022-12-02 10:31:39.143695+00:00
1598589354271821825,ukraine-de,True,True,False,False,False,False,False,False,False,False,2022-12-02 10:31:39.143592+00:00,2022-12-02 10:31:39.143592+00:00
1598589361230155777,ukraine-de,True,True,False,False,False,False,False,False,False,False,2022-12-02 10:31:39.143488+00:00,2022-12-02 10:31:39.143488+00:00
1598589380435873793,ukraine-de,True,True,False,False,False,False,False,False,False,False,2022-12-02 10:30:17.965256+00:00,2022-12-02 10:31:39.143369+00:00
1598589383665385473,ukraine-de,True,True,False,False,False,False,False,False,False,False,2022-12-02 10:30:17.965608+00:00,2022-12-02 10:31:39.143254+00:00
1598589388811915264,ukraine-de,True,False,False,False,False,False,False,False,False,False,2022-12-02 15:07:33.545196+00:00,2022-12-02 15:07:33.545196+00:00
1598589394558009344,ukraine-de,True,True,False,False,False,False,False,False,False,False,2022-12-02 10:31:39.143075+00:00,2022-12-02 10:31:39.143075+00:00
1598589421208702982,ukraine-de,True,False,False,False,False,False,False,False,False,False,2022-12-02 10:30:26.809038+00:00,2022-12-02 10:30:26.809038+00:00
1598589422215331842,ukraine-de,True,True,False,False,False,False,False,False,False,False,2022-12-02 10:31:39.142877+00:00,2022-12-02 10:31:39.142877+00:00
1598589443002302464,ukraine-de,True,True,False,False,False,False,False,False,False,False,2022-12-02 10:31:39.142696+00:00,2022-12-02 10:31:39.142696+00:00
1598589470814642177,ukraine-de,True,False,False,False,False,False,False,False,False,False,2022-12-02 10:31:06.513628+00:00,2022-12-02 10:31:06.513628+00:00
1598589477592698881,ukraine-de,True,True,False,False,False,False,False,False,False,False,2022-12-02 10:31:39.142581+00:00,2022-12-02 10:31:39.142581+00:00
1598589483506716672,ukraine-de,True,True,False,False,False,False,False,False,False,False,2022-12-02 10:31:39.142468+00:00,2022-12-02 10:31:39.142468+00:00
1598589498732023808,ukraine-de,True,True,False,False,False,False,False,False,False,False,2022-12-02 10:31:39.142327+00:00,2022-12-02 10:31:39.142327+00:00
1598589499650490369,ukraine-de,True,True,False,False,False,False,False,False,False,False,2022-12-02 10:31:39.142064+00:00,2022-12-02 10:31:39.142064+00:00
1598589512262770689,ukraine-de,True,True,False,False,False,False,False,False,False,False,2022-12-02 10:30:26.774207+00:00,2022-12-02 10:31:14.306127+00:00
1598589513672138753,ukraine-de,True,True,False,False,False,False,False,False,False,False,2022-12-02 10:31:14.306011+00:00,2022-12-02 10:31:14.306011+00:00
1598589514552934400,ukraine-de,True,False,False,False,False,False,False,False,False,False,2022-12-02 10:31:14.335666+00:00,2022-12-02 10:31:14.335666+00:00
1598589516616458243,ukraine-de,True,True,False,False,False,False,False,False,False,False,2022-12-02 10:31:14.305911+00:00,2022-12-02 10:31:14.305911+00:00
1598589531552419842,ukraine-de,True,False,False,False,False,False,False,False,False,False,2022-12-02 19:50:59.825451+00:00,2022-12-02 19:50:59.825451+00:00
1598589613274284032,ukraine-de,True,True,False,False,False,False,False,False,False,False,2022-12-02 10:31:14.305812+00:00,2022-12-02 10:31:14.305812+00:00
1598589672053153793,ukraine-de,True,True,False,False,False,False,False,False,False,False,2022-12-02 10:31:14.305711+00:00,2022-12-02 10:31:14.305711+00:00
1598589674733322245,ukraine-de,True,True,False,False,False,False,False,False,False,False,2022-12-02 10:31:14.305606+00:00,2022-12-02 10:31:14.305606+00:00
1598589695679610882,ukraine-de,True,True,False,False,False,False,False,False,False,False,2022-12-02 10:31:14.305470+00:00,2022-12-02 10:31:14.305470+00:00
1598589737039691776,ukraine-de,True,True,False,False,False,False,False,False,False,False,2022-12-02 10:31:14.305350+00:00,2022-12-02 10:31:14.305350+00:00
1598589757042343936,ukraine-de,True,True,False,False,False,False,False,False,False,False,2022-12-02 10:31:14.305249+00:00,2022-12-02 10:31:14.305249+00:00
1598589762738311168,ukraine-de,True,True,False,False,False,False,False,False,False,False,2022-12-02 10:31:14.305140+00:00,2022-12-02 10:31:14.305140+00:00
1598589769499529217,ukraine-de,True,True,False,False,False,False,False,False,False,False,2022-12-02 10:31:14.304873+00:00,2022-12-02 10:31:14.304873+00:00
1598589777779064833,ukraine-de,True,True,False,False,False,False,False,False,False,False,2022-12-02 10:31:14.304773+00:00,2022-12-02 10:31:14.304773+00:00
1598589787140595712,ukraine-de,True,True,False,False,False,False,False,False,False,False,2022-12-02 10:31:14.304671+00:00,2022-12-02 10:31:14.304671+00:00
1598589791603286016,ukraine-de,True,True,False,False,False,False,False,False,False,False,2022-12-02 10:31:14.304552+00:00,2022-12-02 10:31:14.304552+00:00
1598589813120172033,ukraine-de,True,True,False,False,False,False,False,False,False,False,2022-12-02 10:31:14.304446+00:00,2022-12-02 10:31:14.304446+00:00
1598589818669236224,ukraine-de,True,True,False,False,False,False,False,False,False,False,2022-12-02 10:31:14.304336+00:00,2022-12-02 10:31:14.304336+00:00
1598589820384686080,ukraine-de,True,True,False,False,False,False,False,False,False,False,2022-12-02 10:31:14.304111+00:00,2022-12-02 10:31:14.304111+00:00
1598589844242014209,ukraine-de,True,True,False,False,False,False,False,False,False,False,2022-12-02 10:31:14.303517+00:00,2022-12-02 10:31:14.303517+00:00
1598589876190027782,ukraine-de,True,True,False,False,False,False,False,False,False,False,2022-12-02 10:31:14.303413+00:00,2022-12-02 10:31:14.303413+00:00
1598589887913017344,ukraine-de,True,True,False,False,False,False,False,False,False,False,2022-12-02 10:31:14.303277+00:00,2022-12-02 10:31:14.303277+00:00
1598589904132472832,ukraine-de,True,True,False,False,False,False,False,False,False,False,2022-12-02 10:31:14.302934+00:00,2022-12-02 10:31:14.302934+00:00
1598589928203485187,ukraine-de,True,True,False,False,False,False,False,False,False,False,2022-12-02 10:31:14.302697+00:00,2022-12-02 10:31:14.302697+00:00
1598589943730896898,ukraine-de,True,True,False,False,False,False,False,False,False,False,2022-12-02 10:31:14.302520+00:00,2022-12-02 10:31:14.302520+00:00
1598589956016017410,ukraine-de,True,True,False,False,False,False,False,False,False,False,2022-12-02 10:31:14.302195+00:00,2022-12-02 10:31:14.302195+00:00
1598589980288458754,ukraine-de,True,True,False,False,False,False,False,False,False,False,2022-12-02 10:31:14.302033+00:00,2022-12-02 10:31:14.302033+00:00
1598589990220533760,ukraine-de,True,True,False,False,False,False,False,False,False,False,2022-12-02 10:31:14.301864+00:00,2022-12-02 10:31:14.301864+00:00
1598589995337523201,ukraine-de,True,True,False,False,False,False,False,False,False,False,2022-12-02 10:31:14.301765+00:00,2022-12-02 10:31:14.301765+00:00
1598590009086562311,ukraine-de,True,False,False,False,False,False,False,False,False,False,2022-12-02 10:31:14.331620+00:00,2022-12-02 10:31:14.331620+00:00
1598590016078303233,ukraine-de,True,True,False,False,False,False,False,False,False,False,2022-12-02 10:31:14.301666+00:00,2022-12-02 10:31:14.301666+00:00
1598590016925716480,ukraine-de,True,True,False,False,False,False,False,False,False,False,2022-12-02 10:31:14.301544+00:00,2022-12-02 10:31:14.301544+00:00
1598590039360884737,ukraine-de,True,True,False,False,False,False,False,False,False,False,2022-12-02 10:31:14.301443+00:00,2022-12-02 10:31:14.301443+00:00
1598590057325142016,ukraine-de,True,True,False,False,False,False,False,False,False,False,2022-12-02 10:31:14.301327+00:00,2022-12-02 10:31:14.301327+00:00
1598590063939489792,ukraine-de,True,True,False,False,False,False,False,False,False,False,2022-12-02 10:31:14.301229+00:00,2022-12-02 10:31:14.301229+00:00
1598590084944625664,ukraine-de,True,True,False,False,False,False,False,False,False,False,2022-12-02 10:31:14.301130+00:00,2022-12-02 10:31:14.301130+00:00
1598590110227800064,ukraine-de,True,True,False,False,False,False,False,False,False,False,2022-12-02 10:31:14.301031+00:00,2022-12-02 10:31:14.301031+00:00
1598590112140607489,ukraine-de,True,True,False,False,False,False,False,False,False,False,2022-12-02 10:31:14.300932+00:00,2022-12-02 10:31:14.300932+00:00
1598590118805340161,ukraine-de,True,True,False,False,False,False,False,False,False,False,2022-12-02 10:31:14.300831+00:00,2022-12-02 10:31:14.300831+00:00
1598590121091256321,ukraine-de,True,True,False,False,False,False,False,False,False,False,2022-12-02 10:31:14.300730+00:00,2022-12-02 10:31:14.300730+00:00
1598590128800370691,ukraine-de,True,True,False,False,False,False,False,False,False,False,2022-12-02 10:31:14.300610+00:00,2022-12-02 10:31:14.300610+00:00
1598590147070726144,ukraine-de,True,True,False,False,False,False,False,False,False,False,2022-12-02 10:31:14.300506+00:00,2022-12-02 10:31:14.300506+00:00
1598590151118266368,ukraine-de,True,True,False,False,False,False,False,False,False,False,2022-12-02 10:31:14.300387+00:00,2022-12-02 10:31:14.300387+00:00
1598590158349246464,ukraine-de,True,True,False,False,False,False,False,False,False,False,2022-12-02 10:31:14.300264+00:00,2022-12-02 10:31:14.300264+00:00
1598590175164219392,ukraine-de,True,True,False,False,False,False,False,False,False,False,2022-12-02 10:31:14.300098+00:00,2022-12-02 10:31:14.300098+00:00
1598590278633340928,ukraine-de,True,True,False,False,False,False,False,False,False,False,2022-12-02 10:31:14.299999+00:00,2022-12-02 10:31:14.299999+00:00
1598590318416371713,ukraine-de,True,True,False,False,False,False,False,False,False,False,2022-12-02 10:31:14.299899+00:00,2022-12-02 10:31:14.299899+00:00
1598590331351711746,ukraine-de,True,True,False,False,False,False,False,False,False,False,2022-12-02 10:31:14.299800+00:00,2022-12-02 10:31:14.299800+00:00
1598590373374435334,ukraine-de,True,True,False,False,False,False,False,False,False,False,2022-12-02 10:31:14.299702+00:00,2022-12-02 10:31:14.299702+00:00
1598590375610187776,ukraine-de,True,False,False,False,False,False,False,False,False,False,2022-12-03 04:25:14.040084+00:00,2022-12-03 04:25:14.040084+00:00
1598590387328778240,ukraine-de,True,True,False,False,False,False,False,False,False,False,2022-12-02 10:31:14.299604+00:00,2022-12-02 10:31:14.299604+00:00
1598590389442715651,ukraine-de,True,True,False,False,False,False,False,False,False,False,2022-12-02 10:31:14.299505+00:00,2022-12-02 10:31:14.299505+00:00
1598590401543213057,ukraine-de,True,False,False,False,False,False,False,False,False,False,2022-12-02 10:31:14.321246+00:00,2022-12-02 10:31:14.321246+00:00
1598590415883882496,ukraine-de,True,True,False,False,False,False,False,False,False,False,2022-12-02 10:31:14.299405+00:00,2022-12-02 10:31:14.299405+00:00
1598590443658235904,ukraine-de,True,True,False,False,False,False,False,False,False,False,2022-12-02 10:31:14.299304+00:00,2022-12-02 10:31:14.299304+00:00
1598590449538695168,ukraine-de,True,True,False,False,False,False,False,False,False,False,2022-12-02 10:31:14.299202+00:00,2022-12-02 10:31:14.299202+00:00
1598590479951544320,ukraine-de,True,True,False,False,False,False,False,False,False,False,2022-12-02 10:31:14.299084+00:00,2022-12-02 10:31:14.299084+00:00
1598590482870898688,ukraine-de,True,True,False,False,False,False,False,False,False,False,2022-12-02 10:31:14.298973+00:00,2022-12-02 10:31:14.298973+00:00
1598590484443648001,ukraine-de,True,False,False,False,False,False,False,False,False,False,2022-12-02 19:50:36.509303+00:00,2022-12-02 19:50:36.509303+00:00
1598590497475395585,ukraine-de,True,True,False,False,False,False,False,False,False,False,2022-12-02 10:31:14.298869+00:00,2022-12-02 10:31:14.298869+00:00
1598590521177513985,ukraine-de,True,False,False,False,False,False,False,False,False,False,2022-12-02 10:31:14.330981+00:00,2022-12-02 10:31:14.330981+00:00
1598590524604153856,ukraine-de,True,True,False,False,False,False,False,False,False,False,2022-12-02 10:31:14.298720+00:00,2022-12-02 10:31:14.298720+00:00
1598590586566705152,ukraine-de,True,True,False,False,False,False,False,False,False,False,2022-12-02 10:31:14.298603+00:00,2022-12-02 10:31:14.298603+00:00
1598590629092544513,ukraine-de,True,True,False,False,False,False,False,False,False,False,2022-12-02 10:31:14.298501+00:00,2022-12-02 10:31:14.298501+00:00
1598590667348918272,ukraine-de,True,False,False,False,False,False,False,False,False,False,2022-12-02 15:01:30.406213+00:00,2022-12-02 15:01:30.406213+00:00
1598590667688759303,ukraine-de,True,False,False,False,False,False,False,False,False,False,2022-12-02 10:31:14.315158+00:00,2022-12-02 10:31:14.315158+00:00
1598590673325887490,ukraine-de,True,True,False,False,False,False,False,False,False,False,2022-12-02 10:31:14.298397+00:00,2022-12-02 10:31:14.298397+00:00
1598590679378120704,ukraine-de,True,True,False,False,False,False,False,False,False,False,2022-12-02 10:31:14.298275+00:00,2022-12-02 10:31:14.298275+00:00
1598590694100082688,ukraine-de,True,True,False,False,False,False,False,False,False,False,2022-12-02 10:31:14.298151+00:00,2022-12-02 10:31:14.298151+00:00
1598590699749916672,ukraine-de,True,False,False,False,False,False,False,False,False,False,2022-12-02 15:01:05.653887+00:00,2022-12-02 15:01:05.653887+00:00
1598590722399244288,ukraine-de,True,False,False,False,False,False,False,False,False,False,2022-12-02 10:30:26.824290+00:00,2022-12-02 10:30:26.824290+00:00
1598590724123115522,ukraine-de,True,True,False,False,False,False,False,False,False,False,2022-12-02 10:31:14.297576+00:00,2022-12-02 10:31:14.297576+00:00
1598590730594881536,ukraine-de,True,True,False,False,False,False,False,False,False,False,2022-12-02 10:31:14.297479+00:00,2022-12-02 10:31:14.297479+00:00
1598590739230986240,ukraine-de,True,True,False,False,False,False,False,False,False,False,2022-12-02 10:31:14.297363+00:00,2022-12-02 10:31:14.297363+00:00
1598590763977220097,ukraine-de,True,True,False,False,False,False,False,False,False,False,2022-12-02 10:31:14.297268+00:00,2022-12-02 10:31:14.297268+00:00
1598590776585457666,ukraine-de,True,True,False,False,False,False,False,False,False,False,2022-12-02 10:31:14.297173+00:00,2022-12-02 10:31:14.297173+00:00
1598590777973669888,ukraine-de,True,True,False,False,False,False,False,False,False,False,2022-12-02 10:31:14.297076+00:00,2022-12-02 10:31:14.297076+00:00
1598590793685549056,ukraine-de,True,True,False,False,False,False,False,False,False,False,2022-12-02 10:31:14.296962+00:00,2022-12-02 10:31:14.296962+00:00
1598590800509689858,ukraine-de,True,True,False,False,False,False,False,False,False,False,2022-12-02 10:31:14.296837+00:00,2022-12-02 10:31:14.296837+00:00
1598590825914580994,ukraine-de,True,False,False,False,False,False,False,False,False,False,2022-12-02 19:51:08.495522+00:00,2022-12-02 19:51:08.495522+00:00
1598590852129062912,ukraine-de,True,True,False,False,False,False,False,False,False,False,2022-12-02 10:31:14.296728+00:00,2022-12-02 10:31:14.296728+00:00
1598590853106343936,ukraine-de,True,True,False,False,False,False,False,False,False,False,2022-12-02 10:31:14.296566+00:00,2022-12-02 10:31:14.296566+00:00
1598590879136112643,ukraine-de,True,True,False,False,False,False,False,False,False,False,2022-12-02 10:31:14.296465+00:00,2022-12-02 10:31:14.296465+00:00
1598590884035137537,ukraine-de,True,True,False,False,False,False,False,False,False,False,2022-12-02 10:31:14.296356+00:00,2022-12-02 10:31:14.296356+00:00
1598590884559278081,ukraine-de,True,True,False,False,False,False,False,False,False,False,2022-12-02 10:31:14.296126+00:00,2022-12-02 10:31:14.296126+00:00
1598590890645364736,ukraine-de,True,True,False,False,False,False,False,False,False,False,2022-12-02 10:31:14.296026+00:00,2022-12-02 10:31:14.296026+00:00
1598590899545464832,ukraine-de,True,True,False,False,False,False,False,False,False,False,2022-12-02 10:31:14.295927+00:00,2022-12-02 10:31:14.295927+00:00
1598590919170744320,ukraine-de,True,True,False,False,False,False,False,False,False,False,2022-12-02 10:31:14.295828+00:00,2022-12-02 10:31:14.295828+00:00
1598590928817598466,ukraine-de,True,True,False,False,False,False,False,False,False,False,2022-12-02 10:31:14.295726+00:00,2022-12-02 10:31:14.295726+00:00
1598590934320414720,ukraine-de,True,True,False,False,False,False,False,False,False,False,2022-12-02 10:31:14.295617+00:00,2022-12-02 10:31:14.295617+00:00
1598590971842797568,ukraine-de,True,False,False,False,False,False,False,False,False,False,2022-12-02 15:07:19.439733+00:00,2022-12-02 15:07:19.439733+00:00
1598590997105197057,ukraine-de,True,True,False,False,False,False,False,False,False,False,2022-12-02 10:31:14.295418+00:00,2022-12-02 10:31:14.295418+00:00
1598591010430484480,ukraine-de,True,True,False,False,False,False,False,False,False,False,2022-12-02 10:31:14.295318+00:00,2022-12-02 10:31:14.295318+00:00
1598591018378592257,ukraine-de,True,True,False,False,False,False,False,False,False,False,2022-12-02 10:31:14.295216+00:00,2022-12-02 10:31:14.295216+00:00
1598591019913969665,ukraine-de,True,True,False,False,False,False,False,False,False,False,2022-12-02 10:31:14.295092+00:00,2022-12-02 10:31:14.295092+00:00
1598591032546951170,ukraine-de,True,True,False,False,False,False,False,False,False,False,2022-12-02 10:31:14.294992+00:00,2022-12-02 10:31:14.294992+00:00
1598591035399020547,ukraine-de,True,True,False,False,False,False,False,False,False,False,2022-12-02 10:31:14.294891+00:00,2022-12-02 10:31:14.294891+00:00
1598591039975133186,ukraine-de,True,True,False,False,False,False,False,False,False,False,2022-12-02 10:31:14.294788+00:00,2022-12-02 10:31:14.294788+00:00
1598591053275303938,ukraine-de,True,True,False,False,False,False,False,False,False,False,2022-12-02 10:31:14.294678+00:00,2022-12-02 10:31:14.294678+00:00
1598591056022585344,ukraine-de,True,True,False,False,False,False,False,False,False,False,2022-12-02 10:31:14.294564+00:00,2022-12-02 10:31:14.294564+00:00
1598591071721852928,ukraine-de,True,True,False,False,False,False,False,False,False,False,2022-12-02 10:31:14.294447+00:00,2022-12-02 10:31:14.294447+00:00
1598591077753278464,ukraine-de,True,True,False,False,False,False,False,False,False,False,2022-12-02 10:31:14.294344+00:00,2022-12-02 10:31:14.294344+00:00
1598591078323703808,ukraine-de,True,True,False,False,False,False,False,False,False,False,2022-12-02 10:31:14.294226+00:00,2022-12-02 10:31:14.294226+00:00
1598591083562278912,ukraine-de,True,True,False,False,False,False,False,False,False,False,2022-12-02 10:31:14.294101+00:00,2022-12-02 10:31:14.294101+00:00
1598591093787926528,ukraine-de,True,True,False,False,False,False,False,False,False,False,2022-12-02 10:31:14.294000+00:00,2022-12-02 10:31:14.294000+00:00
1598591103917244417,ukraine-de,True,True,False,False,False,False,False,False,False,False,2022-12-02 10:31:14.293898+00:00,2022-12-02 10:31:14.293898+00:00
1598591121092853762,ukraine-de,True,True,False,False,False,False,False,False,False,False,2022-12-02 10:31:14.293660+00:00,2022-12-02 10:31:14.293660+00:00
1598591124435718144,ukraine-de,True,True,False,False,False,False,False,False,False,False,2022-12-02 10:31:14.293541+00:00,2022-12-02 10:31:14.293541+00:00
1598591126583271432,ukraine-de,True,True,False,False,False,False,False,False,False,False,2022-12-02 10:31:14.293445+00:00,2022-12-02 10:31:14.293445+00:00
1598591132065091585,ukraine-de,True,True,False,False,False,False,False,False,False,False,2022-12-02 10:31:14.293348+00:00,2022-12-02 10:31:14.293348+00:00
1598591136171540480,ukraine-de,True,True,False,False,False,False,False,False,False,False,2022-12-02 10:31:14.293252+00:00,2022-12-02 10:31:14.293252+00:00
1598591162520141825,ukraine-de,True,True,False,False,False,False,False,False,False,False,2022-12-02 10:31:14.293152+00:00,2022-12-02 10:31:14.293152+00:00
1598591179607744512,ukraine-de,True,True,False,False,False,False,False,False,False,False,2022-12-02 10:31:14.293046+00:00,2022-12-02 10:31:14.293046+00:00
1598591187832561665,ukraine-de,True,True,False,False,False,False,False,False,False,False,2022-12-02 10:31:14.292804+00:00,2022-12-02 10:31:14.292804+00:00
1598591188310933505,ukraine-de,True,False,False,False,False,False,False,False,False,False,2022-12-02 10:31:14.329522+00:00,2022-12-02 10:31:14.329522+00:00
1598591213677969409,ukraine-de,True,True,False,False,False,False,False,False,False,False,2022-12-02 10:31:14.292582+00:00,2022-12-02 10:31:14.292582+00:00
1598591219139051520,ukraine-de,True,True,False,False,False,False,False,False,False,False,2022-12-02 10:31:14.292386+00:00,2022-12-02 10:31:14.292386+00:00
1598591241670823936,ukraine-de,True,True,False,False,False,False,False,False,False,False,2022-12-02 10:31:14.292218+00:00,2022-12-02 10:31:14.292218+00:00
1598591248570454018,ukraine-de,True,True,False,False,False,False,False,False,False,False,2022-12-02 10:31:14.292059+00:00,2022-12-02 10:31:14.292059+00:00
1598591308674777088,ukraine-de,True,True,False,False,False,False,False,False,False,False,2022-12-02 10:31:14.291810+00:00,2022-12-02 10:31:14.291810+00:00
1598591317205983232,ukraine-de,True,True,False,False,False,False,False,False,False,False,2022-12-02 10:31:14.291709+00:00,2022-12-02 10:31:14.291709+00:00
1598591319005229056,ukraine-de,True,True,False,False,False,False,False,False,False,False,2022-12-02 10:31:14.291604+00:00,2022-12-02 10:31:14.291604+00:00
1598591323195555840,ukraine-de,True,True,False,False,False,False,False,False,False,False,2022-12-02 10:31:14.291409+00:00,2022-12-02 10:31:14.291409+00:00
1598591330791395328,ukraine-de,True,True,False,False,False,False,False,False,False,False,2022-12-02 10:31:14.291300+00:00,2022-12-02 10:31:14.291300+00:00
1598591333848973312,ukraine-de,True,True,False,False,False,False,False,False,False,False,2022-12-02 10:31:14.291199+00:00,2022-12-02 10:31:14.291199+00:00
1598591344238362625,ukraine-de,True,True,False,False,False,False,False,False,False,False,2022-12-02 10:31:14.291098+00:00,2022-12-02 10:31:14.291098+00:00
1598591358712905728,ukraine-de,True,False,False,False,False,False,False,False,False,False,2022-12-02 10:30:17.973182+00:00,2022-12-02 10:30:17.973182+00:00
1598591411498229760,ukraine-de,True,False,False,False,False,False,False,False,False,False,2022-12-02 10:31:14.327558+00:00,2022-12-02 10:31:14.327558+00:00
1598591444016586753,ukraine-de,True,True,False,False,False,False,False,False,False,False,2022-12-02 10:31:14.290980+00:00,2022-12-02 10:31:14.290980+00:00
1598591448198397954,ukraine-de,True,True,False,False,False,False,False,False,False,False,2022-12-02 10:31:14.290879+00:00,2022-12-02 10:31:14.290879+00:00
1598591454070415361,ukraine-de,True,True,False,False,False,False,False,False,False,False,2022-12-02 10:31:14.290771+00:00,2022-12-02 10:31:14.290771+00:00
1598591499955994628,ukraine-de,True,True,False,False,False,False,False,False,False,False,2022-12-02 10:31:14.290668+00:00,2022-12-02 10:31:14.290668+00:00
1598591513679667200,ukraine-de,True,True,False,False,False,False,False,False,False,False,2022-12-02 10:31:14.290539+00:00,2022-12-02 10:31:14.290539+00:00
1598591514438934529,ukraine-de,True,True,False,False,False,False,False,False,False,False,2022-12-02 10:31:14.290433+00:00,2022-12-02 10:31:14.290433+00:00
1598591526459699200,ukraine-de,True,True,False,False,False,False,False,False,False,False,2022-12-02 10:31:14.290291+00:00,2022-12-02 10:31:14.290291+00:00
1598591528846479360,ukraine-de,True,True,False,False,False,False,False,False,False,False,2022-12-02 10:31:14.290163+00:00,2022-12-02 10:31:14.290163+00:00
1598591546986840064,ukraine-de,True,True,False,False,False,False,False,False,False,False,2022-12-02 10:31:14.290050+00:00,2022-12-02 10:31:14.290050+00:00
1598591548584710145,ukraine-de,True,True,False,False,False,False,False,False,False,False,2022-12-02 10:31:14.289951+00:00,2022-12-02 10:31:14.289951+00:00
1598591566611980289,ukraine-de,True,True,False,False,False,False,False,False,False,False,2022-12-02 10:31:14.289838+00:00,2022-12-02 10:31:14.289838+00:00
1598591579916275713,ukraine-de,True,False,False,False,False,False,False,False,False,False,2022-12-02 15:05:53.773880+00:00,2022-12-02 15:05:53.773880+00:00
1598591582030073858,ukraine-de,True,True,False,False,False,False,False,False,False,False,2022-12-02 10:31:14.289724+00:00,2022-12-02 10:31:14.289724+00:00
1598591594068049920,ukraine-de,True,True,False,False,False,False,False,False,False,False,2022-12-02 10:31:14.289621+00:00,2022-12-02 10:31:14.289621+00:00
1598591649340334081,ukraine-de,True,True,False,False,False,False,False,False,False,False,2022-12-02 10:30:26.770460+00:00,2022-12-02 10:31:14.289501+00:00
1598591652028944384,ukraine-de,True,True,False,False,False,False,False,False,False,False,2022-12-02 10:31:14.289371+00:00,2022-12-02 10:31:14.289371+00:00
1598591702473887751,ukraine-de,True,True,False,False,False,False,False,False,False,False,2022-12-02 10:31:14.289266+00:00,2022-12-02 10:31:14.289266+00:00
1598591706848325632,ukraine-de,True,False,False,False,False,False,False,False,False,False,2022-12-02 10:31:14.327854+00:00,2022-12-02 10:31:14.327854+00:00
1598591706982535169,ukraine-de,True,True,False,False,False,False,False,False,False,False,2022-12-02 10:31:14.289139+00:00,2022-12-02 10:31:14.289139+00:00
1598591714297610242,ukraine-de,True,True,False,False,False,False,False,False,False,False,2022-12-02 10:31:14.289040+00:00,2022-12-02 10:31:14.289040+00:00
1598591718554746881,ukraine-de,True,True,False,False,False,False,False,False,False,False,2022-12-02 10:31:14.288939+00:00,2022-12-02 10:31:14.288939+00:00
1598591727077556224,ukraine-de,True,True,False,False,False,False,False,False,False,False,2022-12-02 10:31:14.288838+00:00,2022-12-02 10:31:14.288838+00:00
1598591753900249090,ukraine-de,True,True,False,False,False,False,False,False,False,False,2022-12-02 10:31:14.288737+00:00,2022-12-02 10:31:14.288737+00:00
1598591763945590784,ukraine-de,True,True,False,False,False,False,False,False,False,False,2022-12-02 10:31:14.288636+00:00,2022-12-02 10:31:14.288636+00:00
1598591767561097216,ukraine-de,True,False,False,False,False,False,False,False,False,False,2022-12-02 10:31:14.320264+00:00,2022-12-02 10:31:14.320264+00:00
1598591772523130881,ukraine-de,True,True,False,False,False,False,False,False,False,False,2022-12-02 10:31:14.288511+00:00,2022-12-02 10:31:14.288511+00:00
1598591781293232129,ukraine-de,True,True,False,False,False,False,False,False,False,False,2022-12-02 10:31:14.288400+00:00,2022-12-02 10:31:14.288400+00:00
1598591794089861121,ukraine-de,True,True,False,False,False,False,False,False,False,False,2022-12-02 10:31:14.288129+00:00,2022-12-02 10:31:14.288129+00:00
1598591800951783424,ukraine-de,True,True,False,False,False,False,False,False,False,False,2022-12-02 10:31:14.288013+00:00,2022-12-02 10:31:14.288013+00:00
1598591811039252480,ukraine-de,True,True,False,False,False,False,False,False,False,False,2022-12-02 10:31:14.287911+00:00,2022-12-02 10:31:14.287911+00:00
1598591854978768896,ukraine-de,True,True,False,False,False,False,False,False,False,False,2022-12-02 10:31:14.287792+00:00,2022-12-02 10:31:14.287792+00:00
1598591858392825856,ukraine-de,True,True,False,False,False,False,False,False,False,False,2022-12-02 10:31:14.287679+00:00,2022-12-02 10:31:14.287679+00:00
1598591860611481600,ukraine-de,True,True,False,False,False,False,False,False,False,False,2022-12-02 10:31:14.287579+00:00,2022-12-02 10:31:14.287579+00:00
1598591903980625920,ukraine-de,True,True,False,False,False,False,False,False,False,False,2022-12-02 10:31:14.287478+00:00,2022-12-02 10:31:14.287478+00:00
1598591943009013760,ukraine-de,True,True,False,False,False,False,False,False,False,False,2022-12-02 10:31:14.287374+00:00,2022-12-02 10:31:14.287374+00:00
1598591971815309312,ukraine-de,True,True,False,False,False,False,False,False,False,False,2022-12-02 10:31:14.287231+00:00,2022-12-02 10:31:14.287231+00:00
1598591971995619329,ukraine-de,True,True,False,False,False,False,False,False,False,False,2022-12-02 10:31:14.287029+00:00,2022-12-02 10:31:14.287029+00:00
1598591987376177152,ukraine-de,True,True,False,False,False,False,False,False,False,False,2022-12-02 10:31:14.286925+00:00,2022-12-02 10:31:14.286925+00:00
1598592014530093057,ukraine-de,True,True,False,False,False,False,False,False,False,False,2022-12-02 10:31:14.286803+00:00,2022-12-02 10:31:14.286803+00:00
1598592038169100289,ukraine-de,True,True,False,False,False,False,False,False,False,False,2022-12-02 10:31:14.286697+00:00,2022-12-02 10:31:14.286697+00:00
1598592048717864960,ukraine-de,True,True,False,False,False,False,False,False,False,False,2022-12-02 10:31:14.286525+00:00,2022-12-02 10:31:14.286525+00:00
1598592050907123712,ukraine-de,True,True,False,False,False,False,False,False,False,False,2022-12-02 10:31:14.286344+00:00,2022-12-02 10:31:14.286344+00:00
1598592058960257024,ukraine-de,True,True,False,False,False,False,False,False,False,False,2022-12-02 10:30:17.988726+00:00,2022-12-02 10:31:14.286240+00:00
1598592059111243777,ukraine-de,True,True,False,False,False,False,False,False,False,False,2022-12-02 10:30:17.971647+00:00,2022-12-02 10:31:14.286110+00:00
1598592067231514625,ukraine-de,True,True,False,False,False,False,False,False,False,False,2022-12-02 10:31:14.285938+00:00,2022-12-02 10:31:14.285938+00:00
1598592078618951680,ukraine-de,True,True,False,False,False,False,False,False,False,False,2022-12-02 10:31:14.285835+00:00,2022-12-02 10:31:14.285835+00:00
1598592084730155010,ukraine-de,True,True,False,False,False,False,False,False,False,False,2022-12-02 10:31:14.285719+00:00,2022-12-02 10:31:14.285719+00:00
1598592090430136320,ukraine-de,True,False,False,False,False,False,False,False,False,False,2022-12-02 10:31:14.324434+00:00,2022-12-02 10:31:14.324434+00:00
1598592092611092480,ukraine-de,True,True,False,False,False,False,False,False,False,False,2022-12-02 10:31:14.285564+00:00,2022-12-02 10:31:14.285564+00:00
1598592094309945382,ukraine-de,True,True,False,False,False,False,False,False,False,False,2022-12-02 10:31:14.285465+00:00,2022-12-02 10:31:14.285465+00:00
1598592144012369922,ukraine-de,True,True,False,False,False,False,False,False,False,False,2022-12-02 10:31:14.285365+00:00,2022-12-02 10:31:14.285365+00:00
1598592145023242243,ukraine-de,True,True,False,False,False,False,False,False,False,False,2022-12-02 10:31:14.285263+00:00,2022-12-02 10:31:14.285263+00:00
1598592178372190209,ukraine-de,True,True,False,False,False,False,False,False,False,False,2022-12-02 10:31:14.285160+00:00,2022-12-02 10:31:14.285160+00:00
1598592238157811714,ukraine-de,True,True,False,False,False,False,False,False,False,False,2022-12-02 10:31:14.285054+00:00,2022-12-02 10:31:14.285054+00:00
1598592239638306816,ukraine-de,True,False,False,False,False,False,False,False,False,False,2022-12-02 10:31:14.322152+00:00,2022-12-02 10:31:14.322152+00:00
1598592253718630401,ukraine-de,True,False,False,False,False,False,False,False,False,False,2022-12-02 10:30:17.966665+00:00,2022-12-02 10:30:17.966665+00:00
1598592277131120641,ukraine-de,True,True,False,False,False,False,False,False,False,False,2022-12-02 10:31:14.284908+00:00,2022-12-02 10:31:14.284908+00:00
1598592300401270786,ukraine-de,True,False,False,False,False,False,False,False,False,False,2022-12-02 10:30:26.810341+00:00,2022-12-02 10:30:26.810341+00:00
1598592310681419777,ukraine-de,True,True,False,False,False,False,False,False,False,False,2022-12-02 10:31:06.515224+00:00,2022-12-02 10:31:14.284516+00:00
1598592311922855936,ukraine-de,True,True,False,False,False,False,False,False,False,False,2022-12-02 10:31:14.284397+00:00,2022-12-02 10:31:14.284397+00:00
1598592315550859264,ukraine-de,True,True,False,False,False,False,False,False,False,False,2022-12-02 10:31:14.284283+00:00,2022-12-02 10:31:14.284283+00:00
1598592317342027777,ukraine-de,True,True,False,False,False,False,False,False,False,False,2022-12-02 10:31:14.284090+00:00,2022-12-02 10:31:14.284090+00:00
1598592324166107138,ukraine-de,True,False,False,False,False,False,False,False,False,False,2022-12-02 10:31:14.322830+00:00,2022-12-02 10:31:14.322830+00:00
1598592339739521025,ukraine-de,True,True,False,False,False,False,False,False,False,False,2022-12-02 10:31:14.283665+00:00,2022-12-02 10:31:14.283665+00:00
1598592367384215552,ukraine-de,True,True,False,False,False,False,False,False,False,False,2022-12-02 10:31:14.283540+00:00,2022-12-02 10:31:14.283540+00:00
1598592385147174912,ukraine-de,True,True,False,False,False,False,False,False,False,False,2022-12-02 10:31:14.283437+00:00,2022-12-02 10:31:14.283437+00:00
1598592426146377728,ukraine-de,True,True,False,False,False,False,False,False,False,False,2022-12-02 10:31:14.283330+00:00,2022-12-02 10:31:14.283330+00:00
1598592450888622081,ukraine-de,True,False,False,False,False,False,False,False,False,False,2022-12-02 10:31:14.306798+00:00,2022-12-02 10:31:14.306798+00:00
1598592492160663552,ukraine-de,True,True,False,False,False,False,False,False,False,False,2022-12-02 10:31:14.283218+00:00,2022-12-02 10:31:14.283218+00:00
1598592498665984001,ukraine-de,True,True,False,False,False,False,False,False,False,False,2022-12-02 10:31:14.283074+00:00,2022-12-02 10:31:14.283074+00:00
1598592500175773698,ukraine-de,True,True,False,False,False,False,False,False,False,False,2022-12-02 10:31:14.282575+00:00,2022-12-02 10:31:14.282575+00:00
1598592509504020482,ukraine-de,True,True,False,False,False,False,False,False,False,False,2022-12-02 10:31:14.281396+00:00,2022-12-02 10:31:14.281396+00:00
1598592519104765955,ukraine-de,True,True,False,False,False,False,False,False,False,False,2022-12-02 10:31:14.281268+00:00,2022-12-02 10:31:14.281268+00:00
1598592535365963776,ukraine-de,True,False,False,False,False,False,False,False,False,False,2022-12-02 19:51:08.491131+00:00,2022-12-02 19:51:08.491131+00:00
1598592544643891204,ukraine-de,True,True,False,False,False,False,False,False,False,False,2022-12-02 10:31:14.281145+00:00,2022-12-02 10:31:14.281145+00:00
1598592559542050817,ukraine-de,True,True,False,False,False,False,False,False,False,False,2022-12-02 10:31:14.281016+00:00,2022-12-02 10:31:14.281016+00:00
1598592606937677826,ukraine-de,True,False,False,False,False,False,False,False,False,False,2022-12-02 10:31:14.324968+00:00,2022-12-02 10:31:14.324968+00:00
1598592640370499585,ukraine-de,True,True,False,False,False,False,False,False,False,False,2022-12-02 10:31:14.280916+00:00,2022-12-02 10:31:14.280916+00:00
1598592641020710912,ukraine-de,True,True,False,False,False,False,False,False,False,False,2022-12-02 10:31:14.280814+00:00,2022-12-02 10:31:14.280814+00:00
1598592656480911360,ukraine-de,True,True,False,False,False,False,False,False,False,False,2022-12-02 10:31:14.280701+00:00,2022-12-02 10:31:14.280701+00:00
1598592656606515200,ukraine-de,True,True,False,False,False,False,False,False,False,False,2022-12-02 10:31:14.280599+00:00,2022-12-02 10:31:14.280599+00:00
1598592657525129217,ukraine-de,True,True,False,False,False,False,False,False,False,False,2022-12-02 10:31:14.280496+00:00,2022-12-02 10:31:14.280496+00:00
1598592660582834179,ukraine-de,True,False,False,False,False,False,False,False,False,False,2022-12-02 10:31:14.325267+00:00,2022-12-02 10:31:14.325267+00:00
1598592696951898113,ukraine-de,True,True,False,False,False,False,False,False,False,False,2022-12-02 10:31:14.280394+00:00,2022-12-02 10:31:14.280394+00:00
1598592706657521664,ukraine-de,True,True,False,False,False,False,False,False,False,False,2022-12-02 10:31:14.280281+00:00,2022-12-02 10:31:14.280281+00:00
1598592710067134464,ukraine-de,True,True,False,False,False,False,False,False,False,False,2022-12-02 10:31:14.280160+00:00,2022-12-02 10:31:14.280160+00:00
1598592714089828352,ukraine-de,True,True,False,False,False,False,False,False,False,False,2022-12-02 10:31:14.280060+00:00,2022-12-02 10:31:14.280060+00:00
1598592721349853184,ukraine-de,True,True,False,False,False,False,False,False,False,False,2022-12-02 10:31:14.279947+00:00,2022-12-02 10:31:14.279947+00:00
1598592722167771137,ukraine-de,True,True,False,False,False,False,False,False,False,False,2022-12-02 10:31:14.279826+00:00,2022-12-02 10:31:14.279826+00:00
1598592723275190272,ukraine-de,True,True,False,False,False,False,False,False,False,False,2022-12-02 10:31:14.279721+00:00,2022-12-02 10:31:14.279721+00:00
1598592753595719681,ukraine-de,True,True,False,False,False,False,False,False,False,False,2022-12-02 10:31:14.279610+00:00,2022-12-02 10:31:14.279610+00:00
1598592762030555137,ukraine-de,True,False,False,False,False,False,False,False,False,False,2022-12-02 15:04:30.432592+00:00,2022-12-02 15:04:30.432592+00:00
1598592788911620096,ukraine-de,True,False,False,False,False,False,False,False,False,False,2022-12-02 10:31:14.324758+00:00,2022-12-02 10:31:14.324758+00:00
1598592827121754113,ukraine-de,True,True,False,False,False,False,False,False,False,False,2022-12-02 10:31:14.279493+00:00,2022-12-02 10:31:14.279493+00:00
1598592827574845443,ukraine-de,True,True,False,False,False,False,False,False,False,False,2022-12-02 10:31:14.278705+00:00,2022-12-02 10:31:14.278705+00:00
1598592828698988546,ukraine-de,True,True,False,False,False,False,False,False,False,False,2022-12-02 10:31:14.278562+00:00,2022-12-02 10:31:14.278562+00:00
1598592846013120512,ukraine-de,True,True,False,False,False,False,False,False,False,False,2022-12-02 10:31:14.278419+00:00,2022-12-02 10:31:14.278419+00:00
1598592851054628870,ukraine-de,True,True,False,False,False,False,False,False,False,False,2022-12-02 10:30:26.780912+00:00,2022-12-02 10:31:14.278309+00:00
1598592860265357312,ukraine-de,True,True,False,False,False,False,False,False,False,False,2022-12-02 10:31:14.278161+00:00,2022-12-02 10:31:14.278161+00:00
1598592912249561089,ukraine-de,True,True,False,False,False,False,False,False,False,False,2022-12-02 10:31:14.277569+00:00,2022-12-02 10:31:14.277569+00:00
1598592916754243584,ukraine-de,True,True,False,False,False,False,False,False,False,False,2022-12-02 10:31:14.276401+00:00,2022-12-02 10:31:14.276401+00:00
1598592919539163136,ukraine-de,True,True,False,False,False,False,False,False,False,False,2022-12-02 10:31:14.276278+00:00,2022-12-02 10:31:14.276278+00:00
1598592942322503680,ukraine-de,True,False,False,False,False,False,False,False,False,False,2022-12-03 01:30:18.820112+00:00,2022-12-03 01:30:18.820112+00:00
1598592949876572160,ukraine-de,True,True,False,False,False,False,False,False,False,False,2022-12-02 10:31:14.276175+00:00,2022-12-02 10:31:14.276175+00:00
1598592953651437568,ukraine-de,True,True,False,False,False,False,False,False,False,False,2022-12-02 10:31:14.276070+00:00,2022-12-02 10:31:14.276070+00:00
1598592985842728962,ukraine-de,True,True,False,False,False,False,False,False,False,False,2022-12-02 10:31:14.275969+00:00,2022-12-02 10:31:14.275969+00:00
1598592997297373185,ukraine-de,True,True,False,False,False,False,False,False,False,False,2022-12-02 10:31:14.275865+00:00,2022-12-02 10:31:14.275865+00:00
1598593013340577795,ukraine-de,True,True,False,False,False,False,False,False,False,False,2022-12-02 10:31:14.275759+00:00,2022-12-02 10:31:14.275759+00:00
1598593029614448641,ukraine-de,True,True,False,False,False,False,False,False,False,False,2022-12-02 10:31:14.275642+00:00,2022-12-02 10:31:14.275642+00:00
1598593050816970760,ukraine-de,True,True,False,False,False,False,False,False,False,False,2022-12-02 10:31:14.275309+00:00,2022-12-02 10:31:14.275309+00:00
1598593060761665536,ukraine-de,True,True,False,False,False,False,False,False,False,False,2022-12-02 10:31:14.275103+00:00,2022-12-02 10:31:14.275103+00:00
1598593075265298432,ukraine-de,True,True,False,False,False,False,False,False,False,False,2022-12-02 10:31:14.274257+00:00,2022-12-02 10:31:14.274257+00:00
1598593085260419072,ukraine-de,True,True,False,False,False,False,False,False,False,False,2022-12-02 10:31:14.274150+00:00,2022-12-02 10:31:14.274150+00:00
1598593121771814912,ukraine-de,True,True,False,False,False,False,False,False,False,False,2022-12-02 10:31:14.274019+00:00,2022-12-02 10:31:14.274019+00:00
1598593148397047809,ukraine-de,True,True,False,False,False,False,False,False,False,False,2022-12-02 10:31:14.273904+00:00,2022-12-02 10:31:14.273904+00:00
1598593178805817345,ukraine-de,True,True,False,False,False,False,False,False,False,False,2022-12-02 10:31:14.272846+00:00,2022-12-02 10:31:14.272846+00:00
1598593195171926017,ukraine-de,True,False,False,False,False,False,False,False,False,False,2022-12-02 15:05:53.764648+00:00,2022-12-02 15:05:53.764648+00:00
1598593198884098054,ukraine-de,True,True,False,False,False,False,False,False,False,False,2022-12-02 10:31:14.272744+00:00,2022-12-02 10:31:14.272744+00:00
1598593201379676160,ukraine-de,True,True,False,False,False,False,False,False,False,False,2022-12-02 10:31:14.272641+00:00,2022-12-02 10:31:14.272641+00:00
1598593211299254273,ukraine-de,True,True,False,False,False,False,False,False,False,False,2022-12-02 10:31:14.272534+00:00,2022-12-02 10:31:14.272534+00:00
1598593221084356610,ukraine-de,True,True,False,False,False,False,False,False,False,False,2022-12-02 10:31:14.272391+00:00,2022-12-02 10:31:14.272391+00:00
1598593238625124352,ukraine-de,True,True,False,False,False,False,False,False,False,False,2022-12-02 10:31:14.272171+00:00,2022-12-02 10:31:14.272171+00:00
1598593256060846081,ukraine-de,True,True,False,False,False,False,False,False,False,False,2022-12-02 10:31:14.271987+00:00,2022-12-02 10:31:14.271987+00:00
1598593273664184320,ukraine-de,True,True,False,False,False,False,False,False,False,False,2022-12-02 10:31:14.267900+00:00,2022-12-02 10:31:14.267900+00:00
1598593361359048704,ukraine-de,True,True,False,False,False,False,False,False,False,False,2022-12-02 10:31:14.267802+00:00,2022-12-02 10:31:14.267802+00:00
1598593369961336833,ukraine-de,True,True,False,False,False,False,False,False,False,False,2022-12-02 10:31:14.267705+00:00,2022-12-02 10:31:14.267705+00:00
1598593375539589120,ukraine-de,True,True,False,False,False,False,False,False,False,False,2022-12-02 10:31:14.267605+00:00,2022-12-02 10:31:14.267605+00:00
1598593382229606400,ukraine-de,True,True,False,False,False,False,False,False,False,False,2022-12-02 10:31:14.267506+00:00,2022-12-02 10:31:14.267506+00:00
1598593422062800896,ukraine-de,True,True,False,False,False,False,False,False,False,False,2022-12-02 10:31:14.267406+00:00,2022-12-02 10:31:14.267406+00:00
1598593430803910656,ukraine-de,True,True,False,False,False,False,False,False,False,False,2022-12-02 10:31:14.267305+00:00,2022-12-02 10:31:14.267305+00:00
1598593432867328001,ukraine-de,True,True,False,False,False,False,False,False,False,False,2022-12-02 10:31:14.267207+00:00,2022-12-02 10:31:14.267207+00:00
1598593433454665728,ukraine-de,True,True,False,False,False,False,False,False,False,False,2022-12-02 10:31:14.267092+00:00,2022-12-02 10:31:14.267092+00:00
1598593441734139904,ukraine-de,True,True,False,False,False,False,False,False,False,False,2022-12-02 10:31:14.266988+00:00,2022-12-02 10:31:14.266988+00:00
1598593445395943424,ukraine-de,True,False,False,False,False,False,False,False,False,False,2022-12-02 15:07:19.451018+00:00,2022-12-02 15:07:19.451018+00:00
1598593494716715008,ukraine-de,True,True,False,False,False,False,False,False,False,False,2022-12-02 10:31:14.266866+00:00,2022-12-02 10:31:14.266866+00:00
1598593525188333568,ukraine-de,True,True,False,False,False,False,False,False,False,False,2022-12-02 10:31:14.266762+00:00,2022-12-02 10:31:14.266762+00:00
1598593529193943040,ukraine-de,True,True,False,False,False,False,False,False,False,False,2022-12-02 10:30:17.973890+00:00,2022-12-02 10:31:14.266643+00:00
1598593532385689602,ukraine-de,True,True,False,False,False,False,False,False,False,False,2022-12-02 10:31:14.266529+00:00,2022-12-02 10:31:14.266529+00:00
1598593543836209153,ukraine-de,True,True,False,False,False,False,False,False,False,False,2022-12-02 10:31:14.266360+00:00,2022-12-02 10:31:14.266360+00:00
1598593555802505216,ukraine-de,True,True,False,False,False,False,False,False,False,False,2022-12-02 10:31:14.266244+00:00,2022-12-02 10:31:14.266244+00:00
1598593564346392577,ukraine-de,True,True,False,False,False,False,False,False,False,False,2022-12-02 10:31:14.266126+00:00,2022-12-02 10:31:14.266126+00:00
1598593578107899905,ukraine-de,True,True,False,False,False,False,False,False,False,False,2022-12-02 10:31:14.266010+00:00,2022-12-02 10:31:14.266010+00:00
1598593586441986048,ukraine-de,True,True,False,False,False,False,False,False,False,False,2022-12-02 10:31:14.265879+00:00,2022-12-02 10:31:14.265879+00:00
1598593598894768128,ukraine-de,True,True,False,False,False,False,False,False,False,False,2022-12-02 10:31:14.265776+00:00,2022-12-02 10:31:14.265776+00:00
1598593615864946689,ukraine-de,True,True,False,False,False,False,False,False,False,False,2022-12-02 10:31:14.265604+00:00,2022-12-02 10:31:14.265604+00:00
1598593661947682816,ukraine-de,True,True,False,False,False,False,False,False,False,False,2022-12-02 10:31:14.265466+00:00,2022-12-02 10:31:14.265466+00:00
1598593674295877636,ukraine-de,True,False,False,False,False,False,False,False,False,False,2022-12-02 10:31:14.309001+00:00,2022-12-02 10:31:14.309001+00:00
1598593688342609921,ukraine-de,True,True,False,False,False,False,False,False,False,False,2022-12-02 10:31:14.265360+00:00,2022-12-02 10:31:14.265360+00:00
1598593692075708416,ukraine-de,True,True,False,False,False,False,False,False,False,False,2022-12-02 10:30:26.777496+00:00,2022-12-02 10:31:14.265136+00:00
1598593703647526912,ukraine-de,True,True,False,False,False,False,False,False,False,False,2022-12-02 10:31:14.264951+00:00,2022-12-02 10:31:14.264951+00:00
1598593814322610176,ukraine-de,True,False,False,False,False,False,False,False,False,False,2022-12-02 10:30:26.809351+00:00,2022-12-02 10:30:26.809351+00:00
1598593816142938112,ukraine-de,True,True,False,False,False,False,False,False,False,False,2022-12-02 10:31:14.264751+00:00,2022-12-02 10:31:14.264751+00:00
1598593818139451392,ukraine-de,True,True,False,False,False,False,False,False,False,False,2022-12-02 10:31:14.264505+00:00,2022-12-02 10:31:14.264505+00:00
1598593860900470785,ukraine-de,True,True,False,False,False,False,False,False,False,False,2022-12-02 10:31:14.264403+00:00,2022-12-02 10:31:14.264403+00:00
1598593863437979649,ukraine-de,True,True,False,False,False,False,False,False,False,False,2022-12-02 10:31:14.264287+00:00,2022-12-02 10:31:14.264287+00:00
1598593897554448386,ukraine-de,True,True,False,False,False,False,False,False,False,False,2022-12-02 10:31:14.264179+00:00,2022-12-02 10:31:14.264179+00:00
1598593906979049476,ukraine-de,True,True,False,False,False,False,False,False,False,False,2022-12-02 10:31:14.264001+00:00,2022-12-02 10:31:14.264001+00:00
1598593923575865344,ukraine-de,True,True,False,False,False,False,False,False,False,False,2022-12-02 10:31:14.263902+00:00,2022-12-02 10:31:14.263902+00:00
1598593952579461121,ukraine-de,True,True,False,False,False,False,False,False,False,False,2022-12-02 10:31:14.263804+00:00,2022-12-02 10:31:14.263804+00:00
1598593972695449600,ukraine-de,True,True,False,False,False,False,False,False,False,False,2022-12-02 10:31:14.263706+00:00,2022-12-02 10:31:14.263706+00:00
1598593989359407105,ukraine-de,True,True,False,False,False,False,False,False,False,False,2022-12-02 10:31:14.263593+00:00,2022-12-02 10:31:14.263593+00:00
1598594010255196161,ukraine-de,True,True,False,False,False,False,False,False,False,False,2022-12-02 10:31:14.263487+00:00,2022-12-02 10:31:14.263487+00:00
1598594039401660417,ukraine-de,True,True,False,False,False,False,False,False,False,False,2022-12-02 10:31:14.263388+00:00,2022-12-02 10:31:14.263388+00:00
1598594039988637696,ukraine-de,True,True,False,False,False,False,False,False,False,False,2022-12-02 10:31:14.263288+00:00,2022-12-02 10:31:14.263288+00:00
1598594084888875009,ukraine-de,True,True,False,False,False,False,False,False,False,False,2022-12-02 10:31:14.263187+00:00,2022-12-02 10:31:14.263187+00:00
1598594099543650304,ukraine-de,True,True,False,False,False,False,False,False,False,False,2022-12-02 10:31:14.263057+00:00,2022-12-02 10:31:14.263057+00:00
1598594110071242752,ukraine-de,True,True,False,False,False,False,False,False,False,False,2022-12-02 10:31:14.262958+00:00,2022-12-02 10:31:14.262958+00:00
1598594127381372929,ukraine-de,True,True,False,False,False,False,False,False,False,False,2022-12-02 10:31:14.262859+00:00,2022-12-02 10:31:14.262859+00:00
1598594146624757764,ukraine-de,True,True,False,False,False,False,False,False,False,False,2022-12-02 10:31:14.262760+00:00,2022-12-02 10:31:14.262760+00:00
1598594160222683138,ukraine-de,True,True,False,False,False,False,False,False,False,False,2022-12-02 10:31:14.262657+00:00,2022-12-02 10:31:14.262657+00:00
1598594163687112704,ukraine-de,True,True,False,False,False,False,False,False,False,False,2022-12-02 10:31:14.262531+00:00,2022-12-02 10:31:14.262531+00:00
1598594165369094145,ukraine-de,True,True,False,False,False,False,False,False,False,False,2022-12-02 10:31:14.262429+00:00,2022-12-02 10:31:14.262429+00:00
1598594172390461441,ukraine-de,True,True,False,False,False,False,False,False,False,False,2022-12-02 10:31:14.262312+00:00,2022-12-02 10:31:14.262312+00:00
1598594191944294401,ukraine-de,True,True,False,False,False,False,False,False,False,False,2022-12-02 10:31:14.262201+00:00,2022-12-02 10:31:14.262201+00:00
1598594227990142977,ukraine-de,True,True,False,False,False,False,False,False,False,False,2022-12-02 10:31:14.262015+00:00,2022-12-02 10:31:14.262015+00:00
1598594245182586880,ukraine-de,True,True,False,False,False,False,False,False,False,False,2022-12-02 10:31:06.497288+00:00,2022-12-02 10:31:14.261915+00:00
1598594253957091330,ukraine-de,True,True,False,False,False,False,False,False,False,False,2022-12-02 10:31:14.261808+00:00,2022-12-02 10:31:14.261808+00:00
1598594272583770112,ukraine-de,True,True,False,False,False,False,False,False,False,False,2022-12-02 10:31:14.261583+00:00,2022-12-02 10:31:14.261583+00:00
1598594285657530368,ukraine-de,True,True,False,False,False,False,False,False,False,False,2022-12-02 10:31:14.261424+00:00,2022-12-02 10:31:14.261424+00:00
1598594299356217344,ukraine-de,True,False,False,False,False,False,False,False,False,False,2022-12-02 15:07:33.547886+00:00,2022-12-02 15:07:33.547886+00:00
1598594299381309440,ukraine-de,True,True,False,False,False,False,False,False,False,False,2022-12-02 10:31:14.261327+00:00,2022-12-02 10:31:14.261327+00:00
1598594300551610374,ukraine-de,True,True,False,False,False,False,False,False,False,False,2022-12-02 10:31:14.261230+00:00,2022-12-02 10:31:14.261230+00:00
1598594307262488579,ukraine-de,True,False,False,False,False,False,False,False,False,False,2022-12-02 19:50:59.819579+00:00,2022-12-02 19:50:59.819579+00:00
1598594341139890176,ukraine-de,True,True,False,False,False,False,False,False,False,False,2022-12-02 10:31:14.261132+00:00,2022-12-02 10:31:14.261132+00:00
1598594344079937537,ukraine-de,True,True,False,False,False,False,False,False,False,False,2022-12-02 10:31:14.261034+00:00,2022-12-02 10:31:14.261034+00:00
1598594348777611264,ukraine-de,True,False,False,False,False,False,False,False,False,False,2022-12-02 10:31:14.319042+00:00,2022-12-02 10:31:14.319042+00:00
1598594382231379968,ukraine-de,True,False,False,False,False,False,False,False,False,False,2022-12-02 15:01:30.395701+00:00,2022-12-02 15:01:30.395701+00:00
1598594393610543104,ukraine-de,True,True,False,False,False,False,False,False,False,False,2022-12-02 10:31:14.260936+00:00,2022-12-02 10:31:14.260936+00:00
1598594398073327616,ukraine-de,True,True,False,False,False,False,False,False,False,False,2022-12-02 10:31:14.260836+00:00,2022-12-02 10:31:14.260836+00:00
1598594410270310400,ukraine-de,True,True,False,False,False,False,False,False,False,False,2022-12-02 10:31:14.260736+00:00,2022-12-02 10:31:14.260736+00:00
1598594422614237184,ukraine-de,True,True,False,False,False,False,False,False,False,False,2022-12-02 10:31:14.260633+00:00,2022-12-02 10:31:14.260633+00:00
1598594429232758784,ukraine-de,True,True,False,False,False,False,False,False,False,False,2022-12-02 10:31:14.260526+00:00,2022-12-02 10:31:14.260526+00:00
1598594429748744193,ukraine-de,True,True,False,False,False,False,False,False,False,False,2022-12-02 10:31:14.260419+00:00,2022-12-02 10:31:14.260419+00:00
1598594436405121025,ukraine-de,True,True,False,False,False,False,False,False,False,False,2022-12-02 10:31:14.260301+00:00,2022-12-02 10:31:14.260301+00:00
1598594468873109505,ukraine-de,True,True,False,False,False,False,False,False,False,False,2022-12-02 10:31:14.260204+00:00,2022-12-02 10:31:14.260204+00:00
1598594488116867072,ukraine-de,True,True,False,False,False,False,False,False,False,False,2022-12-02 10:31:14.260104+00:00,2022-12-02 10:31:14.260104+00:00
1598594517115863041,ukraine-de,True,True,False,False,False,False,False,False,False,False,2022-12-02 10:31:14.260005+00:00,2022-12-02 10:31:14.260005+00:00
1598594530877767680,ukraine-de,True,True,False,False,False,False,False,False,False,False,2022-12-02 10:31:14.259904+00:00,2022-12-02 10:31:14.259904+00:00
1598594546442575874,ukraine-de,True,True,False,False,False,False,False,False,False,False,2022-12-02 10:31:14.259803+00:00,2022-12-02 10:31:14.259803+00:00
1598594570639626240,ukraine-de,True,True,False,False,False,False,False,False,False,False,2022-12-02 10:31:14.259697+00:00,2022-12-02 10:31:14.259697+00:00
1598594580340932608,ukraine-de,True,True,False,False,False,False,False,False,False,False,2022-12-02 10:31:14.259449+00:00,2022-12-02 10:31:14.259449+00:00
1598594585868963840,ukraine-de,True,True,False,False,False,False,False,False,False,False,2022-12-02 10:31:14.259350+00:00,2022-12-02 10:31:14.259350+00:00
1598594591548063747,ukraine-de,True,True,False,False,False,False,False,False,False,False,2022-12-02 10:31:14.259251+00:00,2022-12-02 10:31:14.259251+00:00
1598594598670155778,ukraine-de,True,False,False,False,False,False,False,False,False,False,2022-12-02 10:31:14.316810+00:00,2022-12-02 10:31:14.316810+00:00
1598594604668010496,ukraine-de,True,True,False,False,False,False,False,False,False,False,2022-12-02 10:31:14.259151+00:00,2022-12-02 10:31:14.259151+00:00
1598594640285941761,ukraine-de,True,True,False,False,False,False,False,False,False,False,2022-12-02 10:30:17.997309+00:00,2022-12-02 10:31:14.259052+00:00
1598594667049721857,ukraine-de,True,True,False,False,False,False,False,False,False,False,2022-12-02 10:31:14.258939+00:00,2022-12-02 10:31:14.258939+00:00
1598594671789461505,ukraine-de,True,True,False,False,False,False,False,False,False,False,2022-12-02 10:30:26.786338+00:00,2022-12-02 10:31:14.258839+00:00
1598594692488241152,ukraine-de,True,True,False,False,False,False,False,False,False,False,2022-12-02 10:31:14.258722+00:00,2022-12-02 10:31:14.258722+00:00
1598594711589208065,ukraine-de,True,False,False,False,False,False,False,False,False,False,2022-12-02 15:01:05.646950+00:00,2022-12-02 15:01:05.646950+00:00
1598594714722336768,ukraine-de,True,False,False,False,False,False,False,False,False,False,2022-12-02 10:31:14.310985+00:00,2022-12-02 10:31:14.310985+00:00
1598594727250722816,ukraine-de,True,True,False,False,False,False,False,False,False,False,2022-12-02 10:31:14.258597+00:00,2022-12-02 10:31:14.258597+00:00
1598594758758334467,ukraine-de,True,True,False,False,False,False,False,False,False,False,2022-12-02 10:30:26.788397+00:00,2022-12-02 10:31:14.258491+00:00
1598594762780524544,ukraine-de,True,True,False,False,False,False,False,False,False,False,2022-12-02 10:31:14.258292+00:00,2022-12-02 10:31:14.258292+00:00
1598594765490192386,ukraine-de,True,False,False,False,False,False,False,False,False,False,2022-12-02 10:31:06.521778+00:00,2022-12-02 10:31:06.521778+00:00
1598594778551263242,ukraine-de,True,True,False,False,False,False,False,False,False,False,2022-12-02 10:31:14.258194+00:00,2022-12-02 10:31:14.258194+00:00
1598594807135346688,ukraine-de,True,True,False,False,False,False,False,False,False,False,2022-12-02 10:31:14.258094+00:00,2022-12-02 10:31:14.258094+00:00
1598594808351555584,ukraine-de,True,True,False,False,False,False,False,False,False,False,2022-12-02 10:31:14.257992+00:00,2022-12-02 10:31:14.257992+00:00
1598594839557197824,ukraine-de,True,True,False,False,False,False,False,False,False,False,2022-12-02 10:31:14.257876+00:00,2022-12-02 10:31:14.257876+00:00
1598594843881652224,ukraine-de,True,True,False,False,False,False,False,False,False,False,2022-12-02 10:31:14.257770+00:00,2022-12-02 10:31:14.257770+00:00
1598594846247231488,ukraine-de,True,True,False,False,False,False,False,False,False,False,2022-12-02 10:31:14.257568+00:00,2022-12-02 10:31:14.257568+00:00
1598594858846928897,ukraine-de,True,True,False,False,False,False,False,False,False,False,2022-12-02 10:31:14.257470+00:00,2022-12-02 10:31:14.257470+00:00
1598594859140616193,ukraine-de,True,True,False,False,False,False,False,False,False,False,2022-12-02 10:31:14.257369+00:00,2022-12-02 10:31:14.257369+00:00
1598594862819033088,ukraine-de,True,True,False,False,False,False,False,False,False,False,2022-12-02 10:31:14.257270+00:00,2022-12-02 10:31:14.257270+00:00
1598594865264222210,ukraine-de,True,True,False,False,False,False,False,False,False,False,2022-12-02 10:31:14.257170+00:00,2022-12-02 10:31:14.257170+00:00
1598594873590009858,ukraine-de,True,True,False,False,False,False,False,False,False,False,2022-12-02 10:31:14.257052+00:00,2022-12-02 10:31:14.257052+00:00
1598594884499226624,ukraine-de,True,True,False,False,False,False,False,False,False,False,2022-12-02 10:31:14.256955+00:00,2022-12-02 10:31:14.256955+00:00
1598594919530045440,ukraine-de,True,True,False,False,False,False,False,False,False,False,2022-12-02 10:31:14.256856+00:00,2022-12-02 10:31:14.256856+00:00
1598594929609015296,ukraine-de,True,True,False,False,False,False,False,False,False,False,2022-12-02 10:30:17.964186+00:00,2022-12-02 10:31:14.256756+00:00
1598594941487382528,ukraine-de,True,True,False,False,False,False,False,False,False,False,2022-12-02 10:31:14.256637+00:00,2022-12-02 10:31:14.256637+00:00
1598594949083123712,ukraine-de,True,True,False,False,False,False,False,False,False,False,2022-12-02 10:31:14.256540+00:00,2022-12-02 10:31:14.256540+00:00
1598594956259909632,ukraine-de,True,True,False,False,False,False,False,False,False,False,2022-12-02 10:31:14.256442+00:00,2022-12-02 10:31:14.256442+00:00
1598594980011945985,ukraine-de,True,True,False,False,False,False,False,False,False,False,2022-12-02 10:31:14.256343+00:00,2022-12-02 10:31:14.256343+00:00
1598594982310338560,ukraine-de,True,True,False,False,False,False,False,False,False,False,2022-12-02 10:31:14.256243+00:00,2022-12-02 10:31:14.256243+00:00
1598595004942917633,ukraine-de,True,True,False,False,False,False,False,False,False,False,2022-12-02 10:31:14.256127+00:00,2022-12-02 10:31:14.256127+00:00
1598595020369629185,ukraine-de,True,False,False,False,False,False,False,False,False,False,2022-12-02 15:01:05.659115+00:00,2022-12-02 15:01:05.659115+00:00
1598595071573741568,ukraine-de,True,True,False,False,False,False,False,False,False,False,2022-12-02 10:31:14.256030+00:00,2022-12-02 10:31:14.256030+00:00
1598595071674265600,ukraine-de,True,True,False,False,False,False,False,False,False,False,2022-12-02 10:30:17.964402+00:00,2022-12-02 10:31:14.255930+00:00
1598595074564055041,ukraine-de,True,True,False,False,False,False,False,False,False,False,2022-12-02 10:31:14.255817+00:00,2022-12-02 10:31:14.255817+00:00
1598595109993463808,ukraine-de,True,True,False,False,False,False,False,False,False,False,2022-12-02 10:31:14.255716+00:00,2022-12-02 10:31:14.255716+00:00
1598595115282489344,ukraine-de,True,True,False,False,False,False,False,False,False,False,2022-12-02 10:31:14.255599+00:00,2022-12-02 10:31:14.255599+00:00
1598595127961952256,ukraine-de,True,True,False,False,False,False,False,False,False,False,2022-12-02 10:31:14.255500+00:00,2022-12-02 10:31:14.255500+00:00
1598595142595842049,ukraine-de,True,True,False,False,False,False,False,False,False,False,2022-12-02 10:31:14.255398+00:00,2022-12-02 10:31:14.255398+00:00
1598595152800411648,ukraine-de,True,True,False,False,False,False,False,False,False,False,2022-12-02 10:31:14.255298+00:00,2022-12-02 10:31:14.255298+00:00
1598595160979431425,ukraine-de,True,True,False,False,False,False,False,False,False,False,2022-12-02 10:31:14.255197+00:00,2022-12-02 10:31:14.255197+00:00
1598595162732519425,ukraine-de,True,True,False,False,False,False,False,False,False,False,2022-12-02 10:31:14.255099+00:00,2022-12-02 10:31:14.255099+00:00
1598595172438261760,ukraine-de,True,True,False,False,False,False,False,False,False,False,2022-12-02 10:31:14.254999+00:00,2022-12-02 10:31:14.254999+00:00
1598595181166616578,ukraine-de,True,True,False,False,False,False,False,False,False,False,2022-12-02 10:31:14.254896+00:00,2022-12-02 10:31:14.254896+00:00
1598595199067897857,ukraine-de,True,True,False,False,False,False,False,False,False,False,2022-12-02 10:31:14.254774+00:00,2022-12-02 10:31:14.254774+00:00
1598595204847640576,ukraine-de,True,True,False,False,False,False,False,False,False,False,2022-12-02 10:31:14.254598+00:00,2022-12-02 10:31:14.254598+00:00
1598595211860578304,ukraine-de,True,True,False,False,False,False,False,False,False,False,2022-12-02 10:31:14.254498+00:00,2022-12-02 10:31:14.254498+00:00
1598595237479215104,ukraine-de,True,True,False,False,False,False,False,False,False,False,2022-12-02 10:31:14.254394+00:00,2022-12-02 10:31:14.254394+00:00
1598595242176962560,ukraine-de,True,False,False,False,False,False,False,False,False,False,2022-12-02 15:01:30.386258+00:00,2022-12-02 15:01:30.386258+00:00
1598595251102515200,ukraine-de,True,True,False,False,False,False,False,False,False,False,2022-12-02 10:31:14.254287+00:00,2022-12-02 10:31:14.254287+00:00
1598595252545167362,ukraine-de,True,True,False,False,False,False,False,False,False,False,2022-12-02 10:31:14.254057+00:00,2022-12-02 10:31:14.254057+00:00
1598595261588291584,ukraine-de,True,False,False,False,False,False,False,False,False,False,2022-12-02 10:31:14.307722+00:00,2022-12-02 10:31:14.307722+00:00
1598595262376722433,ukraine-de,True,False,False,False,False,False,False,False,False,False,2022-12-03 08:10:46.229230+00:00,2022-12-03 08:10:46.229230+00:00
1598595267657441281,ukraine-de,True,True,False,False,False,False,False,False,False,False,2022-12-02 10:31:14.253946+00:00,2022-12-02 10:31:14.253946+00:00
1598595272736579584,ukraine-de,True,True,False,False,False,False,False,False,False,False,2022-12-02 10:31:14.253572+00:00,2022-12-02 10:31:14.253572+00:00
1598595312423256066,ukraine-de,True,True,False,False,False,False,False,False,False,False,2022-12-02 10:31:14.253474+00:00,2022-12-02 10:31:14.253474+00:00
1598595341363953670,ukraine-de,True,True,False,False,False,False,False,False,False,False,2022-12-02 10:31:14.253377+00:00,2022-12-02 10:31:14.253377+00:00
1598595357604290562,ukraine-de,True,True,False,False,False,False,False,False,False,False,2022-12-02 10:31:14.253261+00:00,2022-12-02 10:31:14.253261+00:00
1598595386037469184,ukraine-de,True,True,False,False,False,False,False,False,False,False,2022-12-02 10:31:14.253165+00:00,2022-12-02 10:31:14.253165+00:00
1598595395097022464,ukraine-de,True,True,False,False,False,False,False,False,False,False,2022-12-02 10:31:14.253069+00:00,2022-12-02 10:31:14.253069+00:00
1598595395969507329,ukraine-de,True,True,False,False,False,False,False,False,False,False,2022-12-02 10:31:14.252965+00:00,2022-12-02 10:31:14.252965+00:00
1598595396464427008,ukraine-de,True,True,False,False,False,False,False,False,False,False,2022-12-02 10:31:14.252869+00:00,2022-12-02 10:31:14.252869+00:00
1598595400931344385,ukraine-de,True,True,False,False,False,False,False,False,False,False,2022-12-02 10:31:14.252774+00:00,2022-12-02 10:31:14.252774+00:00
1598595407591788545,ukraine-de,True,True,False,False,False,False,False,False,False,False,2022-12-02 10:31:14.252666+00:00,2022-12-02 10:31:14.252666+00:00
1598595420925698048,ukraine-de,True,True,False,False,False,False,False,False,False,False,2022-12-02 10:31:14.252568+00:00,2022-12-02 10:31:14.252568+00:00
1598595438302695426,ukraine-de,True,True,False,False,False,False,False,False,False,False,2022-12-02 10:31:14.252467+00:00,2022-12-02 10:31:14.252467+00:00
1598595460255522816,ukraine-de,True,True,False,False,False,False,False,False,False,False,2022-12-02 10:31:14.252353+00:00,2022-12-02 10:31:14.252353+00:00
1598595503821766658,ukraine-de,True,False,False,False,False,False,False,False,False,False,2022-12-02 10:31:06.530864+00:00,2022-12-02 10:31:06.530864+00:00
1598595523245617152,ukraine-de,True,False,False,False,False,False,False,False,False,False,2022-12-02 10:31:14.313368+00:00,2022-12-02 10:31:14.313368+00:00
1598595532267585539,ukraine-de,True,True,False,False,False,False,False,False,False,False,2022-12-02 10:31:14.252254+00:00,2022-12-02 10:31:14.252254+00:00
1598595585770196992,ukraine-de,True,True,False,False,False,False,False,False,False,False,2022-12-02 10:31:14.252156+00:00,2022-12-02 10:31:14.252156+00:00
1598595607777640448,ukraine-de,True,True,False,False,False,False,False,False,False,False,2022-12-02 10:31:14.252057+00:00,2022-12-02 10:31:14.252057+00:00
1598595615495159813,ukraine-de,True,True,False,False,False,False,False,False,False,False,2022-12-02 10:31:14.251958+00:00,2022-12-02 10:31:14.251958+00:00
1598595644418949125,ukraine-de,True,True,False,False,False,False,False,False,False,False,2022-12-02 10:31:14.251857+00:00,2022-12-02 10:31:14.251857+00:00
1598595648928026624,ukraine-de,True,True,False,False,False,False,False,False,False,False,2022-12-02 10:31:14.251736+00:00,2022-12-02 10:31:14.251736+00:00
1598595654380507142,ukraine-de,True,True,False,False,False,False,False,False,False,False,2022-12-02 10:31:14.251638+00:00,2022-12-02 10:31:14.251638+00:00
1598595692032798720,ukraine-de,True,True,False,False,False,False,False,False,False,False,2022-12-02 10:31:14.251537+00:00,2022-12-02 10:31:14.251537+00:00
1598595704754167808,ukraine-de,True,True,False,False,False,False,False,False,False,False,2022-12-02 10:31:14.251438+00:00,2022-12-02 10:31:14.251438+00:00
1598595715701170177,ukraine-de,True,True,False,False,False,False,False,False,False,False,2022-12-02 10:31:14.251336+00:00,2022-12-02 10:31:14.251336+00:00
1598595730532438017,ukraine-de,True,False,False,False,False,False,False,False,False,False,2022-12-02 10:31:14.308697+00:00,2022-12-02 10:31:14.308697+00:00
1598595738337951745,ukraine-de,True,True,False,False,False,False,False,False,False,False,2022-12-02 10:31:14.251222+00:00,2022-12-02 10:31:14.251222+00:00
1598595753789853696,ukraine-de,True,True,False,False,False,False,False,False,False,False,2022-12-02 10:31:14.251102+00:00,2022-12-02 10:31:14.251102+00:00
1598595758445367297,ukraine-de,True,True,False,False,False,False,False,False,False,False,2022-12-02 10:31:14.251001+00:00,2022-12-02 10:31:14.251001+00:00
1598595820923850754,ukraine-de,True,True,False,False,False,False,False,False,False,False,2022-12-02 10:31:06.527827+00:00,2022-12-02 10:31:14.250880+00:00
1598595823658582016,ukraine-de,True,True,False,False,False,False,False,False,False,False,2022-12-02 10:31:14.250763+00:00,2022-12-02 10:31:14.250763+00:00
1598595833292881922,ukraine-de,True,True,False,False,False,False,False,False,False,False,2022-12-02 10:31:14.250576+00:00,2022-12-02 10:31:14.250576+00:00
1598595835893194752,ukraine-de,True,True,False,False,False,False,False,False,False,False,2022-12-02 10:31:14.250474+00:00,2022-12-02 10:31:14.250474+00:00
1598595840498536448,ukraine-de,True,True,False,False,False,False,False,False,False,False,2022-12-02 10:31:14.250358+00:00,2022-12-02 10:31:14.250358+00:00
1598595842260213760,ukraine-de,True,True,False,False,False,False,False,False,False,False,2022-12-02 10:31:14.250237+00:00,2022-12-02 10:31:14.250237+00:00
1598595848346140677,ukraine-de,True,True,False,False,False,False,False,False,False,False,2022-12-02 10:31:14.250120+00:00,2022-12-02 10:31:14.250120+00:00
1598595854310555649,ukraine-de,True,True,False,False,False,False,False,False,False,False,2022-12-02 10:31:14.250010+00:00,2022-12-02 10:31:14.250010+00:00
1598595858794102784,ukraine-de,True,True,False,False,False,False,False,False,False,False,2022-12-02 10:31:14.249906+00:00,2022-12-02 10:31:14.249906+00:00
1598595860031541251,ukraine-de,True,False,False,False,False,False,False,False,False,False,2022-12-02 10:31:06.534550+00:00,2022-12-02 10:31:06.534550+00:00
1598595915526324224,ukraine-de,True,False,False,False,False,False,False,False,False,False,2022-12-02 10:31:06.527727+00:00,2022-12-02 10:31:06.527727+00:00
1598595934903992321,ukraine-de,True,False,False,False,False,False,False,False,False,False,2022-12-02 15:04:30.416157+00:00,2022-12-02 15:04:30.416157+00:00
1598595975282581504,ukraine-de,True,True,False,False,False,False,False,False,False,False,2022-12-02 10:31:14.249800+00:00,2022-12-02 10:31:14.249800+00:00
1598595990755352577,ukraine-de,True,True,False,False,False,False,False,False,False,False,2022-12-02 10:31:14.249614+00:00,2022-12-02 10:31:14.249614+00:00
1598595992546320384,ukraine-de,True,True,False,False,False,False,False,False,False,False,2022-12-02 10:31:14.249490+00:00,2022-12-02 10:31:14.249490+00:00
1598595993473355777,ukraine-de,True,True,False,False,False,False,False,False,False,False,2022-12-02 10:31:14.249390+00:00,2022-12-02 10:31:14.249390+00:00
1598595994559873026,ukraine-de,True,True,False,False,False,False,False,False,False,False,2022-12-02 10:31:14.249292+00:00,2022-12-02 10:31:14.249292+00:00
1598596002059255808,ukraine-de,True,True,False,False,False,False,False,False,False,False,2022-12-02 10:31:14.249193+00:00,2022-12-02 10:31:14.249193+00:00
1598596005171265538,ukraine-de,True,True,False,False,False,False,False,False,False,False,2022-12-02 10:31:14.249093+00:00,2022-12-02 10:31:14.249093+00:00
1598596015690600448,ukraine-de,True,True,False,False,False,False,False,False,False,False,2022-12-02 10:31:14.248990+00:00,2022-12-02 10:31:14.248990+00:00
1598596067666411525,ukraine-de,True,True,False,False,False,False,False,False,False,False,2022-12-02 10:31:14.248871+00:00,2022-12-02 10:31:14.248871+00:00
1598596069784371201,ukraine-de,True,True,False,False,False,False,False,False,False,False,2022-12-02 10:31:14.248736+00:00,2022-12-02 10:31:14.248736+00:00
1598596091406172162,ukraine-de,True,True,False,False,False,False,False,False,False,False,2022-12-02 10:31:14.248633+00:00,2022-12-02 10:31:14.248633+00:00
1598596091573927936,ukraine-de,True,True,False,False,False,False,False,False,False,False,2022-12-02 10:31:14.248527+00:00,2022-12-02 10:31:14.248527+00:00
1598596104551006209,ukraine-de,True,True,False,False,False,False,False,False,False,False,2022-12-02 10:31:14.248406+00:00,2022-12-02 10:31:14.248406+00:00
1598596107411419136,ukraine-de,True,True,False,False,False,False,False,False,False,False,2022-12-02 10:31:14.248263+00:00,2022-12-02 10:31:14.248263+00:00
1598596127661727744,ukraine-de,True,True,False,False,False,False,False,False,False,False,2022-12-02 10:31:14.247202+00:00,2022-12-02 10:31:14.247202+00:00
1598596205344333826,ukraine-de,True,True,False,False,False,False,False,False,False,False,2022-12-02 10:31:14.247087+00:00,2022-12-02 10:31:14.247087+00:00
1598596263200571392,ukraine-de,True,True,False,False,False,False,False,False,False,False,2022-12-02 10:31:14.246896+00:00,2022-12-02 10:31:14.246896+00:00
1598596267109670915,ukraine-de,True,True,False,False,False,False,False,False,False,False,2022-12-02 10:31:14.246794+00:00,2022-12-02 10:31:14.246794+00:00
1598596276941094912,ukraine-de,True,True,False,False,False,False,False,False,False,False,2022-12-02 10:31:14.246652+00:00,2022-12-02 10:31:14.246652+00:00
1598596294527926272,ukraine-de,True,False,False,False,False,False,False,False,False,False,2022-12-02 15:07:19.455446+00:00,2022-12-02 15:07:19.455446+00:00
1598596294544539648,ukraine-de,True,True,False,False,False,False,False,False,False,False,2022-12-02 10:31:14.246541+00:00,2022-12-02 10:31:14.246541+00:00
1598596295572201472,ukraine-de,True,True,False,False,False,False,False,False,False,False,2022-12-02 10:31:14.246440+00:00,2022-12-02 10:31:14.246440+00:00
1598596312810852352,ukraine-de,True,True,False,False,False,False,False,False,False,False,2022-12-02 10:31:14.246339+00:00,2022-12-02 10:31:14.246339+00:00
1598596323468509184,ukraine-de,True,True,False,False,False,False,False,False,False,False,2022-12-02 10:31:14.246233+00:00,2022-12-02 10:31:14.246233+00:00
1598596327419437056,ukraine-de,True,True,False,False,False,False,False,False,False,False,2022-12-02 10:31:14.246039+00:00,2022-12-02 10:31:14.246039+00:00
1598596355106013184,ukraine-de,True,False,False,False,False,False,False,False,False,False,2022-12-02 22:35:17.209722+00:00,2022-12-02 22:35:17.209722+00:00
1598596362731507713,ukraine-de,True,True,False,False,False,False,False,False,False,False,2022-12-02 10:31:14.245942+00:00,2022-12-02 10:31:14.245942+00:00
1598596378363666432,ukraine-de,True,True,False,False,False,False,False,False,False,False,2022-12-02 10:31:06.527053+00:00,2022-12-02 10:31:14.245844+00:00
1598596401637703681,ukraine-de,True,True,False,False,False,False,False,False,False,False,2022-12-02 10:31:14.245738+00:00,2022-12-02 10:31:14.245738+00:00
1598596408906432512,ukraine-de,True,True,False,False,False,False,False,False,False,False,2022-12-02 10:31:14.245544+00:00,2022-12-02 10:31:14.245544+00:00
1598596416967888898,ukraine-de,True,True,False,False,False,False,False,False,False,False,2022-12-02 10:31:14.245448+00:00,2022-12-02 10:31:14.245448+00:00
1598596438036029440,ukraine-de,True,True,False,False,False,False,False,False,False,False,2022-12-02 10:31:14.245340+00:00,2022-12-02 10:31:14.245340+00:00
1598596451554181120,ukraine-de,True,False,False,False,False,False,False,False,False,False,2022-12-02 10:31:14.311464+00:00,2022-12-02 10:31:14.311464+00:00
1598596459565400066,ukraine-de,True,True,False,False,False,False,False,False,False,False,2022-12-02 10:31:06.527397+00:00,2022-12-02 10:31:14.245186+00:00
1598596472941027328,ukraine-de,True,False,False,False,False,False,False,False,False,False,2022-12-02 15:04:13.054225+00:00,2022-12-02 15:04:13.054225+00:00
1598596515253178369,ukraine-de,True,True,False,False,False,False,False,False,False,False,2022-12-02 10:31:14.245087+00:00,2022-12-02 10:31:14.245087+00:00
1598596516716888065,ukraine-de,True,True,False,False,False,False,False,False,False,False,2022-12-02 10:31:14.244984+00:00,2022-12-02 10:31:14.244984+00:00
1598596539303206914,ukraine-de,True,True,False,False,False,False,False,False,False,False,2022-12-02 10:31:14.244882+00:00,2022-12-02 10:31:14.244882+00:00
1598596546395774976,ukraine-de,True,True,False,False,False,False,False,False,False,False,2022-12-02 10:31:14.244744+00:00,2022-12-02 10:31:14.244744+00:00
1598596557535956992,ukraine-de,True,True,False,False,False,False,False,False,False,False,2022-12-02 10:31:14.244518+00:00,2022-12-02 10:31:14.244518+00:00
1598596575009427456,ukraine-de,True,True,False,False,False,False,False,False,False,False,2022-12-02 10:31:14.244418+00:00,2022-12-02 10:31:14.244418+00:00
1598596582454206468,ukraine-de,True,True,False,False,False,False,False,False,False,False,2022-12-02 10:31:06.520564+00:00,2022-12-02 10:31:14.244318+00:00
1598596589626560512,ukraine-de,True,True,False,False,False,False,False,False,False,False,2022-12-02 10:31:14.244204+00:00,2022-12-02 10:31:14.244204+00:00
1598596627144622083,ukraine-de,True,True,False,False,False,False,False,False,False,False,2022-12-02 10:31:14.244105+00:00,2022-12-02 10:31:14.244105+00:00
1598596641824673793,ukraine-de,True,True,False,False,False,False,False,False,False,False,2022-12-02 10:31:14.244003+00:00,2022-12-02 10:31:14.244003+00:00
1598596652025380864,ukraine-de,True,False,False,False,False,False,False,False,False,False,2022-12-02 15:07:19.455235+00:00,2022-12-02 15:07:19.455235+00:00
1598596652452937728,ukraine-de,True,False,False,False,False,False,False,False,False,False,2022-12-02 10:31:06.533069+00:00,2022-12-02 10:31:06.533069+00:00
1598596654759923713,ukraine-de,True,True,False,False,False,False,False,False,False,False,2022-12-02 10:31:14.243902+00:00,2022-12-02 10:31:14.243902+00:00
1598596659008532481,ukraine-de,True,True,False,False,False,False,False,False,False,False,2022-12-02 10:31:14.243787+00:00,2022-12-02 10:31:14.243787+00:00
1598596660661207040,ukraine-de,True,True,False,False,False,False,False,False,False,False,2022-12-02 10:31:14.243671+00:00,2022-12-02 10:31:14.243671+00:00
1598596718601404417,ukraine-de,True,True,False,False,False,False,False,False,False,False,2022-12-02 10:31:14.243574+00:00,2022-12-02 10:31:14.243574+00:00
1598596723823329280,ukraine-de,True,True,False,False,False,False,False,False,False,False,2022-12-02 10:31:14.243473+00:00,2022-12-02 10:31:14.243473+00:00
1598596732438433792,ukraine-de,True,True,False,False,False,False,False,False,False,False,2022-12-02 10:31:14.243373+00:00,2022-12-02 10:31:14.243373+00:00
1598596749546860544,ukraine-de,True,True,False,False,False,False,False,False,False,False,2022-12-02 10:31:14.243269+00:00,2022-12-02 10:31:14.243269+00:00
1598596753992851456,ukraine-de,True,True,False,False,False,False,False,False,False,False,2022-12-02 10:31:14.243165+00:00,2022-12-02 10:31:14.243165+00:00
1598596783717892097,ukraine-de,True,True,False,False,False,False,False,False,False,False,2022-12-02 10:31:14.243040+00:00,2022-12-02 10:31:14.243040+00:00
1598596805205393408,ukraine-de,True,True,False,False,False,False,False,False,False,False,2022-12-02 10:31:14.242906+00:00,2022-12-02 10:31:14.242906+00:00
1598596820900388864,ukraine-de,True,True,False,False,False,False,False,False,False,False,2022-12-02 10:31:14.242794+00:00,2022-12-02 10:31:14.242794+00:00
1598596829956001792,ukraine-de,True,False,False,False,False,False,False,False,False,False,2022-12-02 10:31:06.526312+00:00,2022-12-02 10:31:06.526312+00:00
1598596838898089988,ukraine-de,True,True,False,False,False,False,False,False,False,False,2022-12-02 10:31:14.242606+00:00,2022-12-02 10:31:14.242606+00:00
1598596844329861120,ukraine-de,True,True,False,False,False,False,False,False,False,False,2022-12-02 10:31:14.242506+00:00,2022-12-02 10:31:14.242506+00:00
1598596913418362881,ukraine-de,True,True,False,False,False,False,False,False,False,False,2022-12-02 10:31:14.242407+00:00,2022-12-02 10:31:14.242407+00:00
1598596948470153217,ukraine-de,True,True,False,False,False,False,False,False,False,False,2022-12-02 10:31:14.242308+00:00,2022-12-02 10:31:14.242308+00:00
1598596952756834306,ukraine-de,True,True,False,False,False,False,False,False,False,False,2022-12-02 10:31:14.242207+00:00,2022-12-02 10:31:14.242207+00:00
1598596954887372800,ukraine-de,True,True,False,False,False,False,False,False,False,False,2022-12-02 10:31:14.242106+00:00,2022-12-02 10:31:14.242106+00:00
1598597002731741185,ukraine-de,True,True,False,False,False,False,False,False,False,False,2022-12-02 10:31:14.241979+00:00,2022-12-02 10:31:14.241979+00:00
1598597022155767811,ukraine-de,True,True,False,False,False,False,False,False,False,False,2022-12-02 10:31:14.241864+00:00,2022-12-02 10:31:14.241864+00:00
1598597062282674176,ukraine-de,True,True,False,False,False,False,False,False,False,False,2022-12-02 10:31:14.241612+00:00,2022-12-02 10:31:14.241612+00:00
1598597067403923456,ukraine-de,True,True,False,False,False,False,False,False,False,False,2022-12-02 10:31:14.241490+00:00,2022-12-02 10:31:14.241490+00:00
1598597067760451584,ukraine-de,True,True,False,False,False,False,False,False,False,False,2022-12-02 10:31:14.241393+00:00,2022-12-02 10:31:14.241393+00:00
1598597070331461633,ukraine-de,True,True,False,False,False,False,False,False,False,False,2022-12-02 10:31:14.241293+00:00,2022-12-02 10:31:14.241293+00:00
1598597107883331584,ukraine-de,True,True,False,False,False,False,False,False,False,False,2022-12-02 10:31:14.241194+00:00,2022-12-02 10:31:14.241194+00:00
1598597113574588416,ukraine-de,True,True,False,False,False,False,False,False,False,False,2022-12-02 10:31:14.241095+00:00,2022-12-02 10:31:14.241095+00:00
1598597120612777987,ukraine-de,True,True,False,False,False,False,False,False,False,False,2022-12-02 10:31:14.240995+00:00,2022-12-02 10:31:14.240995+00:00
1598597129840246784,ukraine-de,True,True,False,False,False,False,False,False,False,False,2022-12-02 10:31:14.240895+00:00,2022-12-02 10:31:14.240895+00:00
1598597138870583296,ukraine-de,True,True,False,False,False,False,False,False,False,False,2022-12-02 10:31:14.240793+00:00,2022-12-02 10:31:14.240793+00:00
1598597166662127616,ukraine-de,True,True,False,False,False,False,False,False,False,False,2022-12-02 10:31:14.240690+00:00,2022-12-02 10:31:14.240690+00:00
1598597184835923969,ukraine-de,True,True,False,False,False,False,False,False,False,False,2022-12-02 10:31:14.240570+00:00,2022-12-02 10:31:14.240570+00:00
1598597187398782979,ukraine-de,True,True,False,False,False,False,False,False,False,False,2022-12-02 10:31:14.240471+00:00,2022-12-02 10:31:14.240471+00:00
1598597213243990018,ukraine-de,True,True,False,False,False,False,False,False,False,False,2022-12-02 10:31:14.240372+00:00,2022-12-02 10:31:14.240372+00:00
1598597223595577346,ukraine-de,True,False,False,False,False,False,False,False,False,False,2022-12-02 10:31:06.528520+00:00,2022-12-02 10:31:06.528520+00:00
1598597225755443201,ukraine-de,True,True,False,False,False,False,False,False,False,False,2022-12-02 10:31:14.240271+00:00,2022-12-02 10:31:14.240271+00:00
1598597256562806784,ukraine-de,True,False,False,False,False,False,False,False,False,False,2022-12-02 10:30:26.791289+00:00,2022-12-02 10:30:26.791289+00:00
1598597267279081472,ukraine-de,True,True,False,False,False,False,False,False,False,False,2022-12-02 10:31:14.240170+00:00,2022-12-02 10:31:14.240170+00:00
1598597299256512513,ukraine-de,True,True,False,False,False,False,False,False,False,False,2022-12-02 10:31:14.240070+00:00,2022-12-02 10:31:14.240070+00:00
1598597311520727041,ukraine-de,True,True,False,False,False,False,False,False,False,False,2022-12-02 10:31:14.239970+00:00,2022-12-02 10:31:14.239970+00:00
1598597318718152705,ukraine-de,True,True,False,False,False,False,False,False,False,False,2022-12-02 10:31:14.239872+00:00,2022-12-02 10:31:14.239872+00:00
1598597319724863488,ukraine-de,True,True,False,False,False,False,False,False,False,False,2022-12-02 10:31:14.239772+00:00,2022-12-02 10:31:14.239772+00:00
1598597342193664000,ukraine-de,True,True,False,False,False,False,False,False,False,False,2022-12-02 10:31:14.239673+00:00,2022-12-02 10:31:14.239673+00:00
1598597365878984704,ukraine-de,True,True,False,False,False,False,False,False,False,False,2022-12-02 10:31:14.239574+00:00,2022-12-02 10:31:14.239574+00:00
1598597372535181312,ukraine-de,True,True,False,False,False,False,False,False,False,False,2022-12-02 10:31:14.239475+00:00,2022-12-02 10:31:14.239475+00:00
1598597403896123392,ukraine-de,True,True,False,False,False,False,False,False,False,False,2022-12-02 10:30:26.824929+00:00,2022-12-02 10:31:14.239378+00:00
1598597408782524418,ukraine-de,True,True,False,False,False,False,False,False,False,False,2022-12-02 10:31:14.239279+00:00,2022-12-02 10:31:14.239279+00:00
1598597412402102273,ukraine-de,True,True,False,False,False,False,False,False,False,False,2022-12-02 10:31:14.239178+00:00,2022-12-02 10:31:14.239178+00:00
1598597423663906817,ukraine-de,True,False,False,False,False,False,False,False,False,False,2022-12-02 19:50:59.837285+00:00,2022-12-02 19:50:59.837285+00:00
1598597424431276032,ukraine-de,True,True,False,False,False,False,False,False,False,False,2022-12-02 10:31:14.239077+00:00,2022-12-02 10:31:14.239077+00:00
1598597451429998592,ukraine-de,True,True,False,False,False,False,False,False,False,False,2022-12-02 10:31:14.238978+00:00,2022-12-02 10:31:14.238978+00:00
1598597452235423745,ukraine-de,True,True,False,False,False,False,False,False,False,False,2022-12-02 10:31:14.238878+00:00,2022-12-02 10:31:14.238878+00:00
1598597469750800384,ukraine-de,True,True,False,False,False,False,False,False,False,False,2022-12-02 10:31:14.238777+00:00,2022-12-02 10:31:14.238777+00:00
1598597490294390784,ukraine-de,True,True,False,False,False,False,False,False,False,False,2022-12-02 10:31:14.238635+00:00,2022-12-02 10:31:14.238635+00:00
1598597495273279488,ukraine-de,True,True,False,False,False,False,False,False,False,False,2022-12-02 10:31:14.238524+00:00,2022-12-02 10:31:14.238524+00:00
1598597509034778625,ukraine-de,True,True,False,False,False,False,False,False,False,False,2022-12-02 10:31:14.238408+00:00,2022-12-02 10:31:14.238408+00:00
1598597516403974145,ukraine-de,True,True,False,False,False,False,False,False,False,False,2022-12-02 10:31:14.238285+00:00,2022-12-02 10:31:14.238285+00:00
1598597518409060352,ukraine-de,True,True,False,False,False,False,False,False,False,False,2022-12-02 10:31:14.238176+00:00,2022-12-02 10:31:14.238176+00:00
1598597534309556225,ukraine-de,True,True,False,False,False,False,False,False,False,False,2022-12-02 10:31:14.238022+00:00,2022-12-02 10:31:14.238022+00:00
1598597637967585283,ukraine-de,True,True,False,False,False,False,False,False,False,False,2022-12-02 10:31:14.237897+00:00,2022-12-02 10:31:14.237897+00:00
1598597642933739521,ukraine-de,True,True,False,False,False,False,False,False,False,False,2022-12-02 10:31:14.237786+00:00,2022-12-02 10:31:14.237786+00:00
1598597648302239744,ukraine-de,True,True,False,False,False,False,False,False,False,False,2022-12-02 10:31:14.237544+00:00,2022-12-02 10:31:14.237544+00:00
1598597653876670465,ukraine-de,True,True,False,False,False,False,False,False,False,False,2022-12-02 10:31:14.237446+00:00,2022-12-02 10:31:14.237446+00:00
1598597658997923841,ukraine-de,True,True,False,False,False,False,False,False,False,False,2022-12-02 10:31:14.237346+00:00,2022-12-02 10:31:14.237346+00:00
1598597675812884480,ukraine-de,True,True,False,False,False,False,False,False,False,False,2022-12-02 10:31:14.237246+00:00,2022-12-02 10:31:14.237246+00:00
1598597680627945472,ukraine-de,True,True,False,False,False,False,False,False,False,False,2022-12-02 10:31:14.237146+00:00,2022-12-02 10:31:14.237146+00:00
1598597699766403072,ukraine-de,True,True,False,False,False,False,False,False,False,False,2022-12-02 10:31:14.237047+00:00,2022-12-02 10:31:14.237047+00:00
1598597715079745537,ukraine-de,True,True,False,False,False,False,False,False,False,False,2022-12-02 10:31:14.236946+00:00,2022-12-02 10:31:14.236946+00:00
1598597726295425028,ukraine-de,True,True,False,False,False,False,False,False,False,False,2022-12-02 10:31:14.236845+00:00,2022-12-02 10:31:14.236845+00:00
1598597729588056066,ukraine-de,True,True,False,False,False,False,False,False,False,False,2022-12-02 10:31:14.236739+00:00,2022-12-02 10:31:14.236739+00:00
1598597750500696064,ukraine-de,True,True,False,False,False,False,False,False,False,False,2022-12-02 10:31:14.236542+00:00,2022-12-02 10:31:14.236542+00:00
1598597763842949120,ukraine-de,True,True,False,False,False,False,False,False,False,False,2022-12-02 10:31:14.236441+00:00,2022-12-02 10:31:14.236441+00:00
1598597771434422274,ukraine-de,True,True,False,False,False,False,False,False,False,False,2022-12-02 10:31:14.236341+00:00,2022-12-02 10:31:14.236341+00:00
1598597771686289410,ukraine-de,True,True,False,False,False,False,False,False,False,False,2022-12-02 10:31:14.236238+00:00,2022-12-02 10:31:14.236238+00:00
1598597779491782656,ukraine-de,True,True,False,False,False,False,False,False,False,False,2022-12-02 10:31:14.236108+00:00,2022-12-02 10:31:14.236108+00:00
1598597788878737410,ukraine-de,True,True,False,False,False,False,False,False,False,False,2022-12-02 10:31:14.236004+00:00,2022-12-02 10:31:14.236004+00:00
1598597799670685698,ukraine-de,True,True,False,False,False,False,False,False,False,False,2022-12-02 10:31:14.235888+00:00,2022-12-02 10:31:14.235888+00:00
1598597802170384387,ukraine-de,True,True,False,False,False,False,False,False,False,False,2022-12-02 10:31:14.235764+00:00,2022-12-02 10:31:14.235764+00:00
1598597804930174976,ukraine-de,True,True,False,False,False,False,False,False,False,False,2022-12-02 10:31:14.235543+00:00,2022-12-02 10:31:14.235543+00:00
1598597816737300482,ukraine-de,True,True,False,False,False,False,False,False,False,False,2022-12-02 10:31:14.235443+00:00,2022-12-02 10:31:14.235443+00:00
1598597826572943361,ukraine-de,True,True,False,False,False,False,False,False,False,False,2022-12-02 10:31:14.235342+00:00,2022-12-02 10:31:14.235342+00:00
1598597827269124097,ukraine-de,True,True,False,False,False,False,False,False,False,False,2022-12-02 10:31:14.235240+00:00,2022-12-02 10:31:14.235240+00:00
1598597832793022464,ukraine-de,True,True,False,False,False,False,False,False,False,False,2022-12-02 10:31:14.235137+00:00,2022-12-02 10:31:14.235137+00:00
1598597850098593793,ukraine-de,True,True,False,False,False,False,False,False,False,False,2022-12-02 10:31:14.235035+00:00,2022-12-02 10:31:14.235035+00:00
1598597853316026368,ukraine-de,True,True,False,False,False,False,False,False,False,False,2022-12-02 10:31:14.234929+00:00,2022-12-02 10:31:14.234929+00:00
1598597883221233664,ukraine-de,True,True,False,False,False,False,False,False,False,False,2022-12-02 10:31:14.234794+00:00,2022-12-02 10:31:14.234794+00:00
1598597884852588544,ukraine-de,True,False,False,False,False,False,False,False,False,False,2022-12-02 10:31:06.528178+00:00,2022-12-02 10:31:06.528178+00:00
1598597904066813955,ukraine-de,True,False,False,False,False,False,False,False,False,False,2022-12-02 10:31:06.532821+00:00,2022-12-02 10:31:06.532821+00:00
1598597929169829888,ukraine-de,True,True,False,False,False,False,False,False,False,False,2022-12-02 10:31:14.234602+00:00,2022-12-02 10:31:14.234602+00:00
1598597946882285568,ukraine-de,True,False,False,False,False,False,False,False,False,False,2022-12-02 15:04:30.435790+00:00,2022-12-02 15:04:30.435790+00:00
1598597947624660992,ukraine-de,True,True,False,False,False,False,False,False,False,False,2022-12-02 10:31:14.234474+00:00,2022-12-02 10:31:14.234474+00:00
1598597995196563459,ukraine-de,True,True,False,False,False,False,False,False,False,False,2022-12-02 10:31:14.234337+00:00,2022-12-02 10:31:14.234337+00:00
1598598004294000643,ukraine-de,True,True,False,False,False,False,False,False,False,False,2022-12-02 10:31:14.233964+00:00,2022-12-02 10:31:14.233964+00:00
1598598008345710592,ukraine-de,True,True,False,False,False,False,False,False,False,False,2022-12-02 10:31:06.495744+00:00,2022-12-02 10:31:06.495744+00:00
1598598049080786944,ukraine-de,True,True,False,False,False,False,False,False,False,False,2022-12-02 10:31:06.495630+00:00,2022-12-02 10:31:06.495630+00:00
1598598068533751808,ukraine-de,True,True,False,False,False,False,False,False,False,False,2022-12-02 10:31:06.495381+00:00,2022-12-02 10:31:06.495381+00:00
1598598130416721921,ukraine-de,True,True,False,False,False,False,False,False,False,False,2022-12-02 10:31:06.495269+00:00,2022-12-02 10:31:06.495269+00:00
1598598135030464514,ukraine-de,True,True,False,False,False,False,False,False,False,False,2022-12-02 10:31:06.495100+00:00,2022-12-02 10:31:06.495100+00:00
1598598143746113538,ukraine-de,True,False,False,False,False,False,False,False,False,False,2022-12-02 10:30:17.996444+00:00,2022-12-02 10:30:17.996444+00:00
1598598178420334593,ukraine-de,True,True,False,False,False,False,False,False,False,False,2022-12-02 10:31:06.495000+00:00,2022-12-02 10:31:06.495000+00:00
1598598204823584769,ukraine-de,True,True,False,False,False,False,False,False,False,False,2022-12-02 10:31:06.494895+00:00,2022-12-02 10:31:06.494895+00:00
1598598238327767040,ukraine-de,True,True,False,False,False,False,False,False,False,False,2022-12-02 10:31:06.494792+00:00,2022-12-02 10:31:06.494792+00:00
1598598246783455232,ukraine-de,True,True,False,False,False,False,False,False,False,False,2022-12-02 10:31:06.494678+00:00,2022-12-02 10:31:06.494678+00:00
1598598246909214724,ukraine-de,True,False,False,False,False,False,False,False,False,False,2022-12-02 15:07:33.547674+00:00,2022-12-02 15:07:33.547674+00:00
1598598268908355584,ukraine-de,True,True,False,False,False,False,False,False,False,False,2022-12-02 10:31:06.494441+00:00,2022-12-02 10:31:06.494441+00:00
1598598277628366848,ukraine-de,True,True,False,False,False,False,False,False,False,False,2022-12-02 10:31:06.494248+00:00,2022-12-02 10:31:06.494248+00:00
1598598286168018944,ukraine-de,True,True,False,False,False,False,False,False,False,False,2022-12-02 10:31:06.494152+00:00,2022-12-02 10:31:06.494152+00:00
1598598302316085249,ukraine-de,True,True,False,False,False,False,False,False,False,False,2022-12-02 10:31:06.494056+00:00,2022-12-02 10:31:06.494056+00:00
1598598312738922498,ukraine-de,True,True,False,False,False,False,False,False,False,False,2022-12-02 10:31:06.493960+00:00,2022-12-02 10:31:06.493960+00:00
1598598323170074624,ukraine-de,True,True,False,False,False,False,False,False,False,False,2022-12-02 10:31:06.493864+00:00,2022-12-02 10:31:06.493864+00:00
1598598325170741248,ukraine-de,True,True,False,False,False,False,False,False,False,False,2022-12-02 10:31:06.493767+00:00,2022-12-02 10:31:06.493767+00:00
1598598344020041729,ukraine-de,True,True,False,False,False,False,False,False,False,False,2022-12-02 10:31:06.493667+00:00,2022-12-02 10:31:06.493667+00:00
1598598388462804992,ukraine-de,True,True,False,False,False,False,False,False,False,False,2022-12-02 10:31:06.493542+00:00,2022-12-02 10:31:06.493542+00:00
1598598404157890560,ukraine-de,True,True,False,False,False,False,False,False,False,False,2022-12-02 10:31:06.493347+00:00,2022-12-02 10:31:06.493347+00:00
1598598405013573632,ukraine-de,True,True,False,False,False,False,False,False,False,False,2022-12-02 10:31:06.493218+00:00,2022-12-02 10:31:06.493218+00:00
1598598408272592896,ukraine-de,True,True,False,False,False,False,False,False,False,False,2022-12-02 10:31:06.493098+00:00,2022-12-02 10:31:06.493098+00:00
1598598416392720384,ukraine-de,True,True,False,False,False,False,False,False,False,False,2022-12-02 10:31:06.492987+00:00,2022-12-02 10:31:06.492987+00:00
1598598454921506816,ukraine-de,True,True,False,False,False,False,False,False,False,False,2022-12-02 10:31:06.492881+00:00,2022-12-02 10:31:06.492881+00:00
1598598459732344832,ukraine-de,True,True,False,False,False,False,False,False,False,False,2022-12-02 10:31:06.492779+00:00,2022-12-02 10:31:06.492779+00:00
1598598465399017472,ukraine-de,True,False,False,False,False,False,False,False,False,False,2022-12-02 10:30:26.826081+00:00,2022-12-02 10:30:26.826081+00:00
1598598468045602818,ukraine-de,True,True,False,False,False,False,False,False,False,False,2022-12-02 10:31:06.492667+00:00,2022-12-02 10:31:06.492667+00:00
1598598489998561281,ukraine-de,True,True,False,False,False,False,False,False,False,False,2022-12-02 10:31:06.492563+00:00,2022-12-02 10:31:06.492563+00:00
1598598495879024643,ukraine-de,True,True,False,False,False,False,False,False,False,False,2022-12-02 10:31:06.492428+00:00,2022-12-02 10:31:06.492428+00:00
1598598514572988416,ukraine-de,True,True,False,False,False,False,False,False,False,False,2022-12-02 10:31:06.492275+00:00,2022-12-02 10:31:06.492275+00:00
1598598528032559104,ukraine-de,True,True,False,False,False,False,False,False,False,False,2022-12-02 10:31:06.492174+00:00,2022-12-02 10:31:06.492174+00:00
1598598538564276225,ukraine-de,True,False,False,False,False,False,False,False,False,False,2022-12-02 10:31:06.527154+00:00,2022-12-02 10:31:06.527154+00:00
1598598554821484550,ukraine-de,True,True,False,False,False,False,False,False,False,False,2022-12-02 10:31:06.492073+00:00,2022-12-02 10:31:06.492073+00:00
1598598617878642689,ukraine-de,True,True,False,False,False,False,False,False,False,False,2022-12-02 10:31:06.491970+00:00,2022-12-02 10:31:06.491970+00:00
1598598658022408192,ukraine-de,True,True,False,False,False,False,False,False,False,False,2022-12-02 10:31:06.491846+00:00,2022-12-02 10:31:06.491846+00:00
1598598667610439680,ukraine-de,True,True,False,False,False,False,False,False,False,False,2022-12-02 10:31:06.491735+00:00,2022-12-02 10:31:06.491735+00:00
1598598673751052291,ukraine-de,True,True,False,False,False,False,False,False,False,False,2022-12-02 10:31:06.491521+00:00,2022-12-02 10:31:06.491521+00:00
1598598678599507968,ukraine-de,True,True,False,False,False,False,False,False,False,False,2022-12-02 10:31:06.491414+00:00,2022-12-02 10:31:06.491414+00:00
1598598688900665344,ukraine-de,True,True,False,False,False,False,False,False,False,False,2022-12-02 10:31:06.491243+00:00,2022-12-02 10:31:06.491243+00:00
1598598704377856001,ukraine-de,True,False,False,False,False,False,False,False,False,False,2022-12-02 10:31:06.496365+00:00,2022-12-02 10:31:06.496365+00:00
1598598730994827264,ukraine-de,True,True,False,False,False,False,False,False,False,False,2022-12-02 10:31:06.491079+00:00,2022-12-02 10:31:06.491079+00:00
1598598792521170945,ukraine-de,True,True,False,False,False,False,False,False,False,False,2022-12-02 10:31:06.490954+00:00,2022-12-02 10:31:06.490954+00:00
1598598793997348864,ukraine-de,True,True,False,False,False,False,False,False,False,False,2022-12-02 10:30:26.806686+00:00,2022-12-02 10:31:06.489992+00:00
1598598794811252737,ukraine-de,True,True,False,False,False,False,False,False,False,False,2022-12-02 10:31:06.489878+00:00,2022-12-02 10:31:06.489878+00:00
1598598817804320769,ukraine-de,True,True,False,False,False,False,False,False,False,False,2022-12-02 10:30:26.829328+00:00,2022-12-02 10:31:06.489776+00:00
1598598850805207040,ukraine-de,True,True,False,False,False,False,False,False,False,False,2022-12-02 10:31:06.489672+00:00,2022-12-02 10:31:06.489672+00:00
1598598856383627266,ukraine-de,True,True,False,False,False,False,False,False,False,False,2022-12-02 10:31:06.489550+00:00,2022-12-02 10:31:06.489550+00:00
1598598869696364545,ukraine-de,True,True,False,False,False,False,False,False,False,False,2022-12-02 10:31:06.489439+00:00,2022-12-02 10:31:06.489439+00:00
1598598891057848320,ukraine-de,True,True,False,False,False,False,False,False,False,False,2022-12-02 10:31:06.489004+00:00,2022-12-02 10:31:06.489004+00:00
1598598907931480064,ukraine-de,True,True,False,False,False,False,False,False,False,False,2022-12-02 10:31:06.488879+00:00,2022-12-02 10:31:06.488879+00:00
1598598928588382208,ukraine-de,True,False,False,False,False,False,False,False,False,False,2022-12-02 10:30:18.000885+00:00,2022-12-02 10:30:18.000885+00:00
1598598948113252352,ukraine-de,True,True,False,False,False,False,False,False,False,False,2022-12-02 10:31:06.488777+00:00,2022-12-02 10:31:06.488777+00:00
1598598966781804544,ukraine-de,True,True,False,False,False,False,False,False,False,False,2022-12-02 10:31:06.488668+00:00,2022-12-02 10:31:06.488668+00:00
1598599002399723520,ukraine-de,True,True,False,False,False,False,False,False,False,False,2022-12-02 10:31:06.488568+00:00,2022-12-02 10:31:06.488568+00:00
1598599008783515649,ukraine-de,True,True,False,False,False,False,False,False,False,False,2022-12-02 10:31:06.488465+00:00,2022-12-02 10:31:06.488465+00:00
1598599042874884097,ukraine-de,True,True,False,False,False,False,False,False,False,False,2022-12-02 10:31:06.488358+00:00,2022-12-02 10:31:06.488358+00:00
1598599045349507072,ukraine-de,True,True,False,False,False,False,False,False,False,False,2022-12-02 10:31:06.488170+00:00,2022-12-02 10:31:06.488170+00:00
1598599045748064258,ukraine-de,True,True,False,False,False,False,False,False,False,False,2022-12-02 10:31:06.487995+00:00,2022-12-02 10:31:06.487995+00:00
1598599062676246528,ukraine-de,True,True,False,False,False,False,False,False,False,False,2022-12-02 10:31:06.487891+00:00,2022-12-02 10:31:06.487891+00:00
1598599087862915072,ukraine-de,True,False,False,False,False,False,False,False,False,False,2022-12-02 10:31:06.521545+00:00,2022-12-02 10:31:06.521545+00:00
1598599094439755778,ukraine-de,True,True,False,False,False,False,False,False,False,False,2022-12-02 10:31:06.487786+00:00,2022-12-02 10:31:06.487786+00:00
1598599095651794944,ukraine-de,True,True,False,False,False,False,False,False,False,False,2022-12-02 10:31:06.487664+00:00,2022-12-02 10:31:06.487664+00:00
1598599117785235456,ukraine-de,True,True,False,False,False,False,False,False,False,False,2022-12-02 10:31:06.487454+00:00,2022-12-02 10:31:06.487454+00:00
1598599128744960001,ukraine-de,True,True,False,False,False,False,False,False,False,False,2022-12-02 10:31:06.487149+00:00,2022-12-02 10:31:06.487149+00:00
1598599140187197440,ukraine-de,True,False,False,False,False,False,False,False,False,False,2022-12-02 15:01:30.397133+00:00,2022-12-02 15:01:30.397133+00:00
1598599152103047168,ukraine-de,True,True,False,False,False,False,False,False,False,False,2022-12-02 10:31:06.486512+00:00,2022-12-02 10:31:06.486512+00:00
1598599187943268352,ukraine-de,True,False,False,False,False,False,False,False,False,False,2022-12-02 10:31:06.528966+00:00,2022-12-02 10:31:06.528966+00:00
1598599188052426753,ukraine-de,True,True,False,False,False,False,False,False,False,False,2022-12-02 10:31:06.486374+00:00,2022-12-02 10:31:06.486374+00:00
1598599199985004545,ukraine-de,True,True,False,False,False,False,False,False,False,False,2022-12-02 10:31:06.486176+00:00,2022-12-02 10:31:06.486176+00:00
1598599250123759616,ukraine-de,True,True,False,False,False,False,False,False,False,False,2022-12-02 10:31:06.486005+00:00,2022-12-02 10:31:06.486005+00:00
1598599314711842817,ukraine-de,True,True,False,False,False,False,False,False,False,False,2022-12-02 10:31:06.485702+00:00,2022-12-02 10:31:06.485702+00:00
1598599315475369985,ukraine-de,True,True,False,False,False,False,False,False,False,False,2022-12-02 10:31:06.485444+00:00,2022-12-02 10:31:06.485444+00:00
1598599319095070720,ukraine-de,True,True,False,False,False,False,False,False,False,False,2022-12-02 10:31:06.484507+00:00,2022-12-02 10:31:06.484507+00:00
1598599322723143681,ukraine-de,True,True,False,False,False,False,False,False,False,False,2022-12-02 10:31:06.484407+00:00,2022-12-02 10:31:06.484407+00:00
1598599323847122944,ukraine-de,True,True,False,False,False,False,False,False,False,False,2022-12-02 10:31:06.484286+00:00,2022-12-02 10:31:06.484286+00:00
1598599334119018496,ukraine-de,True,True,False,False,False,False,False,False,False,False,2022-12-02 10:30:26.780807+00:00,2022-12-02 10:31:06.484166+00:00
1598599358899003394,ukraine-de,True,True,False,False,False,False,False,False,False,False,2022-12-02 10:31:06.484062+00:00,2022-12-02 10:31:06.484062+00:00
1598599373608611840,ukraine-de,True,True,False,False,False,False,False,False,False,False,2022-12-02 10:31:06.483944+00:00,2022-12-02 10:31:06.483944+00:00
1598599422224523264,ukraine-de,True,True,False,False,False,False,False,False,False,False,2022-12-02 10:31:06.483743+00:00,2022-12-02 10:31:06.483743+00:00
1598599449277861890,ukraine-de,True,True,False,False,False,False,False,False,False,False,2022-12-02 10:31:06.483595+00:00,2022-12-02 10:31:06.483595+00:00
1598599487995289600,ukraine-de,True,True,False,False,False,False,False,False,False,False,2022-12-02 10:31:06.483485+00:00,2022-12-02 10:31:06.483485+00:00
1598599488855330817,ukraine-de,True,False,False,False,False,False,False,False,False,False,2022-12-02 10:30:26.787367+00:00,2022-12-02 10:30:26.787367+00:00
1598599519708491777,ukraine-de,True,True,False,False,False,False,False,False,False,False,2022-12-02 10:31:06.483338+00:00,2022-12-02 10:31:06.483338+00:00
1598599520857849856,ukraine-de,True,True,False,False,False,False,False,False,False,False,2022-12-02 10:31:06.481803+00:00,2022-12-02 10:31:06.481803+00:00
1598599526285180928,ukraine-de,True,False,False,False,False,False,False,False,False,False,2022-12-02 10:31:06.528643+00:00,2022-12-02 10:31:06.528643+00:00
1598599543083470848,ukraine-de,True,False,False,False,False,False,False,False,False,False,2022-12-02 10:31:06.526570+00:00,2022-12-02 10:31:06.526570+00:00
1598599563018805248,ukraine-de,True,True,False,False,False,False,False,False,False,False,2022-12-02 10:31:06.481694+00:00,2022-12-02 10:31:06.481694+00:00
1598599569087922178,ukraine-de,True,True,False,False,False,False,False,False,False,False,2022-12-02 10:31:06.481545+00:00,2022-12-02 10:31:06.481545+00:00
1598599569318719489,ukraine-de,True,True,False,False,False,False,False,False,False,False,2022-12-02 10:31:06.481401+00:00,2022-12-02 10:31:06.481401+00:00
1598599571503988737,ukraine-de,True,False,False,False,False,False,False,False,False,False,2022-12-02 10:31:06.520950+00:00,2022-12-02 10:31:06.520950+00:00
1598599571608928262,ukraine-de,True,True,False,False,False,False,False,False,False,False,2022-12-02 10:31:06.481265+00:00,2022-12-02 10:31:06.481265+00:00
1598599588851568640,ukraine-de,True,True,False,False,False,False,False,False,False,False,2022-12-02 10:31:06.481102+00:00,2022-12-02 10:31:06.481102+00:00
1598599595612741632,ukraine-de,True,False,False,False,False,False,False,False,False,False,2022-12-02 10:30:26.780695+00:00,2022-12-02 10:30:26.780695+00:00
1598599618434146311,ukraine-de,True,True,False,False,False,False,False,False,False,False,2022-12-02 10:31:06.481001+00:00,2022-12-02 10:31:06.481001+00:00
1598599623995793410,ukraine-de,True,True,False,False,False,False,False,False,False,False,2022-12-02 10:31:06.480896+00:00,2022-12-02 10:31:06.480896+00:00
1598599627279896576,ukraine-de,True,True,False,False,False,False,False,False,False,False,2022-12-02 10:31:06.480785+00:00,2022-12-02 10:31:06.480785+00:00
1598599649358581760,ukraine-de,True,True,False,False,False,False,False,False,False,False,2022-12-02 10:31:06.480614+00:00,2022-12-02 10:31:06.480614+00:00
1598599681776316417,ukraine-de,True,True,False,False,False,False,False,False,False,False,2022-12-02 10:31:06.480509+00:00,2022-12-02 10:31:06.480509+00:00
1598599695533842433,ukraine-de,True,True,False,False,False,False,False,False,False,False,2022-12-02 10:31:06.480380+00:00,2022-12-02 10:31:06.480380+00:00
1598599735547494400,ukraine-de,True,False,False,False,False,False,False,False,False,False,2022-12-02 10:30:17.969753+00:00,2022-12-02 10:30:17.969753+00:00
1598599751255080960,ukraine-de,True,False,False,False,False,False,False,False,False,False,2022-12-02 10:30:17.974233+00:00,2022-12-02 10:30:17.974233+00:00
1598599771052195840,ukraine-de,True,True,False,False,False,False,False,False,False,False,2022-12-02 10:31:06.480231+00:00,2022-12-02 10:31:06.480231+00:00
1598599782431395842,ukraine-de,True,True,False,False,False,False,False,False,False,False,2022-12-02 10:31:06.480052+00:00,2022-12-02 10:31:06.480052+00:00
1598599790358675458,ukraine-de,True,False,False,False,False,False,False,False,False,False,2022-12-02 10:31:06.526905+00:00,2022-12-02 10:31:06.526905+00:00
1598599804304691202,ukraine-de,True,True,False,False,False,False,False,False,False,False,2022-12-02 10:31:06.479875+00:00,2022-12-02 10:31:06.479875+00:00
1598599805336535040,ukraine-de,True,True,False,False,False,False,False,False,False,False,2022-12-02 10:31:06.479754+00:00,2022-12-02 10:31:06.479754+00:00
1598599808192765952,ukraine-de,True,True,False,False,False,False,False,False,False,False,2022-12-02 10:31:06.479621+00:00,2022-12-02 10:31:06.479621+00:00
1598599809916551168,ukraine-de,True,True,False,False,False,False,False,False,False,False,2022-12-02 10:31:06.479518+00:00,2022-12-02 10:31:06.479518+00:00
1598599813708259328,ukraine-de,True,True,False,False,False,False,False,False,False,False,2022-12-02 10:31:06.479413+00:00,2022-12-02 10:31:06.479413+00:00
1598599834545668099,ukraine-de,True,True,False,False,False,False,False,False,False,False,2022-12-02 10:31:06.479278+00:00,2022-12-02 10:31:06.479278+00:00
1598599849108275201,ukraine-de,True,True,False,False,False,False,False,False,False,False,2022-12-02 10:31:06.479093+00:00,2022-12-02 10:31:06.479093+00:00
1598599894251573251,ukraine-de,True,True,False,False,False,False,False,False,False,False,2022-12-02 10:31:06.478924+00:00,2022-12-02 10:31:06.478924+00:00
1598599905559429120,ukraine-de,True,True,False,False,False,False,False,False,False,False,2022-12-02 10:31:06.478822+00:00,2022-12-02 10:31:06.478822+00:00
1598599923037077504,ukraine-de,True,True,False,False,False,False,False,False,False,False,2022-12-02 10:31:06.478694+00:00,2022-12-02 10:31:06.478694+00:00
1598599981019054080,ukraine-de,True,True,False,False,False,False,False,False,False,False,2022-12-02 10:31:06.478585+00:00,2022-12-02 10:31:06.478585+00:00
1598599995397062656,ukraine-de,True,True,False,False,False,False,False,False,False,False,2022-12-02 10:31:06.478467+00:00,2022-12-02 10:31:06.478467+00:00
1598599995963367426,ukraine-de,True,True,False,False,False,False,False,False,False,False,2022-12-02 10:31:06.478363+00:00,2022-12-02 10:31:06.478363+00:00
1598600014279983104,ukraine-de,True,True,False,False,False,False,False,False,False,False,2022-12-02 10:31:06.478233+00:00,2022-12-02 10:31:06.478233+00:00
1598600023515750400,ukraine-de,True,True,False,False,False,False,False,False,False,False,2022-12-02 10:31:06.478094+00:00,2022-12-02 10:31:06.478094+00:00
1598600041492529153,ukraine-de,True,True,False,False,False,False,False,False,False,False,2022-12-02 10:31:06.477993+00:00,2022-12-02 10:31:06.477993+00:00
1598600042100756481,ukraine-de,True,True,False,False,False,False,False,False,False,False,2022-12-02 10:31:06.477890+00:00,2022-12-02 10:31:06.477890+00:00
1598600049730244609,ukraine-de,True,True,False,False,False,False,False,False,False,False,2022-12-02 10:31:06.477785+00:00,2022-12-02 10:31:06.477785+00:00
1598600074241912834,ukraine-de,True,True,False,False,False,False,False,False,False,False,2022-12-02 10:31:06.477651+00:00,2022-12-02 10:31:06.477651+00:00
1598600076179513344,ukraine-de,True,True,False,False,False,False,False,False,False,False,2022-12-02 10:31:06.477435+00:00,2022-12-02 10:31:06.477435+00:00
1598600106810363904,ukraine-de,True,True,False,False,False,False,False,False,False,False,2022-12-02 10:31:06.477308+00:00,2022-12-02 10:31:06.477308+00:00
1598600114943279104,ukraine-de,True,False,False,False,False,False,False,False,False,False,2022-12-02 15:07:19.462915+00:00,2022-12-02 15:07:19.462915+00:00
1598600135893827589,ukraine-de,True,True,False,False,False,False,False,False,False,False,2022-12-02 10:31:06.477069+00:00,2022-12-02 10:31:06.477069+00:00
1598600175047610370,ukraine-de,True,True,False,False,False,False,False,False,False,False,2022-12-02 10:31:06.476952+00:00,2022-12-02 10:31:06.476952+00:00
1598600189975007232,ukraine-de,True,False,False,False,False,False,False,False,False,False,2022-12-02 10:30:17.999714+00:00,2022-12-02 10:30:17.999714+00:00
1598600191778721793,ukraine-de,True,True,False,False,False,False,False,False,False,False,2022-12-02 10:31:06.476853+00:00,2022-12-02 10:31:06.476853+00:00
1598600195658244096,ukraine-de,True,True,False,False,False,False,False,False,False,False,2022-12-02 10:31:06.476753+00:00,2022-12-02 10:31:06.476753+00:00
1598600200179834883,ukraine-de,True,True,False,False,False,False,False,False,False,False,2022-12-02 10:31:06.476653+00:00,2022-12-02 10:31:06.476653+00:00
1598600207847100418,ukraine-de,True,True,False,False,False,False,False,False,False,False,2022-12-02 10:31:06.476550+00:00,2022-12-02 10:31:06.476550+00:00
1598600223651151873,ukraine-de,True,True,False,False,False,False,False,False,False,False,2022-12-02 10:31:06.476442+00:00,2022-12-02 10:31:06.476442+00:00
1598600238779899905,ukraine-de,True,True,False,False,False,False,False,False,False,False,2022-12-02 10:30:18.000295+00:00,2022-12-02 10:31:06.476202+00:00
1598600243083214851,ukraine-de,True,True,False,False,False,False,False,False,False,False,2022-12-02 10:31:06.476058+00:00,2022-12-02 10:31:06.476058+00:00
1598600274863611905,ukraine-de,True,True,False,False,False,False,False,False,False,False,2022-12-02 10:31:06.475926+00:00,2022-12-02 10:31:06.475926+00:00
1598600309126975488,ukraine-de,True,True,False,False,False,False,False,False,False,False,2022-12-02 10:31:06.475805+00:00,2022-12-02 10:31:06.475805+00:00
1598600318174085123,ukraine-de,True,True,False,False,False,False,False,False,False,False,2022-12-02 10:31:06.475705+00:00,2022-12-02 10:31:06.475705+00:00
1598600327867125760,ukraine-de,True,True,False,False,False,False,False,False,False,False,2022-12-02 10:31:06.475605+00:00,2022-12-02 10:31:06.475605+00:00
1598600351426428928,ukraine-de,True,True,False,False,False,False,False,False,False,False,2022-12-02 10:31:06.475503+00:00,2022-12-02 10:31:06.475503+00:00
1598600358388981760,ukraine-de,True,True,False,False,False,False,False,False,False,False,2022-12-02 10:31:06.475395+00:00,2022-12-02 10:31:06.475395+00:00
1598600363531112448,ukraine-de,True,True,False,False,False,False,False,False,False,False,2022-12-02 10:31:06.475290+00:00,2022-12-02 10:31:06.475290+00:00
1598600409592975360,ukraine-de,True,True,False,False,False,False,False,False,False,False,2022-12-02 10:30:17.999612+00:00,2022-12-02 10:31:06.475105+00:00
1598600425774555136,ukraine-de,True,True,False,False,False,False,False,False,False,False,2022-12-02 10:31:06.474972+00:00,2022-12-02 10:31:06.474972+00:00
1598600431462121472,ukraine-de,True,True,False,False,False,False,False,False,False,False,2022-12-02 10:31:06.474839+00:00,2022-12-02 10:31:06.474839+00:00
1598600451750076417,ukraine-de,True,True,False,False,False,False,False,False,False,False,2022-12-02 10:31:06.474718+00:00,2022-12-02 10:31:06.474718+00:00
1598600458284720129,ukraine-de,True,True,False,False,False,False,False,False,False,False,2022-12-02 10:31:06.474493+00:00,2022-12-02 10:31:06.474493+00:00
1598600460490907650,ukraine-de,True,True,False,False,False,False,False,False,False,False,2022-12-02 10:30:17.965479+00:00,2022-12-02 10:31:06.474379+00:00
1598600496717201408,ukraine-de,True,True,False,False,False,False,False,False,False,False,2022-12-02 10:31:06.474213+00:00,2022-12-02 10:31:06.474213+00:00
1598600506141802496,ukraine-de,True,True,False,False,False,False,False,False,False,False,2022-12-02 10:31:06.472745+00:00,2022-12-02 10:31:06.472745+00:00
1598600506653425666,ukraine-de,True,True,False,False,False,False,False,False,False,False,2022-12-02 10:31:06.472618+00:00,2022-12-02 10:31:06.472618+00:00
1598600562097922049,ukraine-de,True,True,False,False,False,False,False,False,False,False,2022-12-02 10:31:06.472460+00:00,2022-12-02 10:31:06.472460+00:00
1598600580078833664,ukraine-de,True,False,False,False,False,False,False,False,False,False,2022-12-02 10:31:06.515440+00:00,2022-12-02 10:31:06.515440+00:00
1598600586760540160,ukraine-de,True,False,False,False,False,False,False,False,False,False,2022-12-02 10:31:06.524226+00:00,2022-12-02 10:31:06.524226+00:00
1598600593257377792,ukraine-de,True,True,False,False,False,False,False,False,False,False,2022-12-02 10:31:06.472359+00:00,2022-12-02 10:31:06.472359+00:00
1598600595253903361,ukraine-de,True,True,False,False,False,False,False,False,False,False,2022-12-02 10:31:06.472239+00:00,2022-12-02 10:31:06.472239+00:00
1598600597590065152,ukraine-de,True,True,False,False,False,False,False,False,False,False,2022-12-02 10:31:06.472116+00:00,2022-12-02 10:31:06.472116+00:00
1598600620466110464,ukraine-de,True,True,False,False,False,False,False,False,False,False,2022-12-02 10:30:26.816499+00:00,2022-12-02 10:31:06.472010+00:00
1598600622047399942,ukraine-de,True,True,False,False,False,False,False,False,False,False,2022-12-02 10:31:06.471833+00:00,2022-12-02 10:31:06.471833+00:00
1598600628699381760,ukraine-de,True,True,False,False,False,False,False,False,False,False,2022-12-02 10:31:06.471673+00:00,2022-12-02 10:31:06.471673+00:00
1598600639092871170,ukraine-de,True,True,False,False,False,False,False,False,False,False,2022-12-02 10:31:06.471523+00:00,2022-12-02 10:31:06.471523+00:00
1598600640418160650,ukraine-de,True,True,False,False,False,False,False,False,False,False,2022-12-02 10:31:06.471417+00:00,2022-12-02 10:31:06.471417+00:00
1598600657371418624,ukraine-de,True,True,False,False,False,False,False,False,False,False,2022-12-02 10:31:06.471291+00:00,2022-12-02 10:31:06.471291+00:00
1598600675503620097,ukraine-de,True,True,False,False,False,False,False,False,False,False,2022-12-02 10:31:06.471117+00:00,2022-12-02 10:31:06.471117+00:00
1598600676770299906,ukraine-de,True,True,False,False,False,False,False,False,False,False,2022-12-02 10:31:06.470988+00:00,2022-12-02 10:31:06.470988+00:00
1598600699650052096,ukraine-de,True,True,False,False,False,False,False,False,False,False,2022-12-02 10:31:06.470853+00:00,2022-12-02 10:31:06.470853+00:00
1598600702376411137,ukraine-de,True,True,False,False,False,False,False,False,False,False,2022-12-02 10:31:06.470581+00:00,2022-12-02 10:31:06.470581+00:00
1598600705798873088,ukraine-de,True,True,False,False,False,False,False,False,False,False,2022-12-02 10:31:06.470479+00:00,2022-12-02 10:31:06.470479+00:00
1598600707854286849,ukraine-de,True,False,False,False,False,False,False,False,False,False,2022-12-02 19:50:27.682688+00:00,2022-12-02 19:50:27.682688+00:00
1598600707921383426,ukraine-de,True,True,False,False,False,False,False,False,False,False,2022-12-02 10:31:06.470372+00:00,2022-12-02 10:31:06.470372+00:00
1598600715915640832,ukraine-de,True,True,False,False,False,False,False,False,False,False,2022-12-02 10:31:06.470253+00:00,2022-12-02 10:31:06.470253+00:00
1598600739604996097,ukraine-de,True,True,False,False,False,False,False,False,False,False,2022-12-02 10:31:06.469997+00:00,2022-12-02 10:31:06.469997+00:00
1598600754868232192,ukraine-de,True,True,False,False,False,False,False,False,False,False,2022-12-02 10:31:06.469891+00:00,2022-12-02 10:31:06.469891+00:00
1598600760379338752,ukraine-de,True,True,False,False,False,False,False,False,False,False,2022-12-02 10:31:06.469714+00:00,2022-12-02 10:31:06.469714+00:00
1598600806713786368,ukraine-de,True,True,False,False,False,False,False,False,False,False,2022-12-02 10:31:06.469560+00:00,2022-12-02 10:31:06.469560+00:00
1598600824732598272,ukraine-de,True,True,False,False,False,False,False,False,False,False,2022-12-02 10:31:06.469454+00:00,2022-12-02 10:31:06.469454+00:00
1598600834773913620,ukraine-de,True,True,False,False,False,False,False,False,False,False,2022-12-02 10:31:06.469325+00:00,2022-12-02 10:31:06.469325+00:00
1598600889781977088,ukraine-de,True,True,False,False,False,False,False,False,False,False,2022-12-02 10:31:06.469016+00:00,2022-12-02 10:31:06.469016+00:00
1598600910615322625,ukraine-de,True,False,False,False,False,False,False,False,False,False,2022-12-02 15:07:33.552915+00:00,2022-12-02 15:07:33.552915+00:00
1598600978089082880,ukraine-de,True,True,False,False,False,False,False,False,False,False,2022-12-02 10:31:06.468833+00:00,2022-12-02 10:31:06.468833+00:00
1598601016819212288,ukraine-de,True,True,False,False,False,False,False,False,False,False,2022-12-02 10:31:06.468632+00:00,2022-12-02 10:31:06.468632+00:00
1598601037471948801,ukraine-de,True,True,False,False,False,False,False,False,False,False,2022-12-02 10:31:06.468278+00:00,2022-12-02 10:31:06.468278+00:00
1598601039153864704,ukraine-de,True,True,False,False,False,False,False,False,False,False,2022-12-02 10:31:06.468089+00:00,2022-12-02 10:31:06.468089+00:00
1598601099807694851,ukraine-de,True,True,False,False,False,False,False,False,False,False,2022-12-02 10:31:06.467511+00:00,2022-12-02 10:31:06.467511+00:00
1598601109077200897,ukraine-de,True,True,False,False,False,False,False,False,False,False,2022-12-02 10:31:06.467298+00:00,2022-12-02 10:31:06.467298+00:00
1598601113472847872,ukraine-de,True,True,False,False,False,False,False,False,False,False,2022-12-02 10:31:06.467013+00:00,2022-12-02 10:31:06.467013+00:00
1598601119730520065,ukraine-de,True,True,False,False,False,False,False,False,False,False,2022-12-02 10:31:06.466430+00:00,2022-12-02 10:31:06.466430+00:00
1598601124461924352,ukraine-de,True,True,False,False,False,False,False,False,False,False,2022-12-02 10:31:06.466292+00:00,2022-12-02 10:31:06.466292+00:00
1598601150504308736,ukraine-de,True,True,False,False,False,False,False,False,False,False,2022-12-02 10:31:06.466059+00:00,2022-12-02 10:31:06.466059+00:00
1598601160516042752,ukraine-de,True,True,False,False,False,False,False,False,False,False,2022-12-02 10:31:06.465952+00:00,2022-12-02 10:31:06.465952+00:00
1598601164093763585,ukraine-de,True,False,False,False,False,False,False,False,False,False,2022-12-02 10:31:06.523755+00:00,2022-12-02 10:31:06.523755+00:00
1598601167323406337,ukraine-de,True,True,False,False,False,False,False,False,False,False,2022-12-02 10:31:06.465841+00:00,2022-12-02 10:31:06.465841+00:00
1598601181500088321,ukraine-de,True,True,False,False,False,False,False,False,False,False,2022-12-02 10:31:06.465663+00:00,2022-12-02 10:31:06.465663+00:00
1598601186151645184,ukraine-de,True,True,False,False,False,False,False,False,False,False,2022-12-02 10:31:06.464315+00:00,2022-12-02 10:31:06.464315+00:00
1598601198428266496,ukraine-de,True,True,False,False,False,False,False,False,False,False,2022-12-02 10:31:06.464188+00:00,2022-12-02 10:31:06.464188+00:00
1598601201074970625,ukraine-de,True,True,False,False,False,False,False,False,False,False,2022-12-02 10:31:06.464043+00:00,2022-12-02 10:31:06.464043+00:00
1598601203608424449,ukraine-de,True,True,False,False,False,False,False,False,False,False,2022-12-02 10:31:06.463892+00:00,2022-12-02 10:31:06.463892+00:00
1598601240706838528,ukraine-de,True,True,False,False,False,False,False,False,False,False,2022-12-02 10:31:06.463752+00:00,2022-12-02 10:31:06.463752+00:00
1598601260101345280,ukraine-de,True,True,False,False,False,False,False,False,False,False,2022-12-02 10:31:06.463644+00:00,2022-12-02 10:31:06.463644+00:00
1598601287221780480,ukraine-de,True,True,False,False,False,False,False,False,False,False,2022-12-02 10:31:06.463260+00:00,2022-12-02 10:31:06.463260+00:00
1598601321682276352,ukraine-de,True,True,False,False,False,False,False,False,False,False,2022-12-02 10:31:06.463076+00:00,2022-12-02 10:31:06.463076+00:00
1598601352535367680,ukraine-de,True,True,False,False,False,False,False,False,False,False,2022-12-02 10:31:06.462975+00:00,2022-12-02 10:31:06.462975+00:00
1598601360362045441,ukraine-de,True,False,False,False,False,False,False,False,False,False,2022-12-02 15:07:19.463704+00:00,2022-12-02 15:07:19.463704+00:00
1598601388887515137,ukraine-de,True,True,False,False,False,False,False,False,False,False,2022-12-02 10:31:06.462873+00:00,2022-12-02 10:31:06.462873+00:00
1598601392293568512,ukraine-de,True,False,False,False,False,False,False,False,False,False,2022-12-02 10:31:06.520291+00:00,2022-12-02 10:31:06.520291+00:00
1598601434366287872,ukraine-de,True,True,False,False,False,False,False,False,False,False,2022-12-02 10:31:06.462770+00:00,2022-12-02 10:31:06.462770+00:00
1598601447112933376,ukraine-de,True,True,False,False,False,False,False,False,False,False,2022-12-02 10:30:26.824707+00:00,2022-12-02 10:31:06.462662+00:00
1598601518306902016,ukraine-de,True,True,False,False,False,False,False,False,False,False,2022-12-02 10:31:06.462532+00:00,2022-12-02 10:31:06.462532+00:00
1598601540704432128,ukraine-de,True,True,False,False,False,False,False,False,False,False,2022-12-02 10:30:26.814877+00:00,2022-12-02 10:31:06.462394+00:00
1598601554075983872,ukraine-de,True,True,False,False,False,False,False,False,False,False,2022-12-02 10:31:06.462062+00:00,2022-12-02 10:31:06.462062+00:00
1598601554789126144,ukraine-de,True,True,False,False,False,False,False,False,False,False,2022-12-02 10:31:06.461901+00:00,2022-12-02 10:31:06.461901+00:00
1598601585629831170,ukraine-de,True,True,False,False,False,False,False,False,False,False,2022-12-02 10:31:06.461664+00:00,2022-12-02 10:31:06.461664+00:00
1598601609444982784,ukraine-de,True,True,False,False,False,False,False,False,False,False,2022-12-02 10:31:06.461512+00:00,2022-12-02 10:31:06.461512+00:00
1598601611533864961,ukraine-de,True,True,False,False,False,False,False,False,False,False,2022-12-02 10:31:06.461397+00:00,2022-12-02 10:31:06.461397+00:00
1598601619154903040,ukraine-de,True,True,False,False,False,False,False,False,False,False,2022-12-02 10:31:06.461257+00:00,2022-12-02 10:31:06.461257+00:00
1598601623458258945,ukraine-de,True,True,False,False,False,False,False,False,False,False,2022-12-02 10:30:26.797772+00:00,2022-12-02 10:31:06.458958+00:00
1598601640617050112,ukraine-de,True,True,False,False,False,False,False,False,False,False,2022-12-02 10:31:06.458786+00:00,2022-12-02 10:31:06.458786+00:00
1598601652222808067,ukraine-de,True,True,False,False,False,False,False,False,False,False,2022-12-02 10:31:06.458597+00:00,2022-12-02 10:31:06.458597+00:00
1598601656324816896,ukraine-de,True,True,False,False,False,False,False,False,False,False,2022-12-02 10:31:06.458469+00:00,2022-12-02 10:31:06.458469+00:00
1598601663853502464,ukraine-de,True,True,False,False,False,False,False,False,False,False,2022-12-02 10:31:06.458278+00:00,2022-12-02 10:31:06.458278+00:00
1598601686293045248,ukraine-de,True,True,False,False,False,False,False,False,False,False,2022-12-02 10:31:06.458075+00:00,2022-12-02 10:31:06.458075+00:00
1598601696078438401,ukraine-de,True,True,False,False,False,False,False,False,False,False,2022-12-02 10:31:06.457951+00:00,2022-12-02 10:31:06.457951+00:00
1598601700776054784,ukraine-de,True,True,False,False,False,False,False,False,False,False,2022-12-02 10:31:06.457736+00:00,2022-12-02 10:31:06.457736+00:00
1598601749442478081,ukraine-de,True,True,False,False,False,False,False,False,False,False,2022-12-02 10:31:06.457634+00:00,2022-12-02 10:31:06.457634+00:00
1598601754760863745,ukraine-de,True,True,False,False,False,False,False,False,False,False,2022-12-02 10:31:06.457512+00:00,2022-12-02 10:31:06.457512+00:00
1598601789099560961,ukraine-de,True,True,False,False,False,False,False,False,False,False,2022-12-02 10:31:06.457401+00:00,2022-12-02 10:31:06.457401+00:00
1598601804689903616,ukraine-de,True,True,False,False,False,False,False,False,False,False,2022-12-02 10:31:06.457279+00:00,2022-12-02 10:31:06.457279+00:00
1598601816232677378,ukraine-de,True,True,False,False,False,False,False,False,False,False,2022-12-02 10:31:06.457132+00:00,2022-12-02 10:31:06.457132+00:00
1598601823371288576,ukraine-de,True,True,False,False,False,False,False,False,False,False,2022-12-02 10:31:06.457029+00:00,2022-12-02 10:31:06.457029+00:00
1598601840152625152,ukraine-de,True,True,False,False,False,False,False,False,False,False,2022-12-02 10:31:06.456913+00:00,2022-12-02 10:31:06.456913+00:00
1598601843776655360,ukraine-de,True,True,False,False,False,False,False,False,False,False,2022-12-02 10:31:06.456763+00:00,2022-12-02 10:31:06.456763+00:00
1598601845055930375,ukraine-de,True,True,False,False,False,False,False,False,False,False,2022-12-02 10:30:26.786948+00:00,2022-12-02 10:31:06.456638+00:00
1598601867357032448,ukraine-de,True,True,False,False,False,False,False,False,False,False,2022-12-02 10:31:06.456527+00:00,2022-12-02 10:31:06.456527+00:00
1598601879096889345,ukraine-de,True,True,False,False,False,False,False,False,False,False,2022-12-02 10:31:06.456400+00:00,2022-12-02 10:31:06.456400+00:00
1598601886126731264,ukraine-de,True,True,False,False,False,False,False,False,False,False,2022-12-02 10:31:06.456272+00:00,2022-12-02 10:31:06.456272+00:00
1598601894389485568,ukraine-de,True,True,False,False,False,False,False,False,False,False,2022-12-02 10:31:06.456172+00:00,2022-12-02 10:31:06.456172+00:00
1598601897908506624,ukraine-de,True,True,False,False,False,False,False,False,False,False,2022-12-02 10:31:06.456055+00:00,2022-12-02 10:31:06.456055+00:00
1598601907920158720,ukraine-de,True,True,False,False,False,False,False,False,False,False,2022-12-02 10:31:06.455941+00:00,2022-12-02 10:31:06.455941+00:00
1598601916833009664,ukraine-de,True,True,False,False,False,False,False,False,False,False,2022-12-02 10:31:06.455809+00:00,2022-12-02 10:31:06.455809+00:00
1598601924575522816,ukraine-de,True,True,False,False,False,False,False,False,False,False,2022-12-02 10:31:06.455659+00:00,2022-12-02 10:31:06.455659+00:00
1598601925854785536,ukraine-de,True,True,False,False,False,False,False,False,False,False,2022-12-02 10:31:06.455561+00:00,2022-12-02 10:31:06.455561+00:00
1598601933710921728,ukraine-de,True,True,False,False,False,False,False,False,False,False,2022-12-02 10:31:06.455462+00:00,2022-12-02 10:31:06.455462+00:00
1598601943085207553,ukraine-de,True,True,False,False,False,False,False,False,False,False,2022-12-02 10:31:06.455362+00:00,2022-12-02 10:31:06.455362+00:00
1598601980061966337,ukraine-de,True,True,False,False,False,False,False,False,False,False,2022-12-02 10:31:06.455261+00:00,2022-12-02 10:31:06.455261+00:00
1598601986835898368,ukraine-de,True,True,False,False,False,False,False,False,False,False,2022-12-02 10:31:06.455149+00:00,2022-12-02 10:31:06.455149+00:00
1598602001968930816,ukraine-de,True,True,False,False,False,False,False,False,False,False,2022-12-02 10:31:06.455048+00:00,2022-12-02 10:31:06.455048+00:00
1598602019568238592,ukraine-de,True,True,False,False,False,False,False,False,False,False,2022-12-02 10:31:06.454946+00:00,2022-12-02 10:31:06.454946+00:00
1598602028439191554,ukraine-de,True,True,False,False,False,False,False,False,False,False,2022-12-02 10:31:06.454798+00:00,2022-12-02 10:31:06.454798+00:00
1598602080960249857,ukraine-de,True,True,False,False,False,False,False,False,False,False,2022-12-02 10:31:06.454653+00:00,2022-12-02 10:31:06.454653+00:00
1598602099650174976,ukraine-de,True,True,False,False,False,False,False,False,False,False,2022-12-02 10:31:06.454543+00:00,2022-12-02 10:31:06.454543+00:00
1598602113134870529,ukraine-de,True,True,False,False,False,False,False,False,False,False,2022-12-02 10:31:06.454424+00:00,2022-12-02 10:31:06.454424+00:00
1598602153198727168,ukraine-de,True,True,False,False,False,False,False,False,False,False,2022-12-02 10:31:06.454305+00:00,2022-12-02 10:31:06.454305+00:00
1598602156323504128,ukraine-de,True,True,False,False,False,False,False,False,False,False,2022-12-02 10:31:06.454148+00:00,2022-12-02 10:31:06.454148+00:00
1598602160849264642,ukraine-de,True,True,False,False,False,False,False,False,False,False,2022-12-02 10:31:06.453999+00:00,2022-12-02 10:31:06.453999+00:00
1598602161432264705,ukraine-de,True,True,False,False,False,False,False,False,False,False,2022-12-02 10:31:06.453903+00:00,2022-12-02 10:31:06.453903+00:00
1598602193342439427,ukraine-de,True,True,False,False,False,False,False,False,False,False,2022-12-02 10:31:06.453805+00:00,2022-12-02 10:31:06.453805+00:00
1598602193958993920,ukraine-de,True,True,False,False,False,False,False,False,False,False,2022-12-02 10:31:06.453699+00:00,2022-12-02 10:31:06.453699+00:00
1598602204918726656,ukraine-de,True,True,False,False,False,False,False,False,False,False,2022-12-02 10:30:26.810440+00:00,2022-12-02 10:31:06.453538+00:00
1598602209209352193,ukraine-de,True,False,False,False,False,False,False,False,False,False,2022-12-02 10:31:06.518934+00:00,2022-12-02 10:31:06.518934+00:00
1598602213848485888,ukraine-de,True,True,False,False,False,False,False,False,False,False,2022-12-02 10:31:06.453442+00:00,2022-12-02 10:31:06.453442+00:00
1598602221448581120,ukraine-de,True,True,False,False,False,False,False,False,False,False,2022-12-02 10:31:06.453342+00:00,2022-12-02 10:31:06.453342+00:00
1598602229933645825,ukraine-de,True,True,False,False,False,False,False,False,False,False,2022-12-02 10:31:06.453223+00:00,2022-12-02 10:31:06.453223+00:00
1598602253358825474,ukraine-de,True,False,False,False,False,False,False,False,False,False,2022-12-02 22:35:54.185967+00:00,2022-12-02 22:35:54.185967+00:00
1598602253711314944,ukraine-de,True,True,False,False,False,False,False,False,False,False,2022-12-02 10:30:26.800008+00:00,2022-12-02 10:31:06.453063+00:00
1598602253811986432,ukraine-de,True,True,False,False,False,False,False,False,False,False,2022-12-02 10:31:06.452947+00:00,2022-12-02 10:31:06.452947+00:00
1598602258056364032,ukraine-de,True,True,False,False,False,False,False,False,False,False,2022-12-02 10:31:06.452783+00:00,2022-12-02 10:31:06.452783+00:00
1598602262124711936,ukraine-de,True,True,False,False,False,False,False,False,False,False,2022-12-02 10:31:06.452663+00:00,2022-12-02 10:31:06.452663+00:00
1598602272048525312,ukraine-de,True,False,False,False,False,False,False,False,False,False,2022-12-02 10:30:17.999506+00:00,2022-12-02 10:30:17.999506+00:00
1598602302813880320,ukraine-de,True,True,False,False,False,False,False,False,False,False,2022-12-02 10:31:06.452509+00:00,2022-12-02 10:31:06.452509+00:00
1598602333159669762,ukraine-de,True,True,False,False,False,False,False,False,False,False,2022-12-02 10:31:06.452402+00:00,2022-12-02 10:31:06.452402+00:00
1598602347390779392,ukraine-de,True,True,False,False,False,False,False,False,False,False,2022-12-02 10:31:06.452206+00:00,2022-12-02 10:31:06.452206+00:00
1598602348980568065,ukraine-de,True,True,False,False,False,False,False,False,False,False,2022-12-02 10:31:06.452021+00:00,2022-12-02 10:31:06.452021+00:00
1598602365191524352,ukraine-de,True,True,False,False,False,False,False,False,False,False,2022-12-02 10:31:06.451875+00:00,2022-12-02 10:31:06.451875+00:00
1598602368567869440,ukraine-de,True,True,False,False,False,False,False,False,False,False,2022-12-02 10:31:06.451707+00:00,2022-12-02 10:31:06.451707+00:00
1598602383252025345,ukraine-de,True,True,False,False,False,False,False,False,False,False,2022-12-02 10:31:06.451481+00:00,2022-12-02 10:31:06.451481+00:00
1598602421843927040,ukraine-de,True,True,False,False,False,False,False,False,False,False,2022-12-02 10:31:06.451380+00:00,2022-12-02 10:31:06.451380+00:00
1598602423357960192,ukraine-de,True,True,False,False,False,False,False,False,False,False,2022-12-02 10:31:06.451274+00:00,2022-12-02 10:31:06.451274+00:00
1598602430668734464,ukraine-de,True,True,False,False,False,False,False,False,False,False,2022-12-02 10:31:06.451088+00:00,2022-12-02 10:31:06.451088+00:00
1598602439158013952,ukraine-de,True,True,False,False,False,False,False,False,False,False,2022-12-02 10:31:06.450990+00:00,2022-12-02 10:31:06.450990+00:00
1598602469231075328,ukraine-de,True,True,False,False,False,False,False,False,False,False,2022-12-02 10:31:06.450891+00:00,2022-12-02 10:31:06.450891+00:00
1598602491981086720,ukraine-de,True,True,False,False,False,False,False,False,False,False,2022-12-02 10:31:06.450790+00:00,2022-12-02 10:31:06.450790+00:00
1598602501816827905,ukraine-de,True,False,False,False,False,False,False,False,False,False,2022-12-02 15:04:13.049423+00:00,2022-12-02 15:04:13.049423+00:00
1598602504832372737,ukraine-de,True,True,False,False,False,False,False,False,False,False,2022-12-02 10:31:06.450689+00:00,2022-12-02 10:31:06.450689+00:00
1598602520309424129,ukraine-de,True,True,False,False,False,False,False,False,False,False,2022-12-02 10:31:06.450573+00:00,2022-12-02 10:31:06.450573+00:00
1598602559983345669,ukraine-de,True,True,False,False,False,False,False,False,False,False,2022-12-02 10:31:06.450408+00:00,2022-12-02 10:31:06.450408+00:00
1598602581407805440,ukraine-de,True,True,False,False,False,False,False,False,False,False,2022-12-02 10:31:06.450300+00:00,2022-12-02 10:31:06.450300+00:00
1598602607114821633,ukraine-de,True,True,False,False,False,False,False,False,False,False,2022-12-02 10:31:06.450105+00:00,2022-12-02 10:31:06.450105+00:00
1598602630745526273,ukraine-de,True,True,False,False,False,False,False,False,False,False,2022-12-02 10:31:06.449995+00:00,2022-12-02 10:31:06.449995+00:00
1598602634755248130,ukraine-de,True,True,False,False,False,False,False,False,False,False,2022-12-02 10:31:06.449812+00:00,2022-12-02 10:31:06.449812+00:00
1598602639960260608,ukraine-de,True,True,False,False,False,False,False,False,False,False,2022-12-02 10:31:06.449572+00:00,2022-12-02 10:31:06.449572+00:00
1598602654220894208,ukraine-de,True,False,False,False,False,False,False,False,False,False,2022-12-02 10:30:17.987760+00:00,2022-12-02 10:30:17.987760+00:00
1598602655668080641,ukraine-de,True,True,False,False,False,False,False,False,False,False,2022-12-02 10:31:06.449453+00:00,2022-12-02 10:31:06.449453+00:00
1598602666355167232,ukraine-de,True,True,False,False,False,False,False,False,False,False,2022-12-02 10:31:06.449275+00:00,2022-12-02 10:31:06.449275+00:00
1598602678933725184,ukraine-de,True,False,False,False,False,False,False,False,False,False,2022-12-02 10:31:06.517037+00:00,2022-12-02 10:31:06.517037+00:00
1598602690778599424,ukraine-de,True,True,False,False,False,False,False,False,False,False,2022-12-02 10:31:06.448894+00:00,2022-12-02 10:31:06.448894+00:00
1598602697183215618,ukraine-de,True,True,False,False,False,False,False,False,False,False,2022-12-02 10:31:06.448772+00:00,2022-12-02 10:31:06.448772+00:00
1598602699699781633,ukraine-de,True,True,False,False,False,False,False,False,False,False,2022-12-02 10:31:06.448644+00:00,2022-12-02 10:31:06.448644+00:00
1598602710554742785,ukraine-de,True,True,False,False,False,False,False,False,False,False,2022-12-02 10:31:06.448461+00:00,2022-12-02 10:31:06.448461+00:00
1598602713767579653,ukraine-de,True,True,False,False,False,False,False,False,False,False,2022-12-02 10:31:06.448279+00:00,2022-12-02 10:31:06.448279+00:00
1598602741068300288,ukraine-de,True,True,False,False,False,False,False,False,False,False,2022-12-02 10:31:06.448179+00:00,2022-12-02 10:31:06.448179+00:00
1598602783074258944,ukraine-de,True,True,False,False,False,False,False,False,False,False,2022-12-02 10:31:06.448078+00:00,2022-12-02 10:31:06.448078+00:00
1598602784823091201,ukraine-de,True,True,False,False,False,False,False,False,False,False,2022-12-02 10:31:06.447975+00:00,2022-12-02 10:31:06.447975+00:00
1598602805572505601,ukraine-de,True,True,False,False,False,False,False,False,False,False,2022-12-02 10:31:06.447870+00:00,2022-12-02 10:31:06.447870+00:00
1598602826309066757,ukraine-de,True,False,False,False,False,False,False,False,False,False,2022-12-02 10:31:06.516726+00:00,2022-12-02 10:31:06.516726+00:00
1598602859490287618,ukraine-de,True,True,False,False,False,False,False,False,False,False,2022-12-02 10:31:06.447731+00:00,2022-12-02 10:31:06.447731+00:00
1598602860824076288,ukraine-de,True,True,False,False,False,False,False,False,False,False,2022-12-02 10:31:06.447625+00:00,2022-12-02 10:31:06.447625+00:00
1598602875243880448,ukraine-de,True,False,False,False,False,False,False,False,False,False,2022-12-02 10:30:18.001425+00:00,2022-12-02 10:30:18.001425+00:00
1598602878163230723,ukraine-de,True,True,False,False,False,False,False,False,False,False,2022-12-02 10:31:06.447492+00:00,2022-12-02 10:31:06.447492+00:00
1598602883313725441,ukraine-de,True,True,False,False,False,False,False,False,False,False,2022-12-02 10:31:06.447379+00:00,2022-12-02 10:31:06.447379+00:00
1598602898790817794,ukraine-de,True,True,False,False,False,False,False,False,False,False,2022-12-02 10:31:06.447116+00:00,2022-12-02 10:31:06.447116+00:00
1598602904725852160,ukraine-de,True,True,False,False,False,False,False,False,False,False,2022-12-02 10:31:06.447015+00:00,2022-12-02 10:31:06.447015+00:00
1598602911788982272,ukraine-de,True,True,False,False,False,False,False,False,False,False,2022-12-02 10:31:06.446914+00:00,2022-12-02 10:31:06.446914+00:00
1598602924359401474,ukraine-de,True,True,False,False,False,False,False,False,False,False,2022-12-02 10:31:06.446812+00:00,2022-12-02 10:31:06.446812+00:00
1598602929396744193,ukraine-de,True,True,False,False,False,False,False,False,False,False,2022-12-02 10:31:06.446696+00:00,2022-12-02 10:31:06.446696+00:00
1598602935704997898,ukraine-de,True,True,False,False,False,False,False,False,False,False,2022-12-02 10:31:06.446569+00:00,2022-12-02 10:31:06.446569+00:00
1598602937504243712,ukraine-de,True,True,False,False,False,False,False,False,False,False,2022-12-02 10:31:06.446452+00:00,2022-12-02 10:31:06.446452+00:00
1598602940427681793,ukraine-de,True,True,False,False,False,False,False,False,False,False,2022-12-02 10:31:06.446331+00:00,2022-12-02 10:31:06.446331+00:00
1598602978130362369,ukraine-de,True,True,False,False,False,False,False,False,False,False,2022-12-02 10:31:06.446221+00:00,2022-12-02 10:31:06.446221+00:00
1598602988431372289,ukraine-de,True,True,False,False,False,False,False,False,False,False,2022-12-02 10:31:06.446075+00:00,2022-12-02 10:31:06.446075+00:00
1598603018248761345,ukraine-de,True,True,False,False,False,False,False,False,False,False,2022-12-02 10:31:06.445935+00:00,2022-12-02 10:31:06.445935+00:00
1598603030122807297,ukraine-de,True,True,False,False,False,False,False,False,False,False,2022-12-02 10:31:06.445102+00:00,2022-12-02 10:31:06.445102+00:00
1598603054370230273,ukraine-de,True,True,False,False,False,False,False,False,False,False,2022-12-02 10:31:06.444997+00:00,2022-12-02 10:31:06.444997+00:00
1598603057474011136,ukraine-de,True,True,False,False,False,False,False,False,False,False,2022-12-02 10:31:06.444873+00:00,2022-12-02 10:31:06.444873+00:00
1598603074028949505,ukraine-de,True,True,False,False,False,False,False,False,False,False,2022-12-02 10:31:06.444766+00:00,2022-12-02 10:31:06.444766+00:00
1598603099412865024,ukraine-de,True,True,False,False,False,False,False,False,False,False,2022-12-02 10:31:06.444646+00:00,2022-12-02 10:31:06.444646+00:00
1598603101501538304,ukraine-de,True,True,False,False,False,False,False,False,False,False,2022-12-02 10:31:06.444537+00:00,2022-12-02 10:31:06.444537+00:00
1598603237803921411,ukraine-de,True,True,False,False,False,False,False,False,False,False,2022-12-02 10:31:06.444416+00:00,2022-12-02 10:31:06.444416+00:00
1598603241444491266,ukraine-de,True,True,False,False,False,False,False,False,False,False,2022-12-02 10:31:06.443139+00:00,2022-12-02 10:31:06.443139+00:00
1598603271425458183,ukraine-de,True,True,False,False,False,False,False,False,False,False,2022-12-02 10:31:06.443021+00:00,2022-12-02 10:31:06.443021+00:00
1598603276186009601,ukraine-de,True,True,False,False,False,False,False,False,False,False,2022-12-02 10:31:06.442918+00:00,2022-12-02 10:31:06.442918+00:00
1598603316291846144,ukraine-de,True,True,False,False,False,False,False,False,False,False,2022-12-02 10:31:06.442816+00:00,2022-12-02 10:31:06.442816+00:00
1598603354053267457,ukraine-de,True,True,False,False,False,False,False,False,False,False,2022-12-02 10:31:06.442711+00:00,2022-12-02 10:31:06.442711+00:00
1598603382205186048,ukraine-de,True,True,False,False,False,False,False,False,False,False,2022-12-02 10:31:06.442575+00:00,2022-12-02 10:31:06.442575+00:00
1598603408646234112,ukraine-de,True,True,False,False,False,False,False,False,False,False,2022-12-02 10:31:06.442448+00:00,2022-12-02 10:31:06.442448+00:00
1598603411108548608,ukraine-de,True,True,False,False,False,False,False,False,False,False,2022-12-02 10:31:06.442318+00:00,2022-12-02 10:31:06.442318+00:00
1598603421455732736,ukraine-de,True,True,False,False,False,False,False,False,False,False,2022-12-02 10:31:06.442081+00:00,2022-12-02 10:31:06.442081+00:00
1598603422411931651,ukraine-de,True,True,False,False,False,False,False,False,False,False,2022-12-02 10:31:06.441142+00:00,2022-12-02 10:31:06.441142+00:00
1598603428019818496,ukraine-de,True,True,False,False,False,False,False,False,False,False,2022-12-02 10:31:06.441038+00:00,2022-12-02 10:31:06.441038+00:00
1598603441047306240,ukraine-de,True,True,False,False,False,False,False,False,False,False,2022-12-02 10:31:06.440931+00:00,2022-12-02 10:31:06.440931+00:00
1598603464547909632,ukraine-de,True,True,False,False,False,False,False,False,False,False,2022-12-02 10:31:06.440817+00:00,2022-12-02 10:31:06.440817+00:00
1598603526149738496,ukraine-de,True,True,False,False,False,False,False,False,False,False,2022-12-02 10:31:06.440674+00:00,2022-12-02 10:31:06.440674+00:00
1598603557825036290,ukraine-de,True,True,False,False,False,False,False,False,False,False,2022-12-02 10:31:06.439754+00:00,2022-12-02 10:31:06.439754+00:00
1598603563848339456,ukraine-de,True,True,False,False,False,False,False,False,False,False,2022-12-02 10:31:06.439646+00:00,2022-12-02 10:31:06.439646+00:00
1598603616138428419,ukraine-de,True,True,False,False,False,False,False,False,False,False,2022-12-02 10:31:06.439538+00:00,2022-12-02 10:31:06.439538+00:00
1598603623893815296,ukraine-de,True,False,False,False,False,False,False,False,False,False,2022-12-02 10:30:17.971748+00:00,2022-12-02 10:30:17.971748+00:00
1598603628746522624,ukraine-de,True,True,False,False,False,False,False,False,False,False,2022-12-02 10:31:06.439417+00:00,2022-12-02 10:31:06.439417+00:00
1598603629736312832,ukraine-de,True,True,False,False,False,False,False,False,False,False,2022-12-02 10:31:06.439276+00:00,2022-12-02 10:31:06.439276+00:00
1598603631472713728,ukraine-de,True,True,False,False,False,False,False,False,False,False,2022-12-02 10:31:06.439110+00:00,2022-12-02 10:31:06.439110+00:00
1598603692885901312,ukraine-de,True,False,False,False,False,False,False,False,False,False,2022-12-02 10:30:26.804195+00:00,2022-12-02 10:30:26.804195+00:00
1598603712921993216,ukraine-de,True,True,False,False,False,False,False,False,False,False,2022-12-02 10:31:06.438991+00:00,2022-12-02 10:31:06.438991+00:00
1598603725836263427,ukraine-de,True,True,False,False,False,False,False,False,False,False,2022-12-02 10:31:06.437164+00:00,2022-12-02 10:31:06.437164+00:00
1598603765908652032,ukraine-de,True,True,False,False,False,False,False,False,False,False,2022-12-02 10:30:17.957907+00:00,2022-12-02 10:31:06.437063+00:00
1598603773932457987,ukraine-de,True,True,False,False,False,False,False,False,False,False,2022-12-02 10:31:06.436950+00:00,2022-12-02 10:31:06.436950+00:00
1598603774154592257,ukraine-de,True,True,False,False,False,False,False,False,False,False,2022-12-02 10:31:06.436831+00:00,2022-12-02 10:31:06.436831+00:00
1598603779506585602,ukraine-de,True,True,False,False,False,False,False,False,False,False,2022-12-02 10:31:06.436720+00:00,2022-12-02 10:31:06.436720+00:00
1598603781725306880,ukraine-de,True,True,False,False,False,False,False,False,False,False,2022-12-02 10:31:06.436617+00:00,2022-12-02 10:31:06.436617+00:00
1598603798930493442,ukraine-de,True,True,False,False,False,False,False,False,False,False,2022-12-02 10:31:06.436511+00:00,2022-12-02 10:31:06.436511+00:00
1598603836645642243,ukraine-de,True,True,False,False,False,False,False,False,False,False,2022-12-02 10:31:06.436402+00:00,2022-12-02 10:31:06.436402+00:00
1598603849052393472,ukraine-de,True,True,False,False,False,False,False,False,False,False,2022-12-02 10:31:06.436266+00:00,2022-12-02 10:31:06.436266+00:00
1598603872196595712,ukraine-de,True,True,False,False,False,False,False,False,False,False,2022-12-02 10:31:06.436051+00:00,2022-12-02 10:31:06.436051+00:00
1598603878592909312,ukraine-de,True,True,False,False,False,False,False,False,False,False,2022-12-02 10:31:06.434747+00:00,2022-12-02 10:31:06.434747+00:00
1598603892983570434,ukraine-de,True,True,False,False,False,False,False,False,False,False,2022-12-02 10:31:06.434602+00:00,2022-12-02 10:31:06.434602+00:00
1598603913619456002,ukraine-de,True,True,False,False,False,False,False,False,False,False,2022-12-02 10:31:06.434503+00:00,2022-12-02 10:31:06.434503+00:00
1598603944544161792,ukraine-de,True,True,False,False,False,False,False,False,False,False,2022-12-02 10:31:06.434404+00:00,2022-12-02 10:31:06.434404+00:00
1598603969688965120,ukraine-de,True,True,False,False,False,False,False,False,False,False,2022-12-02 10:31:06.434305+00:00,2022-12-02 10:31:06.434305+00:00
1598604009668894721,ukraine-de,True,True,False,False,False,False,False,False,False,False,2022-12-02 10:31:06.434205+00:00,2022-12-02 10:31:06.434205+00:00
1598604043206762497,ukraine-de,True,True,False,False,False,False,False,False,False,False,2022-12-02 10:31:06.434101+00:00,2022-12-02 10:31:06.434101+00:00
1598604044720869376,ukraine-de,True,True,False,False,False,False,False,False,False,False,2022-12-02 10:31:06.433995+00:00,2022-12-02 10:31:06.433995+00:00
1598604050190454784,ukraine-de,True,True,False,False,False,False,False,False,False,False,2022-12-02 10:31:06.433814+00:00,2022-12-02 10:31:06.433814+00:00
1598604054955020291,ukraine-de,True,True,False,False,False,False,False,False,False,False,2022-12-02 10:31:06.433707+00:00,2022-12-02 10:31:06.433707+00:00
1598604066560610305,ukraine-de,True,True,False,False,False,False,False,False,False,False,2022-12-02 10:31:06.433577+00:00,2022-12-02 10:31:06.433577+00:00
1598604143752630273,ukraine-de,True,True,False,False,False,False,False,False,False,False,2022-12-02 10:31:06.433425+00:00,2022-12-02 10:31:06.433425+00:00
1598604165315436546,ukraine-de,True,True,False,False,False,False,False,False,False,False,2022-12-02 10:30:26.780595+00:00,2022-12-02 10:31:06.433241+00:00
1598604171267014657,ukraine-de,True,True,False,False,False,False,False,False,False,False,2022-12-02 10:30:17.957265+00:00,2022-12-02 10:31:06.431074+00:00
1598604229287022594,ukraine-de,True,True,False,False,False,False,False,False,False,False,2022-12-02 10:31:06.430961+00:00,2022-12-02 10:31:06.430961+00:00
1598604231551946752,ukraine-de,True,True,False,False,False,False,False,False,False,False,2022-12-02 10:31:06.430842+00:00,2022-12-02 10:31:06.430842+00:00
1598604238258667521,ukraine-de,True,True,False,False,False,False,False,False,False,False,2022-12-02 10:31:06.430740+00:00,2022-12-02 10:31:06.430740+00:00
1598604272194781191,ukraine-de,True,True,False,False,False,False,False,False,False,False,2022-12-02 10:31:06.430617+00:00,2022-12-02 10:31:06.430617+00:00
1598604273658609664,ukraine-de,True,False,False,False,False,False,False,False,False,False,2022-12-02 10:31:06.500879+00:00,2022-12-02 10:31:06.500879+00:00
1598604283305496577,ukraine-de,True,True,False,False,False,False,False,False,False,False,2022-12-02 10:31:06.430514+00:00,2022-12-02 10:31:06.430514+00:00
1598604297813499904,ukraine-de,True,True,False,False,False,False,False,False,False,False,2022-12-02 10:31:06.430408+00:00,2022-12-02 10:31:06.430408+00:00
1598604316289417219,ukraine-de,True,True,False,False,False,False,False,False,False,False,2022-12-02 10:31:06.430300+00:00,2022-12-02 10:31:06.430300+00:00
1598604319103795200,ukraine-de,True,True,False,False,False,False,False,False,False,False,2022-12-02 10:31:06.430152+00:00,2022-12-02 10:31:06.430152+00:00
1598604329878835200,ukraine-de,True,True,False,False,False,False,False,False,False,False,2022-12-02 10:31:06.430010+00:00,2022-12-02 10:31:06.430010+00:00
1598604330592047105,ukraine-de,True,True,False,False,False,False,False,False,False,False,2022-12-02 10:31:06.428393+00:00,2022-12-02 10:31:06.428393+00:00
1598604380588179458,ukraine-de,True,True,False,False,False,False,False,False,False,False,2022-12-02 10:31:06.421302+00:00,2022-12-02 10:31:06.421302+00:00
1598604384853712896,ukraine-de,True,True,False,False,False,False,False,False,False,False,2022-12-02 10:31:06.421203+00:00,2022-12-02 10:31:06.421203+00:00
1598604389270306817,ukraine-de,True,True,False,False,False,False,False,False,False,False,2022-12-02 10:31:06.421089+00:00,2022-12-02 10:31:06.421089+00:00
1598604400129413120,ukraine-de,True,True,False,False,False,False,False,False,False,False,2022-12-02 10:31:06.420989+00:00,2022-12-02 10:31:06.420989+00:00
1598604403291746310,ukraine-de,True,True,False,False,False,False,False,False,False,False,2022-12-02 10:31:06.420890+00:00,2022-12-02 10:31:06.420890+00:00
1598604407578320896,ukraine-de,True,False,False,False,False,False,False,False,False,False,2022-12-02 15:05:53.784308+00:00,2022-12-02 15:05:53.784308+00:00
1598604407649800192,ukraine-de,True,True,False,False,False,False,False,False,False,False,2022-12-02 10:31:06.420790+00:00,2022-12-02 10:31:06.420790+00:00
1598604424305414145,ukraine-de,True,True,False,False,False,False,False,False,False,False,2022-12-02 10:31:06.420674+00:00,2022-12-02 10:31:06.420674+00:00
1598604438515716103,ukraine-de,True,True,False,False,False,False,False,False,False,False,2022-12-02 10:31:06.420556+00:00,2022-12-02 10:31:06.420556+00:00
1598604453539504128,ukraine-de,True,True,False,False,False,False,False,False,False,False,2022-12-02 10:31:06.420456+00:00,2022-12-02 10:31:06.420456+00:00
1598604460200284168,ukraine-de,True,True,False,False,False,False,False,False,False,False,2022-12-02 10:31:06.420356+00:00,2022-12-02 10:31:06.420356+00:00
1598604461940744194,ukraine-de,True,True,False,False,False,False,False,False,False,False,2022-12-02 10:31:06.420255+00:00,2022-12-02 10:31:06.420255+00:00
1598604502336262146,ukraine-de,True,True,False,False,False,False,False,False,False,False,2022-12-02 10:31:06.420140+00:00,2022-12-02 10:31:06.420140+00:00
1598604505595224064,ukraine-de,True,True,False,False,False,False,False,False,False,False,2022-12-02 10:31:06.420037+00:00,2022-12-02 10:31:06.420037+00:00
1598604519662768128,ukraine-de,True,True,False,False,False,False,False,False,False,False,2022-12-02 10:31:06.419932+00:00,2022-12-02 10:31:06.419932+00:00
1598604520744894471,ukraine-de,True,True,False,False,False,False,False,False,False,False,2022-12-02 10:31:06.419797+00:00,2022-12-02 10:31:06.419797+00:00
1598604540336652289,ukraine-de,True,True,False,False,False,False,False,False,False,False,2022-12-02 10:31:06.419671+00:00,2022-12-02 10:31:06.419671+00:00
1598604558674149378,ukraine-de,True,True,False,False,False,False,False,False,False,False,2022-12-02 10:31:06.418123+00:00,2022-12-02 10:31:06.418123+00:00
1598604622930796544,ukraine-de,True,True,False,False,False,False,False,False,False,False,2022-12-02 10:31:06.414386+00:00,2022-12-02 10:31:06.414386+00:00
1598604627091419136,ukraine-de,True,True,False,False,False,False,False,False,False,False,2022-12-02 10:31:06.414287+00:00,2022-12-02 10:31:06.414287+00:00
1598604688538083328,ukraine-de,True,True,False,False,False,False,False,False,False,False,2022-12-02 10:31:06.414172+00:00,2022-12-02 10:31:06.414172+00:00
1598604689871863808,ukraine-de,True,True,False,False,False,False,False,False,False,False,2022-12-02 10:31:06.414057+00:00,2022-12-02 10:31:06.414057+00:00
1598604722663030785,ukraine-de,True,True,False,False,False,False,False,False,False,False,2022-12-02 10:31:06.413957+00:00,2022-12-02 10:31:06.413957+00:00
1598604734683910146,ukraine-de,True,True,False,False,False,False,False,False,False,False,2022-12-02 10:31:06.413854+00:00,2022-12-02 10:31:06.413854+00:00
1598604739737853952,ukraine-de,True,True,False,False,False,False,False,False,False,False,2022-12-02 10:31:06.413752+00:00,2022-12-02 10:31:06.413752+00:00
1598604749410123778,ukraine-de,True,True,False,False,False,False,False,False,False,False,2022-12-02 10:31:06.413647+00:00,2022-12-02 10:31:06.413647+00:00
1598604754137108482,ukraine-de,True,True,False,False,False,False,False,False,False,False,2022-12-02 10:31:06.413492+00:00,2022-12-02 10:31:06.413492+00:00
1598604756628406274,ukraine-de,True,True,False,False,False,False,False,False,False,False,2022-12-02 10:31:06.413394+00:00,2022-12-02 10:31:06.413394+00:00
1598604760814301190,ukraine-de,True,True,False,False,False,False,False,False,False,False,2022-12-02 10:31:06.413295+00:00,2022-12-02 10:31:06.413295+00:00
1598604764509503488,ukraine-de,True,True,False,False,False,False,False,False,False,False,2022-12-02 10:31:06.413196+00:00,2022-12-02 10:31:06.413196+00:00
1598604772885630976,ukraine-de,True,False,False,False,False,False,False,False,False,False,2022-12-02 10:31:06.498149+00:00,2022-12-02 10:31:06.498149+00:00
1598604782104625152,ukraine-de,True,False,False,False,False,False,False,False,False,False,2022-12-02 10:30:26.830163+00:00,2022-12-02 10:30:26.830163+00:00
1598604811179532288,ukraine-de,True,True,False,False,False,False,False,False,False,False,2022-12-02 10:31:06.413096+00:00,2022-12-02 10:31:06.413096+00:00
1598604819614269440,ukraine-de,True,True,False,False,False,False,False,False,False,False,2022-12-02 10:31:06.412995+00:00,2022-12-02 10:31:06.412995+00:00
1598604831031263232,ukraine-de,True,False,False,False,False,False,False,False,False,False,2022-12-02 15:01:30.394390+00:00,2022-12-02 15:01:30.394390+00:00
1598604845295861761,ukraine-de,True,True,False,False,False,False,False,False,False,False,2022-12-02 10:31:06.412875+00:00,2022-12-02 10:31:06.412875+00:00
1598604848185847808,ukraine-de,True,True,False,False,False,False,False,False,False,False,2022-12-02 10:31:06.412759+00:00,2022-12-02 10:31:06.412759+00:00
1598604865231618048,ukraine-de,True,True,False,False,False,False,False,False,False,False,2022-12-02 10:31:06.412660+00:00,2022-12-02 10:31:06.412660+00:00
1598604909607354369,ukraine-de,True,True,False,False,False,False,False,False,False,False,2022-12-02 10:31:06.412544+00:00,2022-12-02 10:31:06.412544+00:00
1598604941144502274,ukraine-de,True,True,False,False,False,False,False,False,False,False,2022-12-02 10:31:06.412415+00:00,2022-12-02 10:31:06.412415+00:00
1598604952846274560,ukraine-de,True,True,False,False,False,False,False,False,False,False,2022-12-02 10:31:06.412318+00:00,2022-12-02 10:31:06.412318+00:00
1598604994353176576,ukraine-de,True,True,False,False,False,False,False,False,False,False,2022-12-02 10:31:06.412221+00:00,2022-12-02 10:31:06.412221+00:00
1598604999352885249,ukraine-de,True,True,False,False,False,False,False,False,False,False,2022-12-02 10:31:06.412123+00:00,2022-12-02 10:31:06.412123+00:00
1598605013693218818,ukraine-de,True,True,False,False,False,False,False,False,False,False,2022-12-02 10:31:06.412025+00:00,2022-12-02 10:31:06.412025+00:00
1598605034115080192,ukraine-de,True,True,False,False,False,False,False,False,False,False,2022-12-02 10:31:06.411928+00:00,2022-12-02 10:31:06.411928+00:00
1598605057334956033,ukraine-de,True,True,False,False,False,False,False,False,False,False,2022-12-02 10:31:06.411819+00:00,2022-12-02 10:31:06.411819+00:00
1598605065308315648,ukraine-de,True,True,False,False,False,False,False,False,False,False,2022-12-02 10:31:06.411719+00:00,2022-12-02 10:31:06.411719+00:00
1598605074590310401,ukraine-de,True,True,False,False,False,False,False,False,False,False,2022-12-02 10:31:06.411617+00:00,2022-12-02 10:31:06.411617+00:00
1598605184569057281,ukraine-de,True,True,False,False,False,False,False,False,False,False,2022-12-02 10:31:06.411514+00:00,2022-12-02 10:31:06.411514+00:00
1598605186099924995,ukraine-de,True,True,False,False,False,False,False,False,False,False,2022-12-02 10:31:06.411410+00:00,2022-12-02 10:31:06.411410+00:00
1598605201627381760,ukraine-de,True,True,False,False,False,False,False,False,False,False,2022-12-02 10:31:06.411302+00:00,2022-12-02 10:31:06.411302+00:00
1598605223609700357,ukraine-de,True,True,False,False,False,False,False,False,False,False,2022-12-02 10:31:06.411140+00:00,2022-12-02 10:31:06.411140+00:00
1598605239606657025,ukraine-de,True,True,False,False,False,False,False,False,False,False,2022-12-02 10:31:06.411026+00:00,2022-12-02 10:31:06.411026+00:00
1598605243381698561,ukraine-de,True,True,False,False,False,False,False,False,False,False,2022-12-02 10:31:06.410881+00:00,2022-12-02 10:31:06.410881+00:00
1598605280824139776,ukraine-de,True,True,False,False,False,False,False,False,False,False,2022-12-02 10:31:06.409011+00:00,2022-12-02 10:31:06.409011+00:00
1598605303351738368,ukraine-de,True,True,False,False,False,False,False,False,False,False,2022-12-02 10:31:06.408882+00:00,2022-12-02 10:31:06.408882+00:00
1598605322360430595,ukraine-de,True,True,False,False,False,False,False,False,False,False,2022-12-02 10:31:06.408679+00:00,2022-12-02 10:31:06.408679+00:00
1598605326571520000,ukraine-de,True,False,False,False,False,False,False,False,False,False,2022-12-02 19:51:22.149540+00:00,2022-12-02 19:51:22.149540+00:00
1598605328865599496,ukraine-de,True,True,False,False,False,False,False,False,False,False,2022-12-02 10:30:17.964617+00:00,2022-12-02 10:31:06.407791+00:00
1598605346099953664,ukraine-de,True,True,False,False,False,False,False,False,False,False,2022-12-02 10:31:06.407573+00:00,2022-12-02 10:31:06.407573+00:00
1598605347291385856,ukraine-de,True,True,False,False,False,False,False,False,False,False,2022-12-02 10:31:06.406363+00:00,2022-12-02 10:31:06.406363+00:00
1598605365289095168,ukraine-de,True,True,False,False,False,False,False,False,False,False,2022-12-02 10:31:06.406248+00:00,2022-12-02 10:31:06.406248+00:00
1598605370825768962,ukraine-de,True,False,False,False,False,False,False,False,False,False,2022-12-02 15:05:39.923040+00:00,2022-12-02 15:05:39.923040+00:00
1598605374688579586,ukraine-de,True,True,False,False,False,False,False,False,False,False,2022-12-02 10:31:06.406060+00:00,2022-12-02 10:31:06.406060+00:00
1598605392661069824,ukraine-de,True,True,False,False,False,False,False,False,False,False,2022-12-02 10:31:06.405811+00:00,2022-12-02 10:31:06.405811+00:00
1598605396507344899,ukraine-de,True,False,False,False,False,False,False,False,False,False,2022-12-02 10:31:06.503268+00:00,2022-12-02 10:31:06.503268+00:00
1598605415272443904,ukraine-de,True,False,False,False,False,False,False,False,False,False,2022-12-02 15:05:53.772627+00:00,2022-12-02 15:05:53.772627+00:00
1598605466627674113,ukraine-de,True,True,False,False,False,False,False,False,False,False,2022-12-02 10:31:06.404380+00:00,2022-12-02 10:31:06.404380+00:00
1598605476219985921,ukraine-de,True,True,False,False,False,False,False,False,False,False,2022-12-02 10:31:06.403664+00:00,2022-12-02 10:31:06.403664+00:00
1598605484419858436,ukraine-de,True,False,False,False,False,False,False,False,False,False,2022-12-02 19:51:30.202230+00:00,2022-12-02 19:51:30.202230+00:00
1598605485057400834,ukraine-de,True,True,False,False,False,False,False,False,False,False,2022-12-02 10:31:06.403050+00:00,2022-12-02 10:31:06.403050+00:00
1598605504368070656,ukraine-de,True,False,False,False,False,False,False,False,False,False,2022-12-02 10:30:17.967670+00:00,2022-12-02 10:30:17.967670+00:00
1598605557849522176,ukraine-de,True,True,False,False,False,False,False,False,False,False,2022-12-02 10:31:06.402158+00:00,2022-12-02 10:31:06.402158+00:00
1598605585414606848,ukraine-de,True,True,False,False,False,False,False,False,False,False,2022-12-02 10:31:06.401379+00:00,2022-12-02 10:31:06.401379+00:00
1598605590913327105,ukraine-de,True,False,False,False,False,False,False,False,False,False,2022-12-02 15:01:30.400149+00:00,2022-12-02 15:01:30.400149+00:00
1598605591760367617,ukraine-de,True,False,False,False,False,False,False,False,False,False,2022-12-02 10:30:17.997089+00:00,2022-12-02 10:30:17.997089+00:00
1598605600086269954,ukraine-de,True,True,False,False,False,False,False,False,False,False,2022-12-02 10:31:06.401243+00:00,2022-12-02 10:31:06.401243+00:00
1598605612102713344,ukraine-de,True,True,False,False,False,False,False,False,False,False,2022-12-02 10:31:06.401136+00:00,2022-12-02 10:31:06.401136+00:00
1598605616544628737,ukraine-de,True,True,False,False,False,False,False,False,False,False,2022-12-02 10:31:06.401021+00:00,2022-12-02 10:31:06.401021+00:00
1598605627756261376,ukraine-de,True,True,False,False,False,False,False,False,False,False,2022-12-02 10:31:06.400266+00:00,2022-12-02 10:31:06.400266+00:00
1598605631019044864,ukraine-de,True,True,False,False,False,False,False,False,False,False,2022-12-02 10:31:06.400149+00:00,2022-12-02 10:31:06.400149+00:00
1598605633296642048,ukraine-de,True,True,False,False,False,False,False,False,False,False,2022-12-02 10:31:06.400050+00:00,2022-12-02 10:31:06.400050+00:00
1598605633686626304,ukraine-de,True,True,False,False,False,False,False,False,False,False,2022-12-02 10:31:06.399950+00:00,2022-12-02 10:31:06.399950+00:00
1598605636996145152,ukraine-de,True,True,False,False,False,False,False,False,False,False,2022-12-02 10:31:06.399829+00:00,2022-12-02 10:31:06.399829+00:00
1598605643325251585,ukraine-de,True,False,False,False,False,False,False,False,False,False,2022-12-02 15:07:19.462594+00:00,2022-12-02 15:07:19.462594+00:00
1598605646399623169,ukraine-de,True,True,False,False,False,False,False,False,False,False,2022-12-02 10:31:06.399552+00:00,2022-12-02 10:31:06.399552+00:00
1598605648765370369,ukraine-de,True,True,False,False,False,False,False,False,False,False,2022-12-02 10:31:06.399442+00:00,2022-12-02 10:31:06.399442+00:00
1598605655509721088,ukraine-de,True,True,False,False,False,False,False,False,False,False,2022-12-02 10:30:26.827963+00:00,2022-12-02 10:31:06.399271+00:00
1598605691173969921,ukraine-de,True,True,False,False,False,False,False,False,False,False,2022-12-02 10:31:06.399081+00:00,2022-12-02 10:31:06.399081+00:00
1598605698765578242,ukraine-de,True,True,False,False,False,False,False,False,False,False,2022-12-02 10:31:06.398942+00:00,2022-12-02 10:31:06.398942+00:00
1598605699688402945,ukraine-de,True,True,False,False,False,False,False,False,False,False,2022-12-02 10:31:06.398822+00:00,2022-12-02 10:31:06.398822+00:00
1598605708018257920,ukraine-de,True,True,False,False,False,False,False,False,False,False,2022-12-02 10:31:06.398567+00:00,2022-12-02 10:31:06.398567+00:00
1598605718910812161,ukraine-de,True,True,False,False,False,False,False,False,False,False,2022-12-02 10:31:06.396122+00:00,2022-12-02 10:31:06.396122+00:00
1598605728897413120,ukraine-de,True,False,False,False,False,False,False,False,False,False,2022-12-02 19:51:08.484160+00:00,2022-12-02 19:51:08.484160+00:00
1598605751630516224,ukraine-de,True,True,False,False,False,False,False,False,False,False,2022-12-02 10:31:06.396019+00:00,2022-12-02 10:31:06.396019+00:00
1598605812506628097,ukraine-de,True,True,False,False,False,False,False,False,False,False,2022-12-02 10:31:06.395914+00:00,2022-12-02 10:31:06.395914+00:00
1598605823302926339,ukraine-de,True,True,False,False,False,False,False,False,False,False,2022-12-02 10:31:06.395806+00:00,2022-12-02 10:31:06.395806+00:00
1598605842579828742,ukraine-de,True,True,False,False,False,False,False,False,False,False,2022-12-02 10:31:06.395684+00:00,2022-12-02 10:31:06.395684+00:00
1598605853082394625,ukraine-de,True,True,False,False,False,False,False,False,False,False,2022-12-02 10:31:06.395254+00:00,2022-12-02 10:31:06.395254+00:00
1598605903674187777,ukraine-de,True,False,False,False,False,False,False,False,False,False,2022-12-02 10:30:26.829708+00:00,2022-12-02 10:30:26.829708+00:00
1598605924460961794,ukraine-de,True,True,False,False,False,False,False,False,False,False,2022-12-02 10:31:06.395113+00:00,2022-12-02 10:31:06.395113+00:00
1598605987903983617,ukraine-de,True,True,False,False,False,False,False,False,False,False,2022-12-02 10:31:06.394928+00:00,2022-12-02 10:31:06.394928+00:00
1598605994895896577,ukraine-de,True,True,False,False,False,False,False,False,False,False,2022-12-02 10:31:06.394807+00:00,2022-12-02 10:31:06.394807+00:00
1598606013703360513,ukraine-de,True,True,False,False,False,False,False,False,False,False,2022-12-02 10:31:06.394685+00:00,2022-12-02 10:31:06.394685+00:00
1598606030853873664,ukraine-de,True,False,False,False,False,False,False,False,False,False,2022-12-02 10:31:06.495971+00:00,2022-12-02 10:31:06.495971+00:00
1598606052219506688,ukraine-de,True,True,False,False,False,False,False,False,False,False,2022-12-02 10:31:06.394553+00:00,2022-12-02 10:31:06.394553+00:00
1598606057810468865,ukraine-de,True,True,False,False,False,False,False,False,False,False,2022-12-02 10:31:06.394442+00:00,2022-12-02 10:31:06.394442+00:00
1598606118527406080,ukraine-de,True,True,False,False,False,False,False,False,False,False,2022-12-02 10:31:06.394288+00:00,2022-12-02 10:31:06.394288+00:00
1598606130099277826,ukraine-de,True,False,False,False,False,False,False,False,False,False,2022-12-02 10:30:26.772382+00:00,2022-12-02 10:30:26.772382+00:00
1598606138206920704,ukraine-de,True,True,False,False,False,False,False,False,False,False,2022-12-02 10:31:06.394170+00:00,2022-12-02 10:31:06.394170+00:00
1598606138945118208,ukraine-de,True,True,False,False,False,False,False,False,False,False,2022-12-02 10:31:06.393999+00:00,2022-12-02 10:31:06.393999+00:00
1598606175657926659,ukraine-de,True,True,False,False,False,False,False,False,False,False,2022-12-02 10:31:06.391368+00:00,2022-12-02 10:31:06.391368+00:00
1598606176681426944,ukraine-de,True,True,False,False,False,False,False,False,False,False,2022-12-02 10:30:26.803868+00:00,2022-12-02 10:31:06.391251+00:00
1598606180225634304,ukraine-de,True,True,False,False,False,False,False,False,False,False,2022-12-02 10:31:06.391142+00:00,2022-12-02 10:31:06.391142+00:00
1598606228422279168,ukraine-de,True,True,False,False,False,False,False,False,False,False,2022-12-02 10:30:17.968432+00:00,2022-12-02 10:31:06.390999+00:00
1598606230322401283,ukraine-de,True,False,False,False,False,False,False,False,False,False,2022-12-02 10:30:17.957689+00:00,2022-12-02 10:30:17.957689+00:00
1598606263075700737,ukraine-de,True,True,False,False,False,False,False,False,False,False,2022-12-02 10:31:06.390852+00:00,2022-12-02 10:31:06.390852+00:00
1598606264531132416,ukraine-de,True,True,False,False,False,False,False,False,False,False,2022-12-02 10:31:06.389448+00:00,2022-12-02 10:31:06.389448+00:00
1598606276656877570,ukraine-de,True,True,False,False,False,False,False,False,False,False,2022-12-02 10:30:26.778049+00:00,2022-12-02 10:31:06.389342+00:00
1598606283451539456,ukraine-de,True,True,False,False,False,False,False,False,False,False,2022-12-02 10:31:06.389240+00:00,2022-12-02 10:31:06.389240+00:00
1598606289134915588,ukraine-de,True,True,False,False,False,False,False,False,False,False,2022-12-02 10:31:06.389136+00:00,2022-12-02 10:31:06.389136+00:00
1598606295984230400,ukraine-de,True,True,False,False,False,False,False,False,False,False,2022-12-02 10:31:06.389031+00:00,2022-12-02 10:31:06.389031+00:00
1598606329379168258,ukraine-de,True,True,False,False,False,False,False,False,False,False,2022-12-02 10:31:06.388901+00:00,2022-12-02 10:31:06.388901+00:00
1598606341605580801,ukraine-de,True,True,False,False,False,False,False,False,False,False,2022-12-02 10:31:06.388795+00:00,2022-12-02 10:31:06.388795+00:00
1598606350866685952,ukraine-de,True,True,False,False,False,False,False,False,False,False,2022-12-02 10:31:06.388687+00:00,2022-12-02 10:31:06.388687+00:00
1598606360693936128,ukraine-de,True,True,False,False,False,False,False,False,False,False,2022-12-02 10:31:06.388567+00:00,2022-12-02 10:31:06.388567+00:00
1598606408882298881,ukraine-de,True,True,False,False,False,False,False,False,False,False,2022-12-02 10:31:06.388302+00:00,2022-12-02 10:31:06.388302+00:00
1598606415408529409,ukraine-de,True,True,False,False,False,False,False,False,False,False,2022-12-02 10:31:06.387150+00:00,2022-12-02 10:31:06.387150+00:00
1598606443351281666,ukraine-de,True,True,False,False,False,False,False,False,False,False,2022-12-02 10:31:06.387038+00:00,2022-12-02 10:31:06.387038+00:00
1598606464360349697,ukraine-de,True,True,False,False,False,False,False,False,False,False,2022-12-02 10:31:06.386921+00:00,2022-12-02 10:31:06.386921+00:00
1598606475940732929,ukraine-de,True,False,False,False,False,False,False,False,False,False,2022-12-02 10:31:06.499981+00:00,2022-12-02 10:31:06.499981+00:00
1598606480948793344,ukraine-de,True,True,False,False,False,False,False,False,False,False,2022-12-02 10:31:06.386643+00:00,2022-12-02 10:31:06.386643+00:00
1598606531464830976,ukraine-de,True,True,False,False,False,False,False,False,False,False,2022-12-02 10:31:06.386082+00:00,2022-12-02 10:31:06.386082+00:00
1598606582555836418,ukraine-de,True,True,False,False,False,False,False,False,False,False,2022-12-02 10:31:06.385938+00:00,2022-12-02 10:31:06.385938+00:00
1598606584816566272,ukraine-de,True,True,False,False,False,False,False,False,False,False,2022-12-02 10:31:06.385760+00:00,2022-12-02 10:31:06.385760+00:00
1598606642026774528,ukraine-de,True,True,False,False,False,False,False,False,False,False,2022-12-02 10:31:06.385533+00:00,2022-12-02 10:31:06.385533+00:00
1598606659282141186,ukraine-de,True,True,False,False,False,False,False,False,False,False,2022-12-02 10:31:06.385414+00:00,2022-12-02 10:31:06.385414+00:00
1598606683571453952,ukraine-de,True,True,False,False,False,False,False,False,False,False,2022-12-02 10:31:06.385204+00:00,2022-12-02 10:31:06.385204+00:00
1598606702370242561,ukraine-de,True,True,False,False,False,False,False,False,False,False,2022-12-02 10:31:06.381748+00:00,2022-12-02 10:31:06.381748+00:00
1598606711341711361,ukraine-de,True,True,False,False,False,False,False,False,False,False,2022-12-02 10:31:06.381648+00:00,2022-12-02 10:31:06.381648+00:00
1598606747819655169,ukraine-de,True,True,False,False,False,False,False,False,False,False,2022-12-02 10:31:06.381525+00:00,2022-12-02 10:31:06.381525+00:00
1598606769747628033,ukraine-de,True,True,False,False,False,False,False,False,False,False,2022-12-02 10:31:06.381416+00:00,2022-12-02 10:31:06.381416+00:00
1598606795643166720,ukraine-de,True,True,False,False,False,False,False,False,False,False,2022-12-02 10:31:06.381317+00:00,2022-12-02 10:31:06.381317+00:00
1598606822142877696,ukraine-de,True,True,False,False,False,False,False,False,False,False,2022-12-02 10:31:06.381218+00:00,2022-12-02 10:31:06.381218+00:00
1598606865528520705,ukraine-de,True,True,False,False,False,False,False,False,False,False,2022-12-02 10:31:06.381118+00:00,2022-12-02 10:31:06.381118+00:00
1598606872659075074,ukraine-de,True,False,False,False,False,False,False,False,False,False,2022-12-02 15:07:19.454813+00:00,2022-12-02 15:07:19.454813+00:00
1598606881299103745,ukraine-de,True,True,False,False,False,False,False,False,False,False,2022-12-02 10:31:06.381018+00:00,2022-12-02 10:31:06.381018+00:00
1598606904204443648,ukraine-de,True,True,False,False,False,False,False,False,False,False,2022-12-02 10:31:06.380917+00:00,2022-12-02 10:31:06.380917+00:00
1598606921036189696,ukraine-de,True,True,False,False,False,False,False,False,False,False,2022-12-02 10:31:06.380815+00:00,2022-12-02 10:31:06.380815+00:00
1598606923867344896,ukraine-de,True,True,False,False,False,False,False,False,False,False,2022-12-02 10:31:06.380712+00:00,2022-12-02 10:31:06.380712+00:00
1598606931417071616,ukraine-de,True,True,False,False,False,False,False,False,False,False,2022-12-02 10:31:06.380608+00:00,2022-12-02 10:31:06.380608+00:00
1598606931568070657,ukraine-de,True,False,False,False,False,False,False,False,False,False,2022-12-02 10:30:26.772696+00:00,2022-12-02 10:30:26.772696+00:00
1598606942036975617,ukraine-de,True,True,False,False,False,False,False,False,False,False,2022-12-02 10:31:06.380502+00:00,2022-12-02 10:31:06.380502+00:00
1598606950987612160,ukraine-de,True,True,False,False,False,False,False,False,False,False,2022-12-02 10:31:06.380360+00:00,2022-12-02 10:31:06.380360+00:00
1598606958596182017,ukraine-de,True,True,False,False,False,False,False,False,False,False,2022-12-02 10:31:06.380259+00:00,2022-12-02 10:31:06.380259+00:00
1598606979349504000,ukraine-de,True,True,False,False,False,False,False,False,False,False,2022-12-02 10:31:06.380156+00:00,2022-12-02 10:31:06.380156+00:00
1598606981505466368,ukraine-de,True,True,False,False,False,False,False,False,False,False,2022-12-02 10:31:06.380054+00:00,2022-12-02 10:31:06.380054+00:00
1598606984202395649,ukraine-de,True,True,False,False,False,False,False,False,False,False,2022-12-02 10:31:06.379952+00:00,2022-12-02 10:31:06.379952+00:00
1598606990254669824,ukraine-de,True,True,False,False,False,False,False,False,False,False,2022-12-02 10:31:06.379848+00:00,2022-12-02 10:31:06.379848+00:00
1598606996139393026,ukraine-de,True,True,False,False,False,False,False,False,False,False,2022-12-02 10:31:06.379741+00:00,2022-12-02 10:31:06.379741+00:00
1598607017995804675,ukraine-de,True,True,False,False,False,False,False,False,False,False,2022-12-02 10:31:06.379628+00:00,2022-12-02 10:31:06.379628+00:00
1598607024677232640,ukraine-de,True,True,False,False,False,False,False,False,False,False,2022-12-02 10:31:06.379436+00:00,2022-12-02 10:31:06.379436+00:00
1598607029471354880,ukraine-de,True,True,False,False,False,False,False,False,False,False,2022-12-02 10:31:06.376857+00:00,2022-12-02 10:31:06.376857+00:00
1598607029571964928,ukraine-de,True,True,False,False,False,False,False,False,False,False,2022-12-02 10:31:06.376756+00:00,2022-12-02 10:31:06.376756+00:00
1598607034802470914,ukraine-de,True,True,False,False,False,False,False,False,False,False,2022-12-02 10:31:06.376654+00:00,2022-12-02 10:31:06.376654+00:00
1598607047637049347,ukraine-de,True,True,False,False,False,False,False,False,False,False,2022-12-02 10:31:06.376550+00:00,2022-12-02 10:31:06.376550+00:00
1598607050443051009,ukraine-de,True,True,False,False,False,False,False,False,False,False,2022-12-02 10:31:06.376445+00:00,2022-12-02 10:31:06.376445+00:00
1598607059876040706,ukraine-de,True,True,False,False,False,False,False,False,False,False,2022-12-02 10:31:06.376336+00:00,2022-12-02 10:31:06.376336+00:00
1598607091236732928,ukraine-de,True,True,False,False,False,False,False,False,False,False,2022-12-02 10:31:06.376219+00:00,2022-12-02 10:31:06.376219+00:00
1598607121708449795,ukraine-de,True,False,False,False,False,False,False,False,False,False,2022-12-03 11:05:26.646230+00:00,2022-12-03 11:05:26.646230+00:00
1598607126410117120,ukraine-de,True,True,False,False,False,False,False,False,False,False,2022-12-02 10:31:06.375945+00:00,2022-12-02 10:31:06.375945+00:00
1598607135033565184,ukraine-de,True,True,False,False,False,False,False,False,False,False,2022-12-02 10:30:26.768943+00:00,2022-12-02 10:30:26.768943+00:00
1598607159608197121,ukraine-de,True,True,False,False,False,False,False,False,False,False,2022-12-02 10:30:26.768842+00:00,2022-12-02 10:30:26.768842+00:00
1598607172853764097,ukraine-de,True,True,False,False,False,False,False,False,False,False,2022-12-02 10:30:26.768738+00:00,2022-12-02 10:30:26.768738+00:00
1598607183545077760,ukraine-de,True,True,False,False,False,False,False,False,False,False,2022-12-02 10:30:26.768543+00:00,2022-12-02 10:30:26.768543+00:00
1598607198770196480,ukraine-de,True,False,False,False,False,False,False,False,False,False,2022-12-02 10:30:26.814264+00:00,2022-12-02 10:30:26.814264+00:00
1598607217195892738,ukraine-de,True,True,False,False,False,False,False,False,False,False,2022-12-02 10:30:26.768428+00:00,2022-12-02 10:30:26.768428+00:00
1598607252755300352,ukraine-de,True,True,False,False,False,False,False,False,False,False,2022-12-02 10:30:26.768324+00:00,2022-12-02 10:30:26.768324+00:00
1598607253808074757,ukraine-de,True,True,False,False,False,False,False,False,False,False,2022-12-02 10:30:26.768217+00:00,2022-12-02 10:30:26.768217+00:00
1598607262284644354,ukraine-de,True,True,False,False,False,False,False,False,False,False,2022-12-02 10:30:26.767967+00:00,2022-12-02 10:30:26.767967+00:00
1598607263186427904,ukraine-de,True,True,False,False,False,False,False,False,False,False,2022-12-02 10:30:26.767794+00:00,2022-12-02 10:30:26.767794+00:00
1598607280903184389,ukraine-de,True,True,False,False,False,False,False,False,False,False,2022-12-02 10:30:26.767637+00:00,2022-12-02 10:30:26.767637+00:00
1598607281268166656,ukraine-de,True,True,False,False,False,False,False,False,False,False,2022-12-02 10:30:26.767536+00:00,2022-12-02 10:30:26.767536+00:00
1598607289891561474,ukraine-de,True,True,False,False,False,False,False,False,False,False,2022-12-02 10:30:26.767434+00:00,2022-12-02 10:30:26.767434+00:00
1598607307373428739,ukraine-de,True,True,False,False,False,False,False,False,False,False,2022-12-02 10:30:26.767329+00:00,2022-12-02 10:30:26.767329+00:00
1598607317016186880,ukraine-de,True,True,False,False,False,False,False,False,False,False,2022-12-02 10:30:26.767217+00:00,2022-12-02 10:30:26.767217+00:00
1598607320824614912,ukraine-de,True,True,False,False,False,False,False,False,False,False,2022-12-02 10:30:26.766842+00:00,2022-12-02 10:30:26.766842+00:00
1598607345306767360,ukraine-de,True,True,False,False,False,False,False,False,False,False,2022-12-02 10:30:26.766734+00:00,2022-12-02 10:30:26.766734+00:00
1598607354320359424,ukraine-de,True,True,False,False,False,False,False,False,False,False,2022-12-02 10:30:26.766609+00:00,2022-12-02 10:30:26.766609+00:00
1598607403238690816,ukraine-de,True,True,False,False,False,False,False,False,False,False,2022-12-02 10:30:26.766451+00:00,2022-12-02 10:30:26.766451+00:00
1598607440588808193,ukraine-de,True,False,False,False,False,False,False,False,False,False,2022-12-02 10:30:26.824585+00:00,2022-12-02 10:30:26.824585+00:00
1598607443205963778,ukraine-de,True,True,False,False,False,False,False,False,False,False,2022-12-02 10:30:26.765271+00:00,2022-12-02 10:30:26.765271+00:00
1598607453087842305,ukraine-de,True,True,False,False,False,False,False,False,False,False,2022-12-02 10:30:26.765173+00:00,2022-12-02 10:30:26.765173+00:00
1598607462030053377,ukraine-de,True,True,False,False,False,False,False,False,False,False,2022-12-02 10:30:26.765074+00:00,2022-12-02 10:30:26.765074+00:00
1598607497899778050,ukraine-de,True,True,False,False,False,False,False,False,False,False,2022-12-02 10:30:26.764974+00:00,2022-12-02 10:30:26.764974+00:00
1598607518271504385,ukraine-de,True,True,False,False,False,False,False,False,False,False,2022-12-02 10:30:26.764874+00:00,2022-12-02 10:30:26.764874+00:00
1598607519496032257,ukraine-de,True,True,False,False,False,False,False,False,False,False,2022-12-02 10:30:26.764774+00:00,2022-12-02 10:30:26.764774+00:00
1598607566703058944,ukraine-de,True,True,False,False,False,False,False,False,False,False,2022-12-02 10:30:26.764665+00:00,2022-12-02 10:30:26.764665+00:00
1598607576073125889,ukraine-de,True,True,False,False,False,False,False,False,False,False,2022-12-02 10:30:26.764554+00:00,2022-12-02 10:30:26.764554+00:00
1598607592573607936,ukraine-de,True,True,False,False,False,False,False,False,False,False,2022-12-02 10:30:26.764456+00:00,2022-12-02 10:30:26.764456+00:00
1598607612316209152,ukraine-de,True,True,False,False,False,False,False,False,False,False,2022-12-02 10:30:26.764356+00:00,2022-12-02 10:30:26.764356+00:00
1598607646801657856,ukraine-de,True,True,False,False,False,False,False,False,False,False,2022-12-02 10:30:26.764254+00:00,2022-12-02 10:30:26.764254+00:00
1598607647770435586,ukraine-de,True,True,False,False,False,False,False,False,False,False,2022-12-02 10:30:26.764146+00:00,2022-12-02 10:30:26.764146+00:00
1598607648554995712,ukraine-de,True,True,False,False,False,False,False,False,False,False,2022-12-02 10:30:26.763868+00:00,2022-12-02 10:30:26.763868+00:00
1598607656255733760,ukraine-de,True,True,False,False,False,False,False,False,False,False,2022-12-02 10:30:26.763746+00:00,2022-12-02 10:30:26.763746+00:00
1598607656771633153,ukraine-de,True,False,False,False,False,False,False,False,False,False,2022-12-02 19:50:59.823477+00:00,2022-12-02 19:50:59.823477+00:00
1598607657337688064,ukraine-de,True,True,False,False,False,False,False,False,False,False,2022-12-02 10:30:26.763397+00:00,2022-12-02 10:30:26.763397+00:00
1598607659611176960,ukraine-de,True,True,False,False,False,False,False,False,False,False,2022-12-02 10:30:26.763298+00:00,2022-12-02 10:30:26.763298+00:00
1598607664971407360,ukraine-de,True,True,False,False,False,False,False,False,False,False,2022-12-02 10:30:26.763198+00:00,2022-12-02 10:30:26.763198+00:00
1598607669425831942,ukraine-de,True,True,False,False,False,False,False,False,False,False,2022-12-02 10:30:26.763083+00:00,2022-12-02 10:30:26.763083+00:00
1598607702669676545,ukraine-de,True,True,False,False,False,False,False,False,False,False,2022-12-02 10:30:26.762983+00:00,2022-12-02 10:30:26.762983+00:00
1598607720407515138,ukraine-de,True,True,False,False,False,False,False,False,False,False,2022-12-02 10:30:26.762884+00:00,2022-12-02 10:30:26.762884+00:00
1598607721414250498,ukraine-de,True,True,False,False,False,False,False,False,False,False,2022-12-02 10:30:26.762783+00:00,2022-12-02 10:30:26.762783+00:00
1598607755287400449,ukraine-de,True,True,False,False,False,False,False,False,False,False,2022-12-02 10:30:26.762666+00:00,2022-12-02 10:30:26.762666+00:00
1598607769069916162,ukraine-de,True,True,False,False,False,False,False,False,False,False,2022-12-02 10:30:26.762562+00:00,2022-12-02 10:30:26.762562+00:00
1598607777668239360,ukraine-de,True,True,False,False,False,False,False,False,False,False,2022-12-02 10:30:26.762466+00:00,2022-12-02 10:30:26.762466+00:00
1598607778385465344,ukraine-de,True,False,False,False,False,False,False,False,False,False,2022-12-02 15:01:30.401409+00:00,2022-12-02 15:01:30.401409+00:00
1598607796529930241,ukraine-de,True,True,False,False,False,False,False,False,False,False,2022-12-02 10:30:26.762370+00:00,2022-12-02 10:30:26.762370+00:00
1598607815676862464,ukraine-de,True,True,False,False,False,False,False,False,False,False,2022-12-02 10:30:26.762262+00:00,2022-12-02 10:30:26.762262+00:00
1598607826732994560,ukraine-de,True,True,False,False,False,False,False,False,False,False,2022-12-02 10:30:26.762166+00:00,2022-12-02 10:30:26.762166+00:00
1598607834064658434,ukraine-de,True,True,False,False,False,False,False,False,False,False,2022-12-02 10:30:26.762070+00:00,2022-12-02 10:30:26.762070+00:00
1598607836132610055,ukraine-de,True,True,False,False,False,False,False,False,False,False,2022-12-02 10:30:26.761961+00:00,2022-12-02 10:30:26.761961+00:00
1598607836325478402,ukraine-de,True,True,False,False,False,False,False,False,False,False,2022-12-02 10:30:26.761863+00:00,2022-12-02 10:30:26.761863+00:00
1598607850602844160,ukraine-de,True,True,False,False,False,False,False,False,False,False,2022-12-02 10:30:26.761763+00:00,2022-12-02 10:30:26.761763+00:00
1598607860291624960,ukraine-de,True,False,False,False,False,False,False,False,False,False,2022-12-02 10:30:26.810020+00:00,2022-12-02 10:30:26.810020+00:00
1598607903413395489,ukraine-de,True,False,False,False,False,False,False,False,False,False,2022-12-02 10:30:26.803771+00:00,2022-12-02 10:30:26.803771+00:00
1598607923915067392,ukraine-de,True,True,False,False,False,False,False,False,False,False,2022-12-02 10:30:26.761660+00:00,2022-12-02 10:30:26.761660+00:00
1598607923995119616,ukraine-de,True,True,False,False,False,False,False,False,False,False,2022-12-02 10:30:26.761538+00:00,2022-12-02 10:30:26.761538+00:00
1598607950142406656,ukraine-de,True,True,False,False,False,False,False,False,False,False,2022-12-02 10:30:26.761414+00:00,2022-12-02 10:30:26.761414+00:00
1598607983063322625,ukraine-de,True,False,False,False,False,False,False,False,False,False,2022-12-02 10:30:26.779193+00:00,2022-12-02 10:30:26.779193+00:00
1598607986385211393,ukraine-de,True,True,False,False,False,False,False,False,False,False,2022-12-02 10:30:26.761310+00:00,2022-12-02 10:30:26.761310+00:00
1598607992605343744,ukraine-de,True,False,False,False,False,False,False,False,False,False,2022-12-03 08:10:46.222953+00:00,2022-12-03 08:10:46.222953+00:00
1598608005528010754,ukraine-de,True,True,False,False,False,False,False,False,False,False,2022-12-02 10:30:26.761168+00:00,2022-12-02 10:30:26.761168+00:00
1598608011655876609,ukraine-de,True,True,False,False,False,False,False,False,False,False,2022-12-02 10:30:26.761069+00:00,2022-12-02 10:30:26.761069+00:00
1598608023081082880,ukraine-de,True,True,False,False,False,False,False,False,False,False,2022-12-02 10:30:26.760971+00:00,2022-12-02 10:30:26.760971+00:00
1598608036725403648,ukraine-de,True,True,False,False,False,False,False,False,False,False,2022-12-02 10:30:26.760872+00:00,2022-12-02 10:30:26.760872+00:00
1598608039111786496,ukraine-de,True,True,False,False,False,False,False,False,False,False,2022-12-02 10:30:26.760772+00:00,2022-12-02 10:30:26.760772+00:00
1598608060053827585,ukraine-de,True,True,False,False,False,False,False,False,False,False,2022-12-02 10:30:26.760671+00:00,2022-12-02 10:30:26.760671+00:00
1598608068299718656,ukraine-de,True,True,False,False,False,False,False,False,False,False,2022-12-02 10:30:26.760568+00:00,2022-12-02 10:30:26.760568+00:00
1598608073026945024,ukraine-de,True,True,False,False,False,False,False,False,False,False,2022-12-02 10:30:26.760448+00:00,2022-12-02 10:30:26.760448+00:00
1598608078987223040,ukraine-de,True,True,False,False,False,False,False,False,False,False,2022-12-02 10:30:26.760211+00:00,2022-12-02 10:30:26.760211+00:00
1598608087329525760,ukraine-de,True,True,False,False,False,False,False,False,False,False,2022-12-02 10:30:26.760090+00:00,2022-12-02 10:30:26.760090+00:00
1598608087442546688,ukraine-de,True,True,False,False,False,False,False,False,False,False,2022-12-02 10:30:26.759731+00:00,2022-12-02 10:30:26.759731+00:00
1598608116005978114,ukraine-de,True,True,False,False,False,False,False,False,False,False,2022-12-02 10:30:26.759562+00:00,2022-12-02 10:30:26.759562+00:00
1598608191977398275,ukraine-de,True,True,False,False,False,False,False,False,False,False,2022-12-02 10:30:26.759446+00:00,2022-12-02 10:30:26.759446+00:00
1598608227200995328,ukraine-de,True,True,False,False,False,False,False,False,False,False,2022-12-02 10:30:26.759346+00:00,2022-12-02 10:30:26.759346+00:00
1598608238152409090,ukraine-de,True,True,False,False,False,False,False,False,False,False,2022-12-02 10:30:26.759245+00:00,2022-12-02 10:30:26.759245+00:00
1598608260566753280,ukraine-de,True,True,False,False,False,False,False,False,False,False,2022-12-02 10:30:26.759142+00:00,2022-12-02 10:30:26.759142+00:00
1598608263112970240,ukraine-de,True,True,False,False,False,False,False,False,False,False,2022-12-02 10:30:26.759005+00:00,2022-12-02 10:30:26.759005+00:00
1598608302853816320,ukraine-de,True,True,False,False,False,False,False,False,False,False,2022-12-02 10:30:26.758788+00:00,2022-12-02 10:30:26.758788+00:00
1598608307245273090,ukraine-de,True,True,False,False,False,False,False,False,False,False,2022-12-02 10:30:26.758685+00:00,2022-12-02 10:30:26.758685+00:00
1598608338522103808,ukraine-de,True,True,False,False,False,False,False,False,False,False,2022-12-02 10:30:26.758558+00:00,2022-12-02 10:30:26.758558+00:00
1598608342502572033,ukraine-de,True,True,False,False,False,False,False,False,False,False,2022-12-02 10:30:26.758460+00:00,2022-12-02 10:30:26.758460+00:00
1598608356645781504,ukraine-de,True,True,False,False,False,False,False,False,False,False,2022-12-02 10:30:26.758361+00:00,2022-12-02 10:30:26.758361+00:00
1598608383560531970,ukraine-de,True,True,False,False,False,False,False,False,False,False,2022-12-02 10:30:26.758246+00:00,2022-12-02 10:30:26.758246+00:00
1598608426757767168,ukraine-de,True,True,False,False,False,False,False,False,False,False,2022-12-02 10:30:26.758150+00:00,2022-12-02 10:30:26.758150+00:00
1598608429131628544,ukraine-de,True,True,False,False,False,False,False,False,False,False,2022-12-02 10:30:26.758054+00:00,2022-12-02 10:30:26.758054+00:00
1598608503907704832,ukraine-de,True,True,False,False,False,False,False,False,False,False,2022-12-02 10:30:26.757952+00:00,2022-12-02 10:30:26.757952+00:00
1598608523243536384,ukraine-de,True,True,False,False,False,False,False,False,False,False,2022-12-02 10:30:26.757847+00:00,2022-12-02 10:30:26.757847+00:00
1598608529258078208,ukraine-de,True,True,False,False,False,False,False,False,False,False,2022-12-02 10:30:26.757674+00:00,2022-12-02 10:30:26.757674+00:00
1598608539575910400,ukraine-de,True,True,False,False,False,False,False,False,False,False,2022-12-02 10:30:26.757541+00:00,2022-12-02 10:30:26.757541+00:00
1598608572081790976,ukraine-de,True,True,False,False,False,False,False,False,False,False,2022-12-02 10:30:26.756256+00:00,2022-12-02 10:30:26.756256+00:00
1598608603698458625,ukraine-de,True,True,False,False,False,False,False,False,False,False,2022-12-02 10:30:26.756155+00:00,2022-12-02 10:30:26.756155+00:00
1598608612233994241,ukraine-de,True,True,False,False,False,False,False,False,False,False,2022-12-02 10:30:26.756045+00:00,2022-12-02 10:30:26.756045+00:00
1598608628021268480,ukraine-de,True,True,False,False,False,False,False,False,False,False,2022-12-02 10:30:26.755938+00:00,2022-12-02 10:30:26.755938+00:00
1598608628394622976,ukraine-de,True,True,False,False,False,False,False,False,False,False,2022-12-02 10:30:18.001891+00:00,2022-12-02 10:30:26.755831+00:00
1598608672913227776,ukraine-de,True,True,False,False,False,False,False,False,False,False,2022-12-02 10:30:26.755650+00:00,2022-12-02 10:30:26.755650+00:00
1598608679947096064,ukraine-de,True,True,False,False,False,False,False,False,False,False,2022-12-02 10:30:26.755539+00:00,2022-12-02 10:30:26.755539+00:00
1598608687048052736,ukraine-de,True,True,False,False,False,False,False,False,False,False,2022-12-02 10:30:26.755423+00:00,2022-12-02 10:30:26.755423+00:00
1598608703283920896,ukraine-de,True,True,False,False,False,False,False,False,False,False,2022-12-02 10:30:26.755306+00:00,2022-12-02 10:30:26.755306+00:00
1598608779146399744,ukraine-de,True,True,False,False,False,False,False,False,False,False,2022-12-02 10:30:26.755207+00:00,2022-12-02 10:30:26.755207+00:00
1598608808779157504,ukraine-de,True,True,False,False,False,False,False,False,False,False,2022-12-02 10:30:26.755107+00:00,2022-12-02 10:30:26.755107+00:00
1598608816341393408,ukraine-de,True,True,False,False,False,False,False,False,False,False,2022-12-02 10:30:26.755005+00:00,2022-12-02 10:30:26.755005+00:00
1598608818908405761,ukraine-de,True,True,False,False,False,False,False,False,False,False,2022-12-02 10:30:26.754904+00:00,2022-12-02 10:30:26.754904+00:00
1598608834565750785,ukraine-de,True,True,False,False,False,False,False,False,False,False,2022-12-02 10:30:26.754799+00:00,2022-12-02 10:30:26.754799+00:00
1598608835203268609,ukraine-de,True,True,False,False,False,False,False,False,False,False,2022-12-02 10:30:26.754679+00:00,2022-12-02 10:30:26.754679+00:00
1598608838025805824,ukraine-de,True,True,False,False,False,False,False,False,False,False,2022-12-02 10:30:26.754552+00:00,2022-12-02 10:30:26.754552+00:00
1598608855554052098,ukraine-de,True,True,False,False,False,False,False,False,False,False,2022-12-02 10:30:26.754451+00:00,2022-12-02 10:30:26.754451+00:00
1598608859823841280,ukraine-de,True,True,False,False,False,False,False,False,False,False,2022-12-02 10:30:26.754347+00:00,2022-12-02 10:30:26.754347+00:00
1598608868312915968,ukraine-de,True,True,False,False,False,False,False,False,False,False,2022-12-02 10:30:26.754237+00:00,2022-12-02 10:30:26.754237+00:00
1598608873731936256,ukraine-de,True,True,False,False,False,False,False,False,False,False,2022-12-02 10:30:26.754011+00:00,2022-12-02 10:30:26.754011+00:00
1598608889955553280,ukraine-de,True,False,False,False,False,False,False,False,False,False,2022-12-02 10:30:26.809914+00:00,2022-12-02 10:30:26.809914+00:00
1598608891490844673,ukraine-de,True,True,False,False,False,False,False,False,False,False,2022-12-02 10:30:26.753700+00:00,2022-12-02 10:30:26.753700+00:00
1598608906145697792,ukraine-de,True,False,False,False,False,False,False,False,False,False,2022-12-03 08:10:16.221680+00:00,2022-12-03 08:10:16.221680+00:00
1598608931571613697,ukraine-de,True,True,False,False,False,False,False,False,False,False,2022-12-02 10:30:26.753512+00:00,2022-12-02 10:30:26.753512+00:00
1598608936109686787,ukraine-de,True,True,False,False,False,False,False,False,False,False,2022-12-02 10:30:26.753331+00:00,2022-12-02 10:30:26.753331+00:00
1598608943353368578,ukraine-de,True,True,False,False,False,False,False,False,False,False,2022-12-02 10:30:26.753115+00:00,2022-12-02 10:30:26.753115+00:00
1598608947480596482,ukraine-de,True,True,False,False,False,False,False,False,False,False,2022-12-02 10:30:26.752940+00:00,2022-12-02 10:30:26.752940+00:00
1598608982897213440,ukraine-de,True,True,False,False,False,False,False,False,False,False,2022-12-02 10:30:26.752550+00:00,2022-12-02 10:30:26.752550+00:00
1598608990824374273,ukraine-de,True,True,False,False,False,False,False,False,False,False,2022-12-02 10:30:26.752439+00:00,2022-12-02 10:30:26.752439+00:00
1598609047216857088,ukraine-de,True,True,False,False,False,False,False,False,False,False,2022-12-02 10:30:26.752340+00:00,2022-12-02 10:30:26.752340+00:00
1598609109619728386,ukraine-de,True,True,False,False,False,False,False,False,False,False,2022-12-02 10:30:26.752238+00:00,2022-12-02 10:30:26.752238+00:00
1598609113025376256,ukraine-de,True,True,False,False,False,False,False,False,False,False,2022-12-02 10:30:26.752139+00:00,2022-12-02 10:30:26.752139+00:00
1598609116691419136,ukraine-de,True,False,False,False,False,False,False,False,False,False,2022-12-02 10:30:26.810880+00:00,2022-12-02 10:30:26.810880+00:00
1598609119388344321,ukraine-de,True,True,False,False,False,False,False,False,False,False,2022-12-02 10:30:26.752040+00:00,2022-12-02 10:30:26.752040+00:00
1598609131547533318,ukraine-de,True,True,False,False,False,False,False,False,False,False,2022-12-02 10:30:26.751932+00:00,2022-12-02 10:30:26.751932+00:00
1598609133338775554,ukraine-de,True,True,False,False,False,False,False,False,False,False,2022-12-02 10:30:26.751754+00:00,2022-12-02 10:30:26.751754+00:00
1598609137797337089,ukraine-de,True,False,False,False,False,False,False,False,False,False,2022-12-02 10:30:26.810120+00:00,2022-12-02 10:30:26.810120+00:00
1598609164942680064,ukraine-de,True,True,False,False,False,False,False,False,False,False,2022-12-02 10:30:26.751570+00:00,2022-12-02 10:30:26.751570+00:00
1598609165789831169,ukraine-de,True,True,False,False,False,False,False,False,False,False,2022-12-02 10:30:26.751455+00:00,2022-12-02 10:30:26.751455+00:00
1598609177483550720,ukraine-de,True,True,False,False,False,False,False,False,False,False,2022-12-02 10:30:26.751356+00:00,2022-12-02 10:30:26.751356+00:00
1598609179941355520,ukraine-de,True,True,False,False,False,False,False,False,False,False,2022-12-02 10:30:26.751257+00:00,2022-12-02 10:30:26.751257+00:00
1598609261453377536,ukraine-de,True,True,False,False,False,False,False,False,False,False,2022-12-02 10:30:26.751147+00:00,2022-12-02 10:30:26.751147+00:00
1598609299848175616,ukraine-de,True,True,False,False,False,False,False,False,False,False,2022-12-02 10:30:26.751044+00:00,2022-12-02 10:30:26.751044+00:00
1598609301295226881,ukraine-de,True,True,False,False,False,False,False,False,False,False,2022-12-02 10:30:26.750869+00:00,2022-12-02 10:30:26.750869+00:00
1598609305850224643,ukraine-de,True,True,False,False,False,False,False,False,False,False,2022-12-02 10:30:26.750767+00:00,2022-12-02 10:30:26.750767+00:00
1598609331494260737,ukraine-de,True,True,False,False,False,False,False,False,False,False,2022-12-02 10:30:26.750664+00:00,2022-12-02 10:30:26.750664+00:00
1598609341526982658,ukraine-de,True,True,False,False,False,False,False,False,False,False,2022-12-02 10:30:26.750538+00:00,2022-12-02 10:30:26.750538+00:00
1598609370140516352,ukraine-de,True,True,False,False,False,False,False,False,False,False,2022-12-02 10:30:26.750438+00:00,2022-12-02 10:30:26.750438+00:00
1598609376239140864,ukraine-de,True,True,False,False,False,False,False,False,False,False,2022-12-02 10:30:26.750338+00:00,2022-12-02 10:30:26.750338+00:00
1598609388176117760,ukraine-de,True,True,False,False,False,False,False,False,False,False,2022-12-02 10:30:26.750220+00:00,2022-12-02 10:30:26.750220+00:00
1598609421097213953,ukraine-de,True,True,False,False,False,False,False,False,False,False,2022-12-02 10:30:26.750118+00:00,2022-12-02 10:30:26.750118+00:00
1598609506581286919,ukraine-de,True,True,False,False,False,False,False,False,False,False,2022-12-02 10:30:26.749978+00:00,2022-12-02 10:30:26.749978+00:00
1598609513526878208,ukraine-de,True,True,False,False,False,False,False,False,False,False,2022-12-02 10:30:26.749712+00:00,2022-12-02 10:30:26.749712+00:00
1598609520921612288,ukraine-de,True,True,False,False,False,False,False,False,False,False,2022-12-02 10:30:26.749613+00:00,2022-12-02 10:30:26.749613+00:00
1598609529079533569,ukraine-de,True,True,False,False,False,False,False,False,False,False,2022-12-02 10:30:26.749501+00:00,2022-12-02 10:30:26.749501+00:00
1598609554232803328,ukraine-de,True,True,False,False,False,False,False,False,False,False,2022-12-02 10:30:26.749406+00:00,2022-12-02 10:30:26.749406+00:00
1598609593172631552,ukraine-de,True,True,False,False,False,False,False,False,False,False,2022-12-02 10:30:26.749309+00:00,2022-12-02 10:30:26.749309+00:00
1598609647279243266,ukraine-de,True,False,False,False,False,False,False,False,False,False,2022-12-02 10:30:26.806557+00:00,2022-12-02 10:30:26.806557+00:00
1598609656271749120,ukraine-de,True,True,False,False,False,False,False,False,False,False,2022-12-02 10:30:26.749210+00:00,2022-12-02 10:30:26.749210+00:00
1598609667667755008,ukraine-de,True,True,False,False,False,False,False,False,False,False,2022-12-02 10:30:26.749089+00:00,2022-12-02 10:30:26.749089+00:00
1598609670955900928,ukraine-de,True,True,False,False,False,False,False,False,False,False,2022-12-02 10:30:26.748915+00:00,2022-12-02 10:30:26.748915+00:00
1598609680057737216,ukraine-de,True,False,False,False,False,False,False,False,False,False,2022-12-02 10:30:18.000189+00:00,2022-12-02 10:30:18.000189+00:00
1598609685602508801,ukraine-de,True,True,False,False,False,False,False,False,False,False,2022-12-02 10:30:26.748816+00:00,2022-12-02 10:30:26.748816+00:00
1598609704590233602,ukraine-de,True,True,False,False,False,False,False,False,False,False,2022-12-02 10:30:26.748716+00:00,2022-12-02 10:30:26.748716+00:00
1598609706708340736,ukraine-de,True,True,False,False,False,False,False,False,False,False,2022-12-02 10:30:26.748615+00:00,2022-12-02 10:30:26.748615+00:00
1598609752686141440,ukraine-de,True,True,False,False,False,False,False,False,False,False,2022-12-02 10:30:26.748510+00:00,2022-12-02 10:30:26.748510+00:00
1598609803349266432,ukraine-de,True,True,False,False,False,False,False,False,False,False,2022-12-02 10:30:26.748317+00:00,2022-12-02 10:30:26.748317+00:00
1598609815974006784,ukraine-de,True,True,False,False,False,False,False,False,False,False,2022-12-02 10:30:26.748216+00:00,2022-12-02 10:30:26.748216+00:00
1598609833204355072,ukraine-de,True,True,False,False,False,False,False,False,False,False,2022-12-02 10:30:26.748115+00:00,2022-12-02 10:30:26.748115+00:00
1598609858802196480,ukraine-de,True,True,False,False,False,False,False,False,False,False,2022-12-02 10:30:26.748014+00:00,2022-12-02 10:30:26.748014+00:00
1598609870483333121,ukraine-de,True,True,False,False,False,False,False,False,False,False,2022-12-02 10:30:26.747905+00:00,2022-12-02 10:30:26.747905+00:00
1598609890821406722,ukraine-de,True,True,False,False,False,False,False,False,False,False,2022-12-02 10:30:26.747746+00:00,2022-12-02 10:30:26.747746+00:00
1598609892134326273,ukraine-de,True,True,False,False,False,False,False,False,False,False,2022-12-02 10:30:26.747558+00:00,2022-12-02 10:30:26.747558+00:00
1598609900325699584,ukraine-de,True,True,False,False,False,False,False,False,False,False,2022-12-02 10:30:26.747456+00:00,2022-12-02 10:30:26.747456+00:00
1598609903869911040,ukraine-de,True,True,False,False,False,False,False,False,False,False,2022-12-02 10:30:26.747347+00:00,2022-12-02 10:30:26.747347+00:00
1598609915865710598,ukraine-de,True,False,False,False,False,False,False,False,False,False,2022-12-02 19:51:30.187687+00:00,2022-12-02 19:51:30.187687+00:00
1598609918134693888,ukraine-de,True,True,False,False,False,False,False,False,False,False,2022-12-02 10:30:26.747192+00:00,2022-12-02 10:30:26.747192+00:00
1598609920106045440,ukraine-de,True,True,False,False,False,False,False,False,False,False,2022-12-02 10:30:26.747082+00:00,2022-12-02 10:30:26.747082+00:00
1598609920877858816,ukraine-de,True,True,False,False,False,False,False,False,False,False,2022-12-02 10:30:26.746975+00:00,2022-12-02 10:30:26.746975+00:00
1598609953241153538,ukraine-de,True,True,False,False,False,False,False,False,False,False,2022-12-02 10:30:26.746827+00:00,2022-12-02 10:30:26.746827+00:00
1598609954042269697,ukraine-de,True,False,False,False,False,False,False,False,False,False,2022-12-02 10:30:26.800583+00:00,2022-12-02 10:30:26.800583+00:00
1598609967011008513,ukraine-de,True,True,False,False,False,False,False,False,False,False,2022-12-02 10:30:26.746729+00:00,2022-12-02 10:30:26.746729+00:00
1598609967774302208,ukraine-de,True,True,False,False,False,False,False,False,False,False,2022-12-02 10:30:26.746620+00:00,2022-12-02 10:30:26.746620+00:00
1598609975089266689,ukraine-de,True,True,False,False,False,False,False,False,False,False,2022-12-02 10:30:26.746521+00:00,2022-12-02 10:30:26.746521+00:00
1598609980885635072,ukraine-de,True,True,False,False,False,False,False,False,False,False,2022-12-02 10:30:26.746421+00:00,2022-12-02 10:30:26.746421+00:00
1598610002243211264,ukraine-de,True,True,False,False,False,False,False,False,False,False,2022-12-02 10:30:26.746323+00:00,2022-12-02 10:30:26.746323+00:00
1598610003690242048,ukraine-de,True,True,False,False,False,False,False,False,False,False,2022-12-02 10:30:26.746210+00:00,2022-12-02 10:30:26.746210+00:00
1598610023298617344,ukraine-de,True,True,False,False,False,False,False,False,False,False,2022-12-02 10:30:26.746093+00:00,2022-12-02 10:30:26.746093+00:00
1598610031808741377,ukraine-de,True,False,False,False,False,False,False,False,False,False,2022-12-02 15:04:13.052192+00:00,2022-12-02 15:04:13.052192+00:00
1598610047835295745,ukraine-de,True,True,False,False,False,False,False,False,False,False,2022-12-02 10:30:26.745995+00:00,2022-12-02 10:30:26.745995+00:00
1598610056030797824,ukraine-de,True,True,False,False,False,False,False,False,False,False,2022-12-02 10:30:26.745896+00:00,2022-12-02 10:30:26.745896+00:00
1598610059642032129,ukraine-de,True,True,False,False,False,False,False,False,False,False,2022-12-02 10:30:26.745796+00:00,2022-12-02 10:30:26.745796+00:00
1598610094186536960,ukraine-de,True,False,False,False,False,False,False,False,False,False,2022-12-02 10:30:26.790247+00:00,2022-12-02 10:30:26.790247+00:00
1598610108069646336,ukraine-de,True,True,False,False,False,False,False,False,False,False,2022-12-02 10:30:26.745694+00:00,2022-12-02 10:30:26.745694+00:00
1598610157063135233,ukraine-de,True,True,False,False,False,False,False,False,False,False,2022-12-02 10:30:26.745548+00:00,2022-12-02 10:30:26.745548+00:00
1598610183441244163,ukraine-de,True,True,False,False,False,False,False,False,False,False,2022-12-02 10:30:26.745453+00:00,2022-12-02 10:30:26.745453+00:00
1598610185743785984,ukraine-de,True,True,False,False,False,False,False,False,False,False,2022-12-02 10:30:26.745357+00:00,2022-12-02 10:30:26.745357+00:00
1598610208770646016,ukraine-de,True,False,False,False,False,False,False,False,False,False,2022-12-02 10:30:26.778363+00:00,2022-12-02 10:30:26.778363+00:00
1598610250067755008,ukraine-de,True,True,False,False,False,False,False,False,False,False,2022-12-02 10:30:26.745261+00:00,2022-12-02 10:30:26.745261+00:00
1598610266861846528,ukraine-de,True,True,False,False,False,False,False,False,False,False,2022-12-02 10:30:26.745131+00:00,2022-12-02 10:30:26.745131+00:00
1598610287019675648,ukraine-de,True,True,False,False,False,False,False,False,False,False,2022-12-02 10:30:26.745017+00:00,2022-12-02 10:30:26.745017+00:00
1598610297253777410,ukraine-de,True,True,False,False,False,False,False,False,False,False,2022-12-02 10:30:26.744870+00:00,2022-12-02 10:30:26.744870+00:00
1598610324218937345,ukraine-de,True,True,False,False,False,False,False,False,False,False,2022-12-02 10:30:26.744717+00:00,2022-12-02 10:30:26.744717+00:00
1598610339569971200,ukraine-de,True,True,False,False,False,False,False,False,False,False,2022-12-02 10:30:26.744621+00:00,2022-12-02 10:30:26.744621+00:00
1598610339582857217,ukraine-de,True,True,False,False,False,False,False,False,False,False,2022-12-02 10:30:26.744522+00:00,2022-12-02 10:30:26.744522+00:00
1598610341537226754,ukraine-de,True,True,False,False,False,False,False,False,False,False,2022-12-02 10:30:26.744403+00:00,2022-12-02 10:30:26.744403+00:00
1598610342355124228,ukraine-de,True,False,False,False,False,False,False,False,False,False,2022-12-02 10:30:17.970877+00:00,2022-12-02 10:30:17.970877+00:00
1598610353805574144,ukraine-de,True,True,False,False,False,False,False,False,False,False,2022-12-02 10:30:26.744306+00:00,2022-12-02 10:30:26.744306+00:00
1598610359711047680,ukraine-de,True,True,False,False,False,False,False,False,False,False,2022-12-02 10:30:26.744195+00:00,2022-12-02 10:30:26.744195+00:00
1598610414798938112,ukraine-de,True,True,False,False,False,False,False,False,False,False,2022-12-02 10:30:26.744094+00:00,2022-12-02 10:30:26.744094+00:00
1598610416040542208,ukraine-de,True,True,False,False,False,False,False,False,False,False,2022-12-02 10:30:26.743990+00:00,2022-12-02 10:30:26.743990+00:00
1598610422273396736,ukraine-de,True,True,False,False,False,False,False,False,False,False,2022-12-02 10:30:26.743819+00:00,2022-12-02 10:30:26.743819+00:00
1598610440673628160,ukraine-de,True,True,False,False,False,False,False,False,False,False,2022-12-02 10:30:26.743650+00:00,2022-12-02 10:30:26.743650+00:00
1598610442963886080,ukraine-de,True,True,False,False,False,False,False,False,False,False,2022-12-02 10:30:26.743547+00:00,2022-12-02 10:30:26.743547+00:00
1598610466774851585,ukraine-de,True,True,False,False,False,False,False,False,False,False,2022-12-02 10:30:26.743325+00:00,2022-12-02 10:30:26.743325+00:00
1598610504850841603,ukraine-de,True,True,False,False,False,False,False,False,False,False,2022-12-02 10:30:26.743223+00:00,2022-12-02 10:30:26.743223+00:00
1598610531086106626,ukraine-de,True,True,False,False,False,False,False,False,False,False,2022-12-02 10:30:26.743118+00:00,2022-12-02 10:30:26.743118+00:00
1598610532403142659,ukraine-de,True,True,False,False,False,False,False,False,False,False,2022-12-02 10:30:26.742996+00:00,2022-12-02 10:30:26.742996+00:00
1598610541978828800,ukraine-de,True,True,False,False,False,False,False,False,False,False,2022-12-02 10:30:26.742708+00:00,2022-12-02 10:30:26.742708+00:00
1598610594843836417,ukraine-de,True,True,False,False,False,False,False,False,False,False,2022-12-02 10:30:26.742051+00:00,2022-12-02 10:30:26.742051+00:00
1598610595485347841,ukraine-de,True,True,False,False,False,False,False,False,False,False,2022-12-02 10:30:26.741937+00:00,2022-12-02 10:30:26.741937+00:00
1598610607103770624,ukraine-de,True,False,False,False,False,False,False,False,False,False,2022-12-02 10:30:18.002452+00:00,2022-12-02 10:30:18.002452+00:00
1598610609414623232,ukraine-de,True,False,False,False,False,False,False,False,False,False,2022-12-02 15:04:13.061553+00:00,2022-12-02 15:04:13.061553+00:00
1598610610819850240,ukraine-de,True,True,False,False,False,False,False,False,False,False,2022-12-02 10:30:26.741833+00:00,2022-12-02 10:30:26.741833+00:00
1598610624514342912,ukraine-de,True,True,False,False,False,False,False,False,False,False,2022-12-02 10:30:26.741720+00:00,2022-12-02 10:30:26.741720+00:00
1598610639282266112,ukraine-de,True,True,False,False,False,False,False,False,False,False,2022-12-02 10:30:17.972521+00:00,2022-12-02 10:30:26.741578+00:00
1598610647150755840,ukraine-de,True,True,False,False,False,False,False,False,False,False,2022-12-02 10:30:26.741458+00:00,2022-12-02 10:30:26.741458+00:00
1598610647255846915,ukraine-de,True,True,False,False,False,False,False,False,False,False,2022-12-02 10:30:26.741358+00:00,2022-12-02 10:30:26.741358+00:00
1598610695528103936,ukraine-de,True,True,False,False,False,False,False,False,False,False,2022-12-02 10:30:26.741257+00:00,2022-12-02 10:30:26.741257+00:00
1598610740453048321,ukraine-de,True,True,False,False,False,False,False,False,False,False,2022-12-02 10:30:26.741155+00:00,2022-12-02 10:30:26.741155+00:00
1598610747747176448,ukraine-de,True,False,False,False,False,False,False,False,False,False,2022-12-02 10:30:17.966552+00:00,2022-12-02 10:30:17.966552+00:00
1598610752797024256,ukraine-de,True,False,False,False,False,False,False,False,False,False,2022-12-03 11:05:57.671139+00:00,2022-12-03 11:05:57.671139+00:00
1598610767070248962,ukraine-de,True,True,False,False,False,False,False,False,False,False,2022-12-02 10:30:26.741055+00:00,2022-12-02 10:30:26.741055+00:00
1598610789128183808,ukraine-de,True,True,False,False,False,False,False,False,False,False,2022-12-02 10:30:26.740952+00:00,2022-12-02 10:30:26.740952+00:00
1598610806534541318,ukraine-de,True,True,False,False,False,False,False,False,False,False,2022-12-02 10:30:26.740848+00:00,2022-12-02 10:30:26.740848+00:00
1598610828865212416,ukraine-de,True,True,False,False,False,False,False,False,False,False,2022-12-02 10:30:17.965838+00:00,2022-12-02 10:30:26.740738+00:00
1598610836381114369,ukraine-de,True,True,False,False,False,False,False,False,False,False,2022-12-02 10:30:26.740606+00:00,2022-12-02 10:30:26.740606+00:00
1598610840629915648,ukraine-de,True,True,False,False,False,False,False,False,False,False,2022-12-02 10:30:26.740070+00:00,2022-12-02 10:30:26.740070+00:00
1598610846497636352,ukraine-de,True,True,False,False,False,False,False,False,False,False,2022-12-02 10:30:26.739936+00:00,2022-12-02 10:30:26.739936+00:00
1598610847730802689,ukraine-de,True,True,False,False,False,False,False,False,False,False,2022-12-02 10:30:26.739240+00:00,2022-12-02 10:30:26.739240+00:00
1598610867813335040,ukraine-de,True,False,False,False,False,False,False,False,False,False,2022-12-03 01:30:18.807833+00:00,2022-12-03 01:30:18.807833+00:00
1598610885953699843,ukraine-de,True,True,False,False,False,False,False,False,False,False,2022-12-02 10:30:26.739131+00:00,2022-12-02 10:30:26.739131+00:00
1598610908770541568,ukraine-de,True,True,False,False,False,False,False,False,False,False,2022-12-02 10:30:26.738995+00:00,2022-12-02 10:30:26.738995+00:00
1598610920925761536,ukraine-de,True,True,False,False,False,False,False,False,False,False,2022-12-02 10:30:26.737612+00:00,2022-12-02 10:30:26.737612+00:00
1598610940693741569,ukraine-de,True,True,False,False,False,False,False,False,False,False,2022-12-02 10:30:26.737494+00:00,2022-12-02 10:30:26.737494+00:00
1598610997085982720,ukraine-de,True,True,False,False,False,False,False,False,False,False,2022-12-02 10:30:26.737374+00:00,2022-12-02 10:30:26.737374+00:00
1598610997249544199,ukraine-de,True,True,False,False,False,False,False,False,False,False,2022-12-02 10:30:17.970458+00:00,2022-12-02 10:30:26.737260+00:00
1598611003994001409,ukraine-de,True,True,False,False,False,False,False,False,False,False,2022-12-02 10:30:26.737146+00:00,2022-12-02 10:30:26.737146+00:00
1598611007294779392,ukraine-de,True,True,False,False,False,False,False,False,False,False,2022-12-02 10:30:26.737048+00:00,2022-12-02 10:30:26.737048+00:00
1598611036776562689,ukraine-de,True,True,False,False,False,False,False,False,False,False,2022-12-02 10:30:26.736948+00:00,2022-12-02 10:30:26.736948+00:00
1598611069722828802,ukraine-de,True,True,False,False,False,False,False,False,False,False,2022-12-02 10:30:26.736845+00:00,2022-12-02 10:30:26.736845+00:00
1598611090379882497,ukraine-de,True,True,False,False,False,False,False,False,False,False,2022-12-02 10:30:26.736743+00:00,2022-12-02 10:30:26.736743+00:00
1598611094678937604,ukraine-de,True,True,False,False,False,False,False,False,False,False,2022-12-02 10:30:26.736613+00:00,2022-12-02 10:30:26.736613+00:00
1598611104581697539,ukraine-de,True,True,False,False,False,False,False,False,False,False,2022-12-02 10:30:26.736514+00:00,2022-12-02 10:30:26.736514+00:00
1598611144498978818,ukraine-de,True,True,False,False,False,False,False,False,False,False,2022-12-02 10:30:26.736411+00:00,2022-12-02 10:30:26.736411+00:00
1598611165537603585,ukraine-de,True,True,False,False,False,False,False,False,False,False,2022-12-02 10:30:26.736292+00:00,2022-12-02 10:30:26.736292+00:00
1598611173540302849,ukraine-de,True,True,False,False,False,False,False,False,False,False,2022-12-02 10:30:26.736195+00:00,2022-12-02 10:30:26.736195+00:00
1598611212664815617,ukraine-de,True,False,False,False,False,False,False,False,False,False,2022-12-02 15:05:39.935393+00:00,2022-12-02 15:05:39.935393+00:00
1598611220008943619,ukraine-de,True,True,False,False,False,False,False,False,False,False,2022-12-02 10:30:26.736094+00:00,2022-12-02 10:30:26.736094+00:00
1598611227491565570,ukraine-de,True,True,False,False,False,False,False,False,False,False,2022-12-02 10:30:26.735989+00:00,2022-12-02 10:30:26.735989+00:00
1598611238296162304,ukraine-de,True,True,False,False,False,False,False,False,False,False,2022-12-02 10:30:26.735811+00:00,2022-12-02 10:30:26.735811+00:00
1598611274123735041,ukraine-de,True,True,False,False,False,False,False,False,False,False,2022-12-02 10:30:26.735710+00:00,2022-12-02 10:30:26.735710+00:00
1598611279073234944,ukraine-de,True,True,False,False,False,False,False,False,False,False,2022-12-02 10:30:26.735601+00:00,2022-12-02 10:30:26.735601+00:00
1598611298635468800,ukraine-de,True,True,False,False,False,False,False,False,False,False,2022-12-02 10:30:26.735497+00:00,2022-12-02 10:30:26.735497+00:00
1598611303584747522,ukraine-de,True,True,False,False,False,False,False,False,False,False,2022-12-02 10:30:26.735382+00:00,2022-12-02 10:30:26.735382+00:00
1598611311046238208,ukraine-de,True,True,False,False,False,False,False,False,False,False,2022-12-02 10:30:26.735274+00:00,2022-12-02 10:30:26.735274+00:00
1598611323482345472,ukraine-de,True,True,False,False,False,False,False,False,False,False,2022-12-02 10:30:26.735162+00:00,2022-12-02 10:30:26.735162+00:00
1598611359972851713,ukraine-de,True,True,False,False,False,False,False,False,False,False,2022-12-02 10:30:26.735005+00:00,2022-12-02 10:30:26.735005+00:00
1598611361612718080,ukraine-de,True,True,False,False,False,False,False,False,False,False,2022-12-02 10:30:26.729443+00:00,2022-12-02 10:30:26.729443+00:00
1598611363399704576,ukraine-de,True,True,False,False,False,False,False,False,False,False,2022-12-02 10:30:26.729320+00:00,2022-12-02 10:30:26.729320+00:00
1598611424342728704,ukraine-de,True,True,False,False,False,False,False,False,False,False,2022-12-02 10:30:26.729065+00:00,2022-12-02 10:30:26.729065+00:00
1598611437454299136,ukraine-de,True,True,False,False,False,False,False,False,False,False,2022-12-02 10:30:26.728896+00:00,2022-12-02 10:30:26.728896+00:00
1598611452931219456,ukraine-de,True,True,False,False,False,False,False,False,False,False,2022-12-02 10:30:26.728782+00:00,2022-12-02 10:30:26.728782+00:00
1598611499622273024,ukraine-de,True,True,False,False,False,False,False,False,False,False,2022-12-02 10:30:26.728677+00:00,2022-12-02 10:30:26.728677+00:00
1598611517896904704,ukraine-de,True,True,False,False,False,False,False,False,False,False,2022-12-02 10:30:26.728494+00:00,2022-12-02 10:30:26.728494+00:00
1598611522649030657,ukraine-de,True,False,False,False,False,False,False,False,False,False,2022-12-02 15:07:19.452181+00:00,2022-12-02 15:07:19.452181+00:00
1598611546237804547,ukraine-de,True,True,False,False,False,False,False,False,False,False,2022-12-02 10:30:26.728390+00:00,2022-12-02 10:30:26.728390+00:00
1598611551224725504,ukraine-de,True,True,False,False,False,False,False,False,False,False,2022-12-02 10:30:26.728285+00:00,2022-12-02 10:30:26.728285+00:00
1598611627544383488,ukraine-de,True,True,False,False,False,False,False,False,False,False,2022-12-02 10:30:26.728156+00:00,2022-12-02 10:30:26.728156+00:00
1598611641297694720,ukraine-de,True,False,False,False,False,False,False,False,False,False,2022-12-02 15:05:53.793673+00:00,2022-12-02 15:05:53.793673+00:00
1598611697014636544,ukraine-de,True,True,False,False,False,False,False,False,False,False,2022-12-02 10:30:26.727989+00:00,2022-12-02 10:30:26.727989+00:00
1598611697887072257,ukraine-de,True,True,False,False,False,False,False,False,False,False,2022-12-02 10:30:26.727804+00:00,2022-12-02 10:30:26.727804+00:00
1598611706074353664,ukraine-de,True,True,False,False,False,False,False,False,False,False,2022-12-02 10:30:26.727701+00:00,2022-12-02 10:30:26.727701+00:00
1598611712512499713,ukraine-de,True,True,False,False,False,False,False,False,False,False,2022-12-02 10:30:17.958647+00:00,2022-12-02 10:30:26.727595+00:00
1598611715771473920,ukraine-de,True,True,False,False,False,False,False,False,False,False,2022-12-02 10:30:26.727349+00:00,2022-12-02 10:30:26.727349+00:00
1598611717969149953,ukraine-de,True,True,False,False,False,False,False,False,False,False,2022-12-02 10:30:26.727242+00:00,2022-12-02 10:30:26.727242+00:00
1598611737707950080,ukraine-de,True,True,False,False,False,False,False,False,False,False,2022-12-02 10:30:26.727113+00:00,2022-12-02 10:30:26.727113+00:00
1598611767260811265,ukraine-de,True,True,False,False,False,False,False,False,False,False,2022-12-02 10:30:26.726942+00:00,2022-12-02 10:30:26.726942+00:00
1598611771354320896,ukraine-de,True,False,False,False,False,False,False,False,False,False,2022-12-03 11:05:17.145443+00:00,2022-12-03 11:05:17.145443+00:00
1598611788253495296,ukraine-de,True,True,False,False,False,False,False,False,False,False,2022-12-02 10:30:26.726473+00:00,2022-12-02 10:30:26.726473+00:00
1598611810604953600,ukraine-de,True,True,False,False,False,False,False,False,False,False,2022-12-02 10:30:26.726374+00:00,2022-12-02 10:30:26.726374+00:00
1598611813515640833,ukraine-de,True,True,False,False,False,False,False,False,False,False,2022-12-02 10:30:26.726264+00:00,2022-12-02 10:30:26.726264+00:00
1598611824823394309,ukraine-de,True,True,False,False,False,False,False,False,False,False,2022-12-02 10:30:26.726164+00:00,2022-12-02 10:30:26.726164+00:00
1598611826111135745,ukraine-de,True,False,False,False,False,False,False,False,False,False,2022-12-02 15:05:39.937052+00:00,2022-12-02 15:05:39.937052+00:00
1598611826354180096,ukraine-de,True,True,False,False,False,False,False,False,False,False,2022-12-02 10:30:26.726056+00:00,2022-12-02 10:30:26.726056+00:00
1598611828162150400,ukraine-de,True,True,False,False,False,False,False,False,False,False,2022-12-02 10:30:26.725957+00:00,2022-12-02 10:30:26.725957+00:00
1598611837465026560,ukraine-de,True,True,False,False,False,False,False,False,False,False,2022-12-02 10:30:26.725860+00:00,2022-12-02 10:30:26.725860+00:00
1598611843752218624,ukraine-de,True,True,False,False,False,False,False,False,False,False,2022-12-02 10:30:26.725761+00:00,2022-12-02 10:30:26.725761+00:00
1598611870536982528,ukraine-de,True,True,False,False,False,False,False,False,False,False,2022-12-02 10:30:26.725662+00:00,2022-12-02 10:30:26.725662+00:00
1598611890162356225,ukraine-de,True,True,False,False,False,False,False,False,False,False,2022-12-02 10:30:26.725544+00:00,2022-12-02 10:30:26.725544+00:00
1598611931727892481,ukraine-de,True,True,False,False,False,False,False,False,False,False,2022-12-02 10:30:26.725447+00:00,2022-12-02 10:30:26.725447+00:00
1598611941986955264,ukraine-de,True,True,False,False,False,False,False,False,False,False,2022-12-02 10:30:26.725350+00:00,2022-12-02 10:30:26.725350+00:00
1598611953441820672,ukraine-de,True,True,False,False,False,False,False,False,False,False,2022-12-02 10:30:26.725252+00:00,2022-12-02 10:30:26.725252+00:00
1598611959598964737,ukraine-de,True,True,False,False,False,False,False,False,False,False,2022-12-02 10:30:26.725153+00:00,2022-12-02 10:30:26.725153+00:00
1598611968507711489,ukraine-de,True,True,False,False,False,False,False,False,False,False,2022-12-02 10:30:26.725043+00:00,2022-12-02 10:30:26.725043+00:00
1598611985138081793,ukraine-de,True,True,False,False,False,False,False,False,False,False,2022-12-02 10:30:26.724942+00:00,2022-12-02 10:30:26.724942+00:00
1598612015341309953,ukraine-de,True,False,False,False,False,False,False,False,False,False,2022-12-02 15:05:53.770537+00:00,2022-12-02 15:05:53.770537+00:00
1598612022471663617,ukraine-de,True,True,False,False,False,False,False,False,False,False,2022-12-02 10:30:26.724845+00:00,2022-12-02 10:30:26.724845+00:00
1598612025982304257,ukraine-de,True,True,False,False,False,False,False,False,False,False,2022-12-02 10:30:26.724748+00:00,2022-12-02 10:30:26.724748+00:00
1598612056743231489,ukraine-de,True,True,False,False,False,False,False,False,False,False,2022-12-02 10:30:26.724650+00:00,2022-12-02 10:30:26.724650+00:00
1598612092495413249,ukraine-de,True,True,False,False,False,False,False,False,False,False,2022-12-02 10:30:26.724551+00:00,2022-12-02 10:30:26.724551+00:00
1598612129988362242,ukraine-de,True,True,False,False,False,False,False,False,False,False,2022-12-02 10:30:26.724451+00:00,2022-12-02 10:30:26.724451+00:00
1598612136158035970,ukraine-de,True,True,False,False,False,False,False,False,False,False,2022-12-02 10:30:26.724337+00:00,2022-12-02 10:30:26.724337+00:00
1598612142248239104,ukraine-de,True,True,False,False,False,False,False,False,False,False,2022-12-02 10:30:26.724238+00:00,2022-12-02 10:30:26.724238+00:00
1598612145679216641,ukraine-de,True,True,False,False,False,False,False,False,False,False,2022-12-02 10:30:26.724138+00:00,2022-12-02 10:30:26.724138+00:00
1598612191334334465,ukraine-de,True,True,False,False,False,False,False,False,False,False,2022-12-02 10:30:26.724023+00:00,2022-12-02 10:30:26.724023+00:00
1598612195117604864,ukraine-de,True,True,False,False,False,False,False,False,False,False,2022-12-02 10:30:26.723917+00:00,2022-12-02 10:30:26.723917+00:00
1598612201287335936,ukraine-de,True,True,False,False,False,False,False,False,False,False,2022-12-02 10:30:26.723817+00:00,2022-12-02 10:30:26.723817+00:00
1598612222355324929,ukraine-de,True,True,False,False,False,False,False,False,False,False,2022-12-02 10:30:26.723710+00:00,2022-12-02 10:30:26.723710+00:00
1598612223030706177,ukraine-de,True,True,False,False,False,False,False,False,False,False,2022-12-02 10:30:26.723594+00:00,2022-12-02 10:30:26.723594+00:00
1598612240772395008,ukraine-de,True,True,False,False,False,False,False,False,False,False,2022-12-02 10:30:26.723493+00:00,2022-12-02 10:30:26.723493+00:00
1598612253430923264,ukraine-de,True,False,False,False,False,False,False,False,False,False,2022-12-02 15:05:53.767343+00:00,2022-12-02 15:05:53.767343+00:00
1598612256618680321,ukraine-de,True,False,False,False,False,False,False,False,False,False,2022-12-03 11:05:17.128030+00:00,2022-12-03 11:05:17.128030+00:00
1598612260133404673,ukraine-de,True,True,False,False,False,False,False,False,False,False,2022-12-02 10:30:17.996884+00:00,2022-12-02 10:30:26.723377+00:00
1598612267305762817,ukraine-de,True,True,False,False,False,False,False,False,False,False,2022-12-02 10:30:26.723271+00:00,2022-12-02 10:30:26.723271+00:00
1598612270338154496,ukraine-de,True,True,False,False,False,False,False,False,False,False,2022-12-02 10:30:26.723173+00:00,2022-12-02 10:30:26.723173+00:00
1598612273823682560,ukraine-de,True,True,False,False,False,False,False,False,False,False,2022-12-02 10:30:26.723075+00:00,2022-12-02 10:30:26.723075+00:00
1598612289539784704,ukraine-de,True,True,False,False,False,False,False,False,False,False,2022-12-02 10:30:26.722974+00:00,2022-12-02 10:30:26.722974+00:00
1598612317851238400,ukraine-de,True,True,False,False,False,False,False,False,False,False,2022-12-02 10:30:26.722861+00:00,2022-12-02 10:30:26.722861+00:00
1598612337522397185,ukraine-de,True,False,False,False,False,False,False,False,False,False,2022-12-02 15:07:19.451468+00:00,2022-12-02 15:07:19.451468+00:00
1598612376210636800,ukraine-de,True,True,False,False,False,False,False,False,False,False,2022-12-02 10:30:26.722762+00:00,2022-12-02 10:30:26.722762+00:00
1598612389620060161,ukraine-de,True,False,False,False,False,False,False,False,False,False,2022-12-02 10:30:17.999246+00:00,2022-12-02 10:30:17.999246+00:00
1598612393785020421,ukraine-de,True,True,False,False,False,False,False,False,False,False,2022-12-02 10:30:26.722644+00:00,2022-12-02 10:30:26.722644+00:00
1598612400646852609,ukraine-de,True,True,False,False,False,False,False,False,False,False,2022-12-02 10:30:26.722540+00:00,2022-12-02 10:30:26.722540+00:00
1598612402031009792,ukraine-de,True,True,False,False,False,False,False,False,False,False,2022-12-02 10:30:26.722444+00:00,2022-12-02 10:30:26.722444+00:00
1598612405239496704,ukraine-de,True,True,False,False,False,False,False,False,False,False,2022-12-02 10:30:26.722346+00:00,2022-12-02 10:30:26.722346+00:00
1598612453465563137,ukraine-de,True,False,False,False,False,False,False,False,False,False,2022-12-02 15:01:05.632337+00:00,2022-12-02 15:01:05.632337+00:00
1598612491583590400,ukraine-de,True,True,False,False,False,False,False,False,False,False,2022-12-02 10:30:17.996235+00:00,2022-12-02 10:30:26.722248+00:00
1598612495329103873,ukraine-de,True,True,False,False,False,False,False,False,False,False,2022-12-02 10:30:26.722136+00:00,2022-12-02 10:30:26.722136+00:00
1598612501318475777,ukraine-de,True,True,False,False,False,False,False,False,False,False,2022-12-02 10:30:26.722036+00:00,2022-12-02 10:30:26.722036+00:00
1598612512060194816,ukraine-de,True,True,False,False,False,False,False,False,False,False,2022-12-02 10:30:26.721900+00:00,2022-12-02 10:30:26.721900+00:00
1598612513892888577,ukraine-de,True,True,False,False,False,False,False,False,False,False,2022-12-02 10:30:26.721663+00:00,2022-12-02 10:30:26.721663+00:00
1598612515151298561,ukraine-de,True,True,False,False,False,False,False,False,False,False,2022-12-02 10:30:26.721545+00:00,2022-12-02 10:30:26.721545+00:00
1598612542443573249,ukraine-de,True,True,False,False,False,False,False,False,False,False,2022-12-02 10:30:26.721447+00:00,2022-12-02 10:30:26.721447+00:00
1598612557568176128,ukraine-de,True,True,False,False,False,False,False,False,False,False,2022-12-02 10:30:26.721349+00:00,2022-12-02 10:30:26.721349+00:00
1598612567441784832,ukraine-de,True,True,False,False,False,False,False,False,False,False,2022-12-02 10:30:17.997528+00:00,2022-12-02 10:30:26.721250+00:00
1598612580007874560,ukraine-de,True,True,False,False,False,False,False,False,False,False,2022-12-02 10:30:26.721138+00:00,2022-12-02 10:30:26.721138+00:00
1598612608323670016,ukraine-de,True,True,False,False,False,False,False,False,False,False,2022-12-02 10:30:26.721040+00:00,2022-12-02 10:30:26.721040+00:00
1598612646479233029,ukraine-de,True,True,False,False,False,False,False,False,False,False,2022-12-02 10:30:26.720942+00:00,2022-12-02 10:30:26.720942+00:00
1598612672450174978,ukraine-de,True,True,False,False,False,False,False,False,False,False,2022-12-02 10:30:26.720844+00:00,2022-12-02 10:30:26.720844+00:00
1598612677361704960,ukraine-de,True,True,False,False,False,False,False,False,False,False,2022-12-02 10:30:26.720744+00:00,2022-12-02 10:30:26.720744+00:00
1598612679001886720,ukraine-de,True,True,False,False,False,False,False,False,False,False,2022-12-02 10:30:26.720642+00:00,2022-12-02 10:30:26.720642+00:00
1598612683984699392,ukraine-de,True,True,False,False,False,False,False,False,False,False,2022-12-02 10:30:26.720526+00:00,2022-12-02 10:30:26.720526+00:00
1598612710119309312,ukraine-de,True,True,False,False,False,False,False,False,False,False,2022-12-02 10:30:26.720427+00:00,2022-12-02 10:30:26.720427+00:00
1598612711062896642,ukraine-de,True,True,False,False,False,False,False,False,False,False,2022-12-02 10:30:26.720329+00:00,2022-12-02 10:30:26.720329+00:00
1598612722987433984,ukraine-de,True,True,False,False,False,False,False,False,False,False,2022-12-02 10:30:26.720230+00:00,2022-12-02 10:30:26.720230+00:00
1598612746815143936,ukraine-de,True,True,False,False,False,False,False,False,False,False,2022-12-02 10:30:26.720132+00:00,2022-12-02 10:30:26.720132+00:00
1598612752599334915,ukraine-de,True,True,False,False,False,False,False,False,False,False,2022-12-02 10:30:26.720033+00:00,2022-12-02 10:30:26.720033+00:00
1598612786493370369,ukraine-de,True,True,False,False,False,False,False,False,False,False,2022-12-02 10:30:26.719933+00:00,2022-12-02 10:30:26.719933+00:00
1598612803841138689,ukraine-de,True,True,False,False,False,False,False,False,False,False,2022-12-02 10:30:26.719834+00:00,2022-12-02 10:30:26.719834+00:00
1598612824103784449,ukraine-de,True,True,False,False,False,False,False,False,False,False,2022-12-02 10:30:26.719723+00:00,2022-12-02 10:30:26.719723+00:00
1598612824158109696,ukraine-de,True,True,False,False,False,False,False,False,False,False,2022-12-02 10:30:26.719623+00:00,2022-12-02 10:30:26.719623+00:00
1598612832333053952,ukraine-de,True,True,False,False,False,False,False,False,False,False,2022-12-02 10:30:26.719509+00:00,2022-12-02 10:30:26.719509+00:00
1598612841887580162,ukraine-de,True,True,False,False,False,False,False,False,False,False,2022-12-02 10:30:26.719384+00:00,2022-12-02 10:30:26.719384+00:00
1598612859709231104,ukraine-de,True,True,False,False,False,False,False,False,False,False,2022-12-02 10:30:26.719284+00:00,2022-12-02 10:30:26.719284+00:00
1598612866650804224,ukraine-de,True,True,False,False,False,False,False,False,False,False,2022-12-02 10:30:26.719166+00:00,2022-12-02 10:30:26.719166+00:00
1598612869611802624,ukraine-de,True,True,False,False,False,False,False,False,False,False,2022-12-02 10:30:26.719049+00:00,2022-12-02 10:30:26.719049+00:00
1598612904043053058,ukraine-de,True,True,False,False,False,False,False,False,False,False,2022-12-02 10:30:26.718947+00:00,2022-12-02 10:30:26.718947+00:00
1598612908073619456,ukraine-de,True,True,False,False,False,False,False,False,False,False,2022-12-02 10:30:18.001537+00:00,2022-12-02 10:30:26.718845+00:00
1598612928130949122,ukraine-de,True,True,False,False,False,False,False,False,False,False,2022-12-02 10:30:26.718720+00:00,2022-12-02 10:30:26.718720+00:00
1598612933004693505,ukraine-de,True,False,False,False,False,False,False,False,False,False,2022-12-02 10:30:17.973377+00:00,2022-12-02 10:30:17.973377+00:00
1598612944375390209,ukraine-de,True,True,False,False,False,False,False,False,False,False,2022-12-02 10:30:26.718557+00:00,2022-12-02 10:30:26.718557+00:00
1598612952839593984,ukraine-de,True,True,False,False,False,False,False,False,False,False,2022-12-02 10:30:26.718435+00:00,2022-12-02 10:30:26.718435+00:00
1598612966760677376,ukraine-de,True,True,False,False,False,False,False,False,False,False,2022-12-02 10:30:26.718311+00:00,2022-12-02 10:30:26.718311+00:00
1598612987614580738,ukraine-de,True,True,False,False,False,False,False,False,False,False,2022-12-02 10:30:26.718144+00:00,2022-12-02 10:30:26.718144+00:00
1598613038009040897,ukraine-de,True,True,False,False,False,False,False,False,False,False,2022-12-02 10:30:26.717956+00:00,2022-12-02 10:30:26.717956+00:00
1598613038860476416,ukraine-de,True,True,False,False,False,False,False,False,False,False,2022-12-02 10:30:26.717817+00:00,2022-12-02 10:30:26.717817+00:00
1598613048138387457,ukraine-de,True,True,False,False,False,False,False,False,False,False,2022-12-02 10:30:26.717091+00:00,2022-12-02 10:30:26.717091+00:00
1598613049341902848,ukraine-de,True,True,False,False,False,False,False,False,False,False,2022-12-02 10:30:26.716885+00:00,2022-12-02 10:30:26.716885+00:00
1598613054912077826,ukraine-de,True,True,False,False,False,False,False,False,False,False,2022-12-02 10:30:26.716768+00:00,2022-12-02 10:30:26.716768+00:00
1598613062763814912,ukraine-de,True,True,False,False,False,False,False,False,False,False,2022-12-02 10:30:26.716596+00:00,2022-12-02 10:30:26.716596+00:00
1598613066530230272,ukraine-de,True,True,False,False,False,False,False,False,False,False,2022-12-02 10:30:26.716494+00:00,2022-12-02 10:30:26.716494+00:00
1598613075875319809,ukraine-de,True,True,False,False,False,False,False,False,False,False,2022-12-02 10:30:26.716374+00:00,2022-12-02 10:30:26.716374+00:00
1598613098482507776,ukraine-de,True,True,False,False,False,False,False,False,False,False,2022-12-02 10:30:26.716209+00:00,2022-12-02 10:30:26.716209+00:00
1598613113917554689,ukraine-de,True,True,False,False,False,False,False,False,False,False,2022-12-02 10:30:26.716109+00:00,2022-12-02 10:30:26.716109+00:00
1598613133203247104,ukraine-de,True,True,False,False,False,False,False,False,False,False,2022-12-02 10:30:26.716004+00:00,2022-12-02 10:30:26.716004+00:00
1598613149632135173,ukraine-de,True,True,False,False,False,False,False,False,False,False,2022-12-02 10:30:26.715871+00:00,2022-12-02 10:30:26.715871+00:00
1598613160596054017,ukraine-de,True,True,False,False,False,False,False,False,False,False,2022-12-02 10:30:26.715670+00:00,2022-12-02 10:30:26.715670+00:00
1598613165608038401,ukraine-de,True,False,False,False,False,False,False,False,False,False,2022-12-02 10:30:18.000775+00:00,2022-12-02 10:30:18.000775+00:00
1598613199871410177,ukraine-de,True,True,False,False,False,False,False,False,False,False,2022-12-02 10:30:26.715568+00:00,2022-12-02 10:30:26.715568+00:00
1598613215172186112,ukraine-de,True,True,False,False,False,False,False,False,False,False,2022-12-02 10:30:26.715466+00:00,2022-12-02 10:30:26.715466+00:00
1598613228317196291,ukraine-de,True,True,False,False,False,False,False,False,False,False,2022-12-02 10:30:26.715362+00:00,2022-12-02 10:30:26.715362+00:00
1598613280246837248,ukraine-de,True,False,False,False,False,False,False,False,False,False,2022-12-02 10:30:26.773853+00:00,2022-12-02 10:30:26.773853+00:00
1598613290883629057,ukraine-de,True,True,False,False,False,False,False,False,False,False,2022-12-02 10:30:26.715245+00:00,2022-12-02 10:30:26.715245+00:00
1598613309749608448,ukraine-de,True,True,False,False,False,False,False,False,False,False,2022-12-02 10:30:26.715145+00:00,2022-12-02 10:30:26.715145+00:00
1598613316712046592,ukraine-de,True,True,False,False,False,False,False,False,False,False,2022-12-02 10:30:26.715043+00:00,2022-12-02 10:30:26.715043+00:00
1598613351105368065,ukraine-de,True,True,False,False,False,False,False,False,False,False,2022-12-02 10:30:26.714931+00:00,2022-12-02 10:30:26.714931+00:00
1598613398899630080,ukraine-de,True,False,False,False,False,False,False,False,False,False,2022-12-02 15:04:30.429875+00:00,2022-12-02 15:04:30.429875+00:00
1598613410719088642,ukraine-de,True,True,False,False,False,False,False,False,False,False,2022-12-02 10:30:26.714830+00:00,2022-12-02 10:30:26.714830+00:00
1598613417136455681,ukraine-de,True,True,False,False,False,False,False,False,False,False,2022-12-02 10:30:26.714730+00:00,2022-12-02 10:30:26.714730+00:00
1598613426023956480,ukraine-de,True,False,False,False,False,False,False,False,False,False,2022-12-03 05:35:06.057735+00:00,2022-12-03 05:35:06.057735+00:00
1598613437461970944,ukraine-de,True,True,False,False,False,False,False,False,False,False,2022-12-02 10:30:26.714616+00:00,2022-12-02 10:30:26.714616+00:00
1598613444525170689,ukraine-de,True,True,False,False,False,False,False,False,False,False,2022-12-02 10:30:26.714459+00:00,2022-12-02 10:30:26.714459+00:00
1598613481598730240,ukraine-de,True,True,False,False,False,False,False,False,False,False,2022-12-02 10:30:26.714361+00:00,2022-12-02 10:30:26.714361+00:00
1598613483918065669,ukraine-de,True,True,False,False,False,False,False,False,False,False,2022-12-02 10:30:26.714258+00:00,2022-12-02 10:30:26.714258+00:00
1598613500385017856,ukraine-de,True,False,False,False,False,False,False,False,False,False,2022-12-02 19:50:36.494635+00:00,2022-12-02 19:50:36.494635+00:00
1598613516688171009,ukraine-de,True,True,False,False,False,False,False,False,False,False,2022-12-02 10:30:26.714157+00:00,2022-12-02 10:30:26.714157+00:00
1598613550066458624,ukraine-de,True,True,False,False,False,False,False,False,False,False,2022-12-02 10:30:26.714055+00:00,2022-12-02 10:30:26.714055+00:00
1598613550578008069,ukraine-de,True,True,False,False,False,False,False,False,False,False,2022-12-02 10:30:26.713936+00:00,2022-12-02 10:30:26.713936+00:00
1598613609453535232,ukraine-de,True,False,False,False,False,False,False,False,False,False,2022-12-02 15:01:30.394683+00:00,2022-12-02 15:01:30.394683+00:00
1598613611684909056,ukraine-de,True,True,False,False,False,False,False,False,False,False,2022-12-02 10:30:26.713773+00:00,2022-12-02 10:30:26.713773+00:00
1598613622908866561,ukraine-de,True,True,False,False,False,False,False,False,False,False,2022-12-02 10:30:17.957069+00:00,2022-12-02 10:30:26.713669+00:00
1598613624569872386,ukraine-de,True,False,False,False,False,False,False,False,False,False,2022-12-02 10:30:26.777730+00:00,2022-12-02 10:30:26.777730+00:00
1598613627879055360,ukraine-de,True,True,False,False,False,False,False,False,False,False,2022-12-02 10:30:26.713522+00:00,2022-12-02 10:30:26.713522+00:00
1598613631750610945,ukraine-de,True,True,False,False,False,False,False,False,False,False,2022-12-02 10:30:26.713393+00:00,2022-12-02 10:30:26.713393+00:00
1598613634434875393,ukraine-de,True,True,False,False,False,False,False,False,False,False,2022-12-02 10:30:26.713243+00:00,2022-12-02 10:30:26.713243+00:00
1598613637630808064,ukraine-de,True,True,False,False,False,False,False,False,False,False,2022-12-02 10:30:18.000984+00:00,2022-12-02 10:30:26.713089+00:00
1598613652944330757,ukraine-de,True,False,False,False,False,False,False,False,False,False,2022-12-03 01:30:18.820990+00:00,2022-12-03 01:30:18.820990+00:00
1598613661303672832,ukraine-de,True,True,False,False,False,False,False,False,False,False,2022-12-02 10:30:26.712952+00:00,2022-12-02 10:30:26.712952+00:00
1598613679708155904,ukraine-de,True,True,False,False,False,False,False,False,False,False,2022-12-02 10:30:26.712844+00:00,2022-12-02 10:30:26.712844+00:00
1598613698754629633,ukraine-de,True,True,False,False,False,False,False,False,False,False,2022-12-02 10:30:26.712567+00:00,2022-12-02 10:30:26.712567+00:00
1598613714810413057,ukraine-de,True,True,False,False,False,False,False,False,False,False,2022-12-02 10:30:26.712430+00:00,2022-12-02 10:30:26.712430+00:00
1598613721009504256,ukraine-de,True,True,False,False,False,False,False,False,False,False,2022-12-02 10:30:26.712329+00:00,2022-12-02 10:30:26.712329+00:00
1598613747156729857,ukraine-de,True,True,False,False,False,False,False,False,False,False,2022-12-02 10:30:26.712221+00:00,2022-12-02 10:30:26.712221+00:00
1598613754933088256,ukraine-de,True,True,False,False,False,False,False,False,False,False,2022-12-02 10:30:26.712122+00:00,2022-12-02 10:30:26.712122+00:00
1598613757164388354,ukraine-de,True,True,False,False,False,False,False,False,False,False,2022-12-02 10:30:26.712020+00:00,2022-12-02 10:30:26.712020+00:00
1598613789682720770,ukraine-de,True,True,False,False,False,False,False,False,False,False,2022-12-02 10:30:26.711919+00:00,2022-12-02 10:30:26.711919+00:00
1598613799556325376,ukraine-de,True,False,False,False,False,False,False,False,False,False,2022-12-02 15:05:53.784951+00:00,2022-12-02 15:05:53.784951+00:00
1598613805537394688,ukraine-de,True,True,False,False,False,False,False,False,False,False,2022-12-02 10:30:26.711813+00:00,2022-12-02 10:30:26.711813+00:00
1598613808372662272,ukraine-de,True,True,False,False,False,False,False,False,False,False,2022-12-02 10:30:26.711659+00:00,2022-12-02 10:30:26.711659+00:00
1598613842644418561,ukraine-de,True,True,False,False,False,False,False,False,False,False,2022-12-02 10:30:26.711493+00:00,2022-12-02 10:30:26.711493+00:00
1598613851104157696,ukraine-de,True,True,False,False,False,False,False,False,False,False,2022-12-02 10:30:26.711392+00:00,2022-12-02 10:30:26.711392+00:00
1598613866598092801,ukraine-de,True,True,False,False,False,False,False,False,False,False,2022-12-02 10:30:26.711293+00:00,2022-12-02 10:30:26.711293+00:00
1598613869089497089,ukraine-de,True,True,False,False,False,False,False,False,False,False,2022-12-02 10:30:26.711189+00:00,2022-12-02 10:30:26.711189+00:00
1598613876982968322,ukraine-de,True,True,False,False,False,False,False,False,False,False,2022-12-02 10:30:26.710972+00:00,2022-12-02 10:30:26.710972+00:00
1598613888102277120,ukraine-de,True,True,False,False,False,False,False,False,False,False,2022-12-02 10:30:26.710870+00:00,2022-12-02 10:30:26.710870+00:00
1598613893118664705,ukraine-de,True,False,False,False,False,False,False,False,False,False,2022-12-02 10:30:26.770222+00:00,2022-12-02 10:30:26.770222+00:00
1598613945815908354,ukraine-de,True,True,False,False,False,False,False,False,False,False,2022-12-02 10:30:26.710650+00:00,2022-12-02 10:30:26.710650+00:00
1598613987825958912,ukraine-de,True,True,False,False,False,False,False,False,False,False,2022-12-02 10:30:26.710544+00:00,2022-12-02 10:30:26.710544+00:00
1598614007254073345,ukraine-de,True,True,False,False,False,False,False,False,False,False,2022-12-02 10:30:26.710445+00:00,2022-12-02 10:30:26.710445+00:00
1598614008185094144,ukraine-de,True,True,False,False,False,False,False,False,False,False,2022-12-02 10:30:26.710342+00:00,2022-12-02 10:30:26.710342+00:00
1598614022471008257,ukraine-de,True,True,False,False,False,False,False,False,False,False,2022-12-02 10:30:26.710236+00:00,2022-12-02 10:30:26.710236+00:00
1598614043832508418,ukraine-de,True,True,False,False,False,False,False,False,False,False,2022-12-02 10:30:26.710076+00:00,2022-12-02 10:30:26.710076+00:00
1598614051738746881,ukraine-de,True,True,False,False,False,False,False,False,False,False,2022-12-02 10:30:26.709960+00:00,2022-12-02 10:30:26.709960+00:00
1598614060337168384,ukraine-de,True,True,False,False,False,False,False,False,False,False,2022-12-02 10:30:26.709852+00:00,2022-12-02 10:30:26.709852+00:00
1598614075612831744,ukraine-de,True,True,False,False,False,False,False,False,False,False,2022-12-02 10:30:26.709673+00:00,2022-12-02 10:30:26.709673+00:00
1598614086132146176,ukraine-de,True,True,False,False,False,False,False,False,False,False,2022-12-02 10:30:26.709251+00:00,2022-12-02 10:30:26.709251+00:00
1598614098375110656,ukraine-de,True,True,False,False,False,False,False,False,False,False,2022-12-02 10:30:26.708939+00:00,2022-12-02 10:30:26.708939+00:00
1598614104888922112,ukraine-de,True,True,False,False,False,False,False,False,False,False,2022-12-02 10:30:26.708759+00:00,2022-12-02 10:30:26.708759+00:00
1598614117400694784,ukraine-de,True,True,False,False,False,False,False,False,False,False,2022-12-02 10:30:26.708598+00:00,2022-12-02 10:30:26.708598+00:00
1598614143812108288,ukraine-de,True,True,False,False,False,False,False,False,False,False,2022-12-02 10:30:26.708456+00:00,2022-12-02 10:30:26.708456+00:00
1598614190977064960,ukraine-de,True,True,False,False,False,False,False,False,False,False,2022-12-02 10:30:26.708302+00:00,2022-12-02 10:30:26.708302+00:00
1598614194374541312,ukraine-de,True,True,False,False,False,False,False,False,False,False,2022-12-02 10:30:26.708203+00:00,2022-12-02 10:30:26.708203+00:00
1598614209356447744,ukraine-de,True,False,False,False,False,False,False,False,False,False,2022-12-02 10:30:26.773204+00:00,2022-12-02 10:30:26.773204+00:00
1598614211520856065,ukraine-de,True,True,False,False,False,False,False,False,False,False,2022-12-02 10:30:26.708100+00:00,2022-12-02 10:30:26.708100+00:00
1598614236162392064,ukraine-de,True,True,False,False,False,False,False,False,False,False,2022-12-02 10:30:26.707999+00:00,2022-12-02 10:30:26.707999+00:00
1598614237596745729,ukraine-de,True,True,False,False,False,False,False,False,False,False,2022-12-02 10:30:26.707880+00:00,2022-12-02 10:30:26.707880+00:00
1598614238179704832,ukraine-de,True,True,False,False,False,False,False,False,False,False,2022-12-02 10:30:26.707773+00:00,2022-12-02 10:30:26.707773+00:00
1598614244139757568,ukraine-de,True,True,False,False,False,False,False,False,False,False,2022-12-02 10:30:26.707609+00:00,2022-12-02 10:30:26.707609+00:00
1598614253673619457,ukraine-de,True,True,False,False,False,False,False,False,False,False,2022-12-02 10:30:26.707486+00:00,2022-12-02 10:30:26.707486+00:00
1598614276293337089,ukraine-de,True,True,False,False,False,False,False,False,False,False,2022-12-02 10:30:26.707384+00:00,2022-12-02 10:30:26.707384+00:00
1598614296497475586,ukraine-de,True,True,False,False,False,False,False,False,False,False,2022-12-02 10:30:26.707265+00:00,2022-12-02 10:30:26.707265+00:00
1598614331448516608,ukraine-de,True,False,False,False,False,False,False,False,False,False,2022-12-02 15:04:13.032149+00:00,2022-12-02 15:04:13.032149+00:00
1598614378772840449,ukraine-de,True,True,False,False,False,False,False,False,False,False,2022-12-02 10:30:26.707166+00:00,2022-12-02 10:30:26.707166+00:00
1598614378852618241,ukraine-de,True,True,False,False,False,False,False,False,False,False,2022-12-02 10:30:26.707069+00:00,2022-12-02 10:30:26.707069+00:00
1598614396623798273,ukraine-de,True,True,False,False,False,False,False,False,False,False,2022-12-02 10:30:26.706971+00:00,2022-12-02 10:30:26.706971+00:00
1598614430861783040,ukraine-de,True,True,False,False,False,False,False,False,False,False,2022-12-02 10:30:26.706872+00:00,2022-12-02 10:30:26.706872+00:00
1598614446485770243,ukraine-de,True,False,False,False,False,False,False,False,False,False,2022-12-02 10:30:26.773756+00:00,2022-12-02 10:30:26.773756+00:00
1598614473576546304,ukraine-de,True,True,False,False,False,False,False,False,False,False,2022-12-02 10:30:26.706771+00:00,2022-12-02 10:30:26.706771+00:00
1598614502441984003,ukraine-de,True,True,False,False,False,False,False,False,False,False,2022-12-02 10:30:26.706669+00:00,2022-12-02 10:30:26.706669+00:00
1598614544875667456,ukraine-de,True,True,False,False,False,False,False,False,False,False,2022-12-02 10:30:26.706560+00:00,2022-12-02 10:30:26.706560+00:00
1598614546465300480,ukraine-de,True,True,False,False,False,False,False,False,False,False,2022-12-02 10:30:26.706460+00:00,2022-12-02 10:30:26.706460+00:00
1598614562986680322,ukraine-de,True,True,False,False,False,False,False,False,False,False,2022-12-02 10:30:26.706360+00:00,2022-12-02 10:30:26.706360+00:00
1598614598852268032,ukraine-de,True,True,False,False,False,False,False,False,False,False,2022-12-02 10:30:26.706258+00:00,2022-12-02 10:30:26.706258+00:00
1598614620658204673,ukraine-de,True,True,False,False,False,False,False,False,False,False,2022-12-02 10:30:26.706148+00:00,2022-12-02 10:30:26.706148+00:00
1598614652501778432,ukraine-de,True,True,False,False,False,False,False,False,False,False,2022-12-02 10:30:26.706000+00:00,2022-12-02 10:30:26.706000+00:00
1598614658432339969,ukraine-de,True,True,False,False,False,False,False,False,False,False,2022-12-02 10:30:26.705900+00:00,2022-12-02 10:30:26.705900+00:00
1598614664333692929,ukraine-de,True,True,False,False,False,False,False,False,False,False,2022-12-02 10:30:26.705797+00:00,2022-12-02 10:30:26.705797+00:00
1598614714564616192,ukraine-de,True,True,False,False,False,False,False,False,False,False,2022-12-02 10:30:26.705685+00:00,2022-12-02 10:30:26.705685+00:00
1598614717001601024,ukraine-de,True,True,False,False,False,False,False,False,False,False,2022-12-02 10:30:26.705498+00:00,2022-12-02 10:30:26.705498+00:00
1598614717639057408,ukraine-de,True,True,False,False,False,False,False,False,False,False,2022-12-02 10:30:26.705395+00:00,2022-12-02 10:30:26.705395+00:00
1598614727386611714,ukraine-de,True,True,False,False,False,False,False,False,False,False,2022-12-02 10:30:26.705277+00:00,2022-12-02 10:30:26.705277+00:00
1598614731085864960,ukraine-de,True,True,False,False,False,False,False,False,False,False,2022-12-02 10:30:26.705173+00:00,2022-12-02 10:30:26.705173+00:00
1598614731786522624,ukraine-de,True,True,False,False,False,False,False,False,False,False,2022-12-02 10:30:17.988409+00:00,2022-12-02 10:30:26.705070+00:00
1598614747968151554,ukraine-de,True,True,False,False,False,False,False,False,False,False,2022-12-02 10:30:26.704960+00:00,2022-12-02 10:30:26.704960+00:00
1598614764531240960,ukraine-de,True,False,False,False,False,False,False,False,False,False,2022-12-02 15:04:13.043667+00:00,2022-12-02 15:04:13.043667+00:00
1598614797586960391,ukraine-de,True,True,False,False,False,False,False,False,False,False,2022-12-02 10:30:26.704858+00:00,2022-12-02 10:30:26.704858+00:00
1598614821640884224,ukraine-de,True,False,False,False,False,False,False,False,False,False,2022-12-02 19:51:08.493923+00:00,2022-12-02 19:51:08.493923+00:00
1598614842658947076,ukraine-de,True,True,False,False,False,False,False,False,False,False,2022-12-02 10:30:26.704753+00:00,2022-12-02 10:30:26.704753+00:00
1598614851999367169,ukraine-de,True,True,False,False,False,False,False,False,False,False,2022-12-02 10:30:26.704623+00:00,2022-12-02 10:30:26.704623+00:00
1598614854763511809,ukraine-de,True,True,False,False,False,False,False,False,False,False,2022-12-02 10:30:26.704521+00:00,2022-12-02 10:30:26.704521+00:00
1598614882047254529,ukraine-de,True,True,False,False,False,False,False,False,False,False,2022-12-02 10:30:26.704399+00:00,2022-12-02 10:30:26.704399+00:00
1598614977589481472,ukraine-de,True,True,False,False,False,False,False,False,False,False,2022-12-02 10:30:26.704202+00:00,2022-12-02 10:30:26.704202+00:00
1598614997868871680,ukraine-de,True,True,False,False,False,False,False,False,False,False,2022-12-02 10:30:26.704098+00:00,2022-12-02 10:30:26.704098+00:00
1598615000666472448,ukraine-de,True,True,False,False,False,False,False,False,False,False,2022-12-02 10:30:26.703979+00:00,2022-12-02 10:30:26.703979+00:00
1598615007645704192,ukraine-de,True,True,False,False,False,False,False,False,False,False,2022-12-02 10:30:26.703875+00:00,2022-12-02 10:30:26.703875+00:00
1598615011898843136,ukraine-de,True,True,False,False,False,False,False,False,False,False,2022-12-02 10:30:26.703752+00:00,2022-12-02 10:30:26.703752+00:00
1598615038331424768,ukraine-de,True,True,False,False,False,False,False,False,False,False,2022-12-02 10:30:26.703613+00:00,2022-12-02 10:30:26.703613+00:00
1598615058245902337,ukraine-de,True,False,False,False,False,False,False,False,False,False,2022-12-02 10:30:18.001320+00:00,2022-12-02 10:30:18.001320+00:00
1598615075593617410,ukraine-de,True,True,False,False,False,False,False,False,False,False,2022-12-02 10:30:26.703510+00:00,2022-12-02 10:30:26.703510+00:00
1598615083692630016,ukraine-de,True,True,False,False,False,False,False,False,False,False,2022-12-02 10:30:26.703391+00:00,2022-12-02 10:30:26.703391+00:00
1598615084594495488,ukraine-de,True,True,False,False,False,False,False,False,False,False,2022-12-02 10:30:26.703290+00:00,2022-12-02 10:30:26.703290+00:00
1598615084888113156,ukraine-de,True,True,False,False,False,False,False,False,False,False,2022-12-02 10:30:26.703188+00:00,2022-12-02 10:30:26.703188+00:00
1598615093025054720,ukraine-de,True,True,False,False,False,False,False,False,False,False,2022-12-02 10:30:26.703068+00:00,2022-12-02 10:30:26.703068+00:00
1598615102336503817,ukraine-de,True,True,False,False,False,False,False,False,False,False,2022-12-02 10:30:26.702966+00:00,2022-12-02 10:30:26.702966+00:00
1598615115737219072,ukraine-de,True,True,False,False,False,False,False,False,False,False,2022-12-02 10:30:26.702862+00:00,2022-12-02 10:30:26.702862+00:00
1598615118589427712,ukraine-de,True,True,False,False,False,False,False,False,False,False,2022-12-02 10:30:26.702762+00:00,2022-12-02 10:30:26.702762+00:00
1598615159827595264,ukraine-de,True,True,False,False,False,False,False,False,False,False,2022-12-02 10:30:26.702658+00:00,2022-12-02 10:30:26.702658+00:00
1598615171206873089,ukraine-de,True,True,False,False,False,False,False,False,False,False,2022-12-02 10:30:18.001223+00:00,2022-12-02 10:30:26.702537+00:00
1598615172792213504,ukraine-de,True,True,False,False,False,False,False,False,False,False,2022-12-02 10:30:26.702423+00:00,2022-12-02 10:30:26.702423+00:00
1598615184846774272,ukraine-de,True,True,False,False,False,False,False,False,False,False,2022-12-02 10:30:26.702318+00:00,2022-12-02 10:30:26.702318+00:00
1598615198415441921,ukraine-de,True,True,False,False,False,False,False,False,False,False,2022-12-02 10:30:26.702173+00:00,2022-12-02 10:30:26.702173+00:00
1598615231126798336,ukraine-de,True,True,False,False,False,False,False,False,False,False,2022-12-02 10:30:26.701996+00:00,2022-12-02 10:30:26.701996+00:00
1598615241595682816,ukraine-de,True,True,False,False,False,False,False,False,False,False,2022-12-02 10:30:26.701896+00:00,2022-12-02 10:30:26.701896+00:00
1598615246482026497,ukraine-de,True,True,False,False,False,False,False,False,False,False,2022-12-02 10:30:26.701796+00:00,2022-12-02 10:30:26.701796+00:00
1598615268569268227,ukraine-de,True,True,False,False,False,False,False,False,False,False,2022-12-02 10:30:26.701697+00:00,2022-12-02 10:30:26.701697+00:00
1598615271400505346,ukraine-de,True,True,False,False,False,False,False,False,False,False,2022-12-02 10:30:26.701577+00:00,2022-12-02 10:30:26.701577+00:00
1598615295811362816,ukraine-de,True,True,False,False,False,False,False,False,False,False,2022-12-02 10:30:26.701478+00:00,2022-12-02 10:30:26.701478+00:00
1598615313599397888,ukraine-de,True,True,False,False,False,False,False,False,False,False,2022-12-02 10:30:26.701380+00:00,2022-12-02 10:30:26.701380+00:00
1598615316967432192,ukraine-de,True,True,False,False,False,False,False,False,False,False,2022-12-02 10:30:26.701280+00:00,2022-12-02 10:30:26.701280+00:00
1598615335766196224,ukraine-de,True,True,False,False,False,False,False,False,False,False,2022-12-02 10:30:17.970049+00:00,2022-12-02 10:30:26.701179+00:00
1598615344943431681,ukraine-de,True,True,False,False,False,False,False,False,False,False,2022-12-02 10:30:18.002209+00:00,2022-12-02 10:30:26.701075+00:00
1598615362186133504,ukraine-de,True,True,False,False,False,False,False,False,False,False,2022-12-02 10:30:18.002333+00:00,2022-12-02 10:30:26.700949+00:00
1598615367080820736,ukraine-de,True,True,False,False,False,False,False,False,False,False,2022-12-02 10:30:26.700789+00:00,2022-12-02 10:30:26.700789+00:00
1598615368733450240,ukraine-de,True,False,False,False,False,False,False,False,False,False,2022-12-02 10:30:17.963246+00:00,2022-12-02 10:30:17.963246+00:00
1598615403147706368,ukraine-de,True,True,False,False,False,False,False,False,False,False,2022-12-02 10:30:26.700687+00:00,2022-12-02 10:30:26.700687+00:00
1598615415042736130,ukraine-de,True,True,False,False,False,False,False,False,False,False,2022-12-02 10:30:26.700582+00:00,2022-12-02 10:30:26.700582+00:00
1598615420306530304,ukraine-de,True,False,False,False,False,False,False,False,False,False,2022-12-02 15:05:53.794316+00:00,2022-12-02 15:05:53.794316+00:00
1598615429777342465,ukraine-de,True,True,False,False,False,False,False,False,False,False,2022-12-02 10:30:26.700471+00:00,2022-12-02 10:30:26.700471+00:00
1598615449884835840,ukraine-de,True,False,False,False,False,False,False,False,False,False,2022-12-02 10:30:17.965162+00:00,2022-12-02 10:30:17.965162+00:00
1598615453173178368,ukraine-de,True,True,False,False,False,False,False,False,False,False,2022-12-02 10:30:26.700161+00:00,2022-12-02 10:30:26.700161+00:00
1598615458759966720,ukraine-de,True,True,False,False,False,False,False,False,False,False,2022-12-02 10:30:26.700060+00:00,2022-12-02 10:30:26.700060+00:00
1598615475440713730,ukraine-de,True,True,False,False,False,False,False,False,False,False,2022-12-02 10:30:26.699951+00:00,2022-12-02 10:30:26.699951+00:00
1598615487914676224,ukraine-de,True,True,False,False,False,False,False,False,False,False,2022-12-02 10:30:26.699649+00:00,2022-12-02 10:30:26.699649+00:00
1598615497821528064,ukraine-de,True,True,False,False,False,False,False,False,False,False,2022-12-02 10:30:26.699548+00:00,2022-12-02 10:30:26.699548+00:00
1598615506306715648,ukraine-de,True,True,False,False,False,False,False,False,False,False,2022-12-02 10:30:26.699447+00:00,2022-12-02 10:30:26.699447+00:00
1598615507984388097,ukraine-de,True,True,False,False,False,False,False,False,False,False,2022-12-02 10:30:26.699345+00:00,2022-12-02 10:30:26.699345+00:00
1598615509536108544,ukraine-de,True,True,False,False,False,False,False,False,False,False,2022-12-02 10:30:26.699238+00:00,2022-12-02 10:30:26.699238+00:00
1598615514514968576,ukraine-de,True,True,False,False,False,False,False,False,False,False,2022-12-02 10:30:26.699082+00:00,2022-12-02 10:30:26.699082+00:00
1598615518105182208,ukraine-de,True,True,False,False,False,False,False,False,False,False,2022-12-02 10:30:26.698953+00:00,2022-12-02 10:30:26.698953+00:00
1598615523264286720,ukraine-de,True,True,False,False,False,False,False,False,False,False,2022-12-02 10:30:26.698793+00:00,2022-12-02 10:30:26.698793+00:00
1598615576838021121,ukraine-de,True,True,False,False,False,False,False,False,False,False,2022-12-02 10:30:26.698688+00:00,2022-12-02 10:30:26.698688+00:00
1598615607607545857,ukraine-de,True,True,False,False,False,False,False,False,False,False,2022-12-02 10:30:26.698564+00:00,2022-12-02 10:30:26.698564+00:00
1598615621184286722,ukraine-de,True,True,False,False,False,False,False,False,False,False,2022-12-02 10:30:26.697982+00:00,2022-12-02 10:30:26.697982+00:00
1598615628331491329,ukraine-de,True,True,False,False,False,False,False,False,False,False,2022-12-02 10:30:26.697882+00:00,2022-12-02 10:30:26.697882+00:00
1598615644181757952,ukraine-de,True,True,False,False,False,False,False,False,False,False,2022-12-02 10:30:26.697763+00:00,2022-12-02 10:30:26.697763+00:00
1598615651450511362,ukraine-de,True,True,False,False,False,False,False,False,False,False,2022-12-02 10:30:26.697661+00:00,2022-12-02 10:30:26.697661+00:00
1598615654285955072,ukraine-de,True,True,False,False,False,False,False,False,False,False,2022-12-02 10:30:17.956558+00:00,2022-12-02 10:30:26.697536+00:00
1598615673063743489,ukraine-de,True,True,False,False,False,False,False,False,False,False,2022-12-02 10:30:26.697103+00:00,2022-12-02 10:30:26.697103+00:00
1598615673592315905,ukraine-de,True,True,False,False,False,False,False,False,False,False,2022-12-02 10:30:26.696973+00:00,2022-12-02 10:30:26.696973+00:00
1598615680793862145,ukraine-de,True,True,False,False,False,False,False,False,False,False,2022-12-02 10:30:26.696871+00:00,2022-12-02 10:30:26.696871+00:00
1598615699206701057,ukraine-de,True,True,False,False,False,False,False,False,False,False,2022-12-02 10:30:26.696763+00:00,2022-12-02 10:30:26.696763+00:00
1598615701425737729,ukraine-de,True,True,False,False,False,False,False,False,False,False,2022-12-02 10:30:26.696659+00:00,2022-12-02 10:30:26.696659+00:00
1598615724574101504,ukraine-de,True,True,False,False,False,False,False,False,False,False,2022-12-02 10:30:26.696544+00:00,2022-12-02 10:30:26.696544+00:00
1598615735206559750,ukraine-de,True,False,False,False,False,False,False,False,False,False,2022-12-02 15:01:05.644831+00:00,2022-12-02 15:01:05.644831+00:00
1598615743146299393,ukraine-de,True,True,False,False,False,False,False,False,False,False,2022-12-02 10:30:26.696420+00:00,2022-12-02 10:30:26.696420+00:00
1598615748506697729,ukraine-de,True,True,False,False,False,False,False,False,False,False,2022-12-02 10:30:26.696305+00:00,2022-12-02 10:30:26.696305+00:00
1598615773009907714,ukraine-de,True,True,False,False,False,False,False,False,False,False,2022-12-02 10:30:17.995255+00:00,2022-12-02 10:30:26.696144+00:00
1598615786255519744,ukraine-de,True,True,False,False,False,False,False,False,False,False,2022-12-02 10:30:26.696040+00:00,2022-12-02 10:30:26.696040+00:00
1598615790521139200,ukraine-de,True,True,False,False,False,False,False,False,False,False,2022-12-02 10:30:26.695910+00:00,2022-12-02 10:30:26.695910+00:00
1598615811144515587,ukraine-de,True,False,False,False,False,False,False,False,False,False,2022-12-02 22:35:45.765284+00:00,2022-12-02 22:35:45.765284+00:00
1598615828525592578,ukraine-de,True,True,False,False,False,False,False,False,False,False,2022-12-02 10:30:26.695806+00:00,2022-12-02 10:30:26.695806+00:00
1598615842232889344,ukraine-de,True,True,False,False,False,False,False,False,False,False,2022-12-02 10:30:17.968642+00:00,2022-12-02 10:30:26.695648+00:00
1598615866253479940,ukraine-de,True,True,False,False,False,False,False,False,False,False,2022-12-02 10:30:26.695542+00:00,2022-12-02 10:30:26.695542+00:00
1598615891398332421,ukraine-de,True,True,False,False,False,False,False,False,False,False,2022-12-02 10:30:26.695436+00:00,2022-12-02 10:30:26.695436+00:00
1598615908792127490,ukraine-de,True,True,False,False,False,False,False,False,False,False,2022-12-02 10:30:26.695320+00:00,2022-12-02 10:30:26.695320+00:00
1598615913066106880,ukraine-de,True,True,False,False,False,False,False,False,False,False,2022-12-02 10:30:26.695062+00:00,2022-12-02 10:30:26.695062+00:00
1598615917029728257,ukraine-de,True,True,False,False,False,False,False,False,False,False,2022-12-02 10:30:17.945212+00:00,2022-12-02 10:30:17.945212+00:00
1598615918229090304,ukraine-de,True,True,False,False,False,False,False,False,False,False,2022-12-02 10:30:17.945103+00:00,2022-12-02 10:30:17.945103+00:00
1598615924189585408,ukraine-de,True,True,False,False,False,False,False,False,False,False,2022-12-02 10:30:17.945004+00:00,2022-12-02 10:30:17.945004+00:00
1598615930623475712,ukraine-de,True,True,False,False,False,False,False,False,False,False,2022-12-02 10:30:17.944902+00:00,2022-12-02 10:30:17.944902+00:00
1598615932573818882,ukraine-de,True,True,False,False,False,False,False,False,False,False,2022-12-02 10:30:17.944800+00:00,2022-12-02 10:30:17.944800+00:00
1598615933983100928,ukraine-de,True,False,False,False,False,False,False,False,False,False,2022-12-02 15:05:53.779100+00:00,2022-12-02 15:05:53.779100+00:00
1598615990576848896,ukraine-de,True,True,False,False,False,False,False,False,False,False,2022-12-02 10:30:17.944695+00:00,2022-12-02 10:30:17.944695+00:00
1598615993143754753,ukraine-de,True,True,False,False,False,False,False,False,False,False,2022-12-02 10:30:17.944583+00:00,2022-12-02 10:30:17.944583+00:00
1598615999229706242,ukraine-de,True,True,False,False,False,False,False,False,False,False,2022-12-02 10:30:17.944477+00:00,2022-12-02 10:30:17.944477+00:00
1598616003738566657,ukraine-de,True,True,False,False,False,False,False,False,False,False,2022-12-02 10:30:17.944353+00:00,2022-12-02 10:30:17.944353+00:00
1598616010755657728,ukraine-de,True,True,False,False,False,False,False,False,False,False,2022-12-02 10:30:17.944250+00:00,2022-12-02 10:30:17.944250+00:00
1598616029902553091,ukraine-de,True,True,False,False,False,False,False,False,False,False,2022-12-02 10:30:17.944146+00:00,2022-12-02 10:30:17.944146+00:00
1598616032704450560,ukraine-de,True,True,False,False,False,False,False,False,False,False,2022-12-02 10:30:17.944025+00:00,2022-12-02 10:30:17.944025+00:00
1598616083170267136,ukraine-de,True,True,False,False,False,False,False,False,False,False,2022-12-02 10:30:17.943922+00:00,2022-12-02 10:30:17.943922+00:00
1598616086420799490,ukraine-de,True,False,False,False,False,False,False,False,False,False,2022-12-02 15:07:19.466478+00:00,2022-12-02 15:07:19.466478+00:00
1598616087431680000,ukraine-de,True,True,False,False,False,False,False,False,False,False,2022-12-02 10:30:17.943814+00:00,2022-12-02 10:30:17.943814+00:00
1598616088727539712,ukraine-de,True,True,False,False,False,False,False,False,False,False,2022-12-02 10:30:17.943689+00:00,2022-12-02 10:30:17.943689+00:00
1598616091617640455,ukraine-de,True,True,False,False,False,False,False,False,False,False,2022-12-02 10:30:17.943561+00:00,2022-12-02 10:30:17.943561+00:00
1598616111028662272,ukraine-de,True,True,False,False,False,False,False,False,False,False,2022-12-02 10:30:17.943429+00:00,2022-12-02 10:30:17.943429+00:00
1598616167123501057,ukraine-de,True,True,False,False,False,False,False,False,False,False,2022-12-02 10:30:17.943308+00:00,2022-12-02 10:30:17.943308+00:00
1598616190196269056,ukraine-de,True,True,False,False,False,False,False,False,False,False,2022-12-02 10:30:17.943163+00:00,2022-12-02 10:30:17.943163+00:00
1598616201567129601,ukraine-de,True,True,False,False,False,False,False,False,False,False,2022-12-02 10:30:17.938913+00:00,2022-12-02 10:30:17.938913+00:00
1598616224459796482,ukraine-de,True,True,False,False,False,False,False,False,False,False,2022-12-02 10:30:17.938801+00:00,2022-12-02 10:30:17.938801+00:00
1598616249893670912,ukraine-de,True,True,False,False,False,False,False,False,False,False,2022-12-02 10:30:17.938698+00:00,2022-12-02 10:30:17.938698+00:00
1598616257489735682,ukraine-de,True,True,False,False,False,False,False,False,False,False,2022-12-02 10:30:17.938573+00:00,2022-12-02 10:30:17.938573+00:00
1598616265010315265,ukraine-de,True,True,False,False,False,False,False,False,False,False,2022-12-02 10:30:17.938473+00:00,2022-12-02 10:30:17.938473+00:00
1598616274682118144,ukraine-de,True,True,False,False,False,False,False,False,False,False,2022-12-02 10:30:17.938374+00:00,2022-12-02 10:30:17.938374+00:00
1598616289404239880,ukraine-de,True,True,False,False,False,False,False,False,False,False,2022-12-02 10:30:17.938274+00:00,2022-12-02 10:30:17.938274+00:00
1598616326519472128,ukraine-de,True,True,False,False,False,False,False,False,False,False,2022-12-02 10:30:17.938146+00:00,2022-12-02 10:30:17.938146+00:00
1598616362317930496,ukraine-de,True,True,False,False,False,False,False,False,False,False,2022-12-02 10:30:17.938048+00:00,2022-12-02 10:30:17.938048+00:00
1598616369766899713,ukraine-de,True,True,False,False,False,False,False,False,False,False,2022-12-02 10:30:17.937819+00:00,2022-12-02 10:30:17.937819+00:00
1598616395587231745,ukraine-de,True,True,False,False,False,False,False,False,False,False,2022-12-02 10:30:17.937719+00:00,2022-12-02 10:30:17.937719+00:00
1598616400033202176,ukraine-de,True,True,False,False,False,False,False,False,False,False,2022-12-02 10:30:17.937619+00:00,2022-12-02 10:30:17.937619+00:00
1598616417066164224,ukraine-de,True,True,False,False,False,False,False,False,False,False,2022-12-02 10:30:17.937489+00:00,2022-12-02 10:30:17.937489+00:00
1598616426859749376,ukraine-de,True,False,False,False,False,False,False,False,False,False,2022-12-02 10:30:18.001114+00:00,2022-12-02 10:30:18.001114+00:00
1598616429187796992,ukraine-de,True,True,False,False,False,False,False,False,False,False,2022-12-02 10:30:17.937389+00:00,2022-12-02 10:30:17.937389+00:00
1598616431201030147,ukraine-de,True,True,False,False,False,False,False,False,False,False,2022-12-02 10:30:17.937262+00:00,2022-12-02 10:30:17.937262+00:00
1598616481599655936,ukraine-de,True,True,False,False,False,False,False,False,False,False,2022-12-02 10:30:17.937165+00:00,2022-12-02 10:30:17.937165+00:00
1598616485898788864,ukraine-de,True,True,False,False,False,False,False,False,False,False,2022-12-02 10:30:17.937068+00:00,2022-12-02 10:30:17.937068+00:00
1598616518186655744,ukraine-de,True,True,False,False,False,False,False,False,False,False,2022-12-02 10:30:17.936959+00:00,2022-12-02 10:30:17.936959+00:00
1598616564344954882,ukraine-de,True,True,False,False,False,False,False,False,False,False,2022-12-02 10:30:17.936858+00:00,2022-12-02 10:30:17.936858+00:00
1598616572213567488,ukraine-de,True,True,False,False,False,False,False,False,False,False,2022-12-02 10:30:17.936762+00:00,2022-12-02 10:30:17.936762+00:00
1598616573983457282,ukraine-de,True,True,False,False,False,False,False,False,False,False,2022-12-02 10:30:17.936662+00:00,2022-12-02 10:30:17.936662+00:00
1598616582942507014,ukraine-de,True,False,False,False,False,False,False,False,False,False,2022-12-02 15:01:05.649925+00:00,2022-12-02 15:01:05.649925+00:00
1598616585157152773,ukraine-de,True,True,False,False,False,False,False,False,False,False,2022-12-02 10:30:17.936565+00:00,2022-12-02 10:30:17.936565+00:00
1598616602269958145,ukraine-de,True,True,False,False,False,False,False,False,False,False,2022-12-02 10:30:17.936466+00:00,2022-12-02 10:30:17.936466+00:00
1598616608913645568,ukraine-de,True,True,False,False,False,False,False,False,False,False,2022-12-02 10:30:17.936369+00:00,2022-12-02 10:30:17.936369+00:00
1598616620372557824,ukraine-de,True,False,False,False,False,False,False,False,False,False,2022-12-02 22:35:17.178025+00:00,2022-12-02 22:35:17.178025+00:00
1598616649074184193,ukraine-de,True,True,False,False,False,False,False,False,False,False,2022-12-02 10:30:17.936275+00:00,2022-12-02 10:30:17.936275+00:00
1598616673296289794,ukraine-de,True,False,False,False,False,False,False,False,False,False,2022-12-02 15:01:05.654974+00:00,2022-12-02 15:01:05.654974+00:00
1598616702358458369,ukraine-de,True,True,False,False,False,False,False,False,False,False,2022-12-02 10:30:17.936178+00:00,2022-12-02 10:30:17.936178+00:00
1598616719316107269,ukraine-de,True,False,False,False,False,False,False,False,False,False,2022-12-02 19:50:59.833320+00:00,2022-12-02 19:50:59.833320+00:00
1598616719534301186,ukraine-de,True,True,False,False,False,False,False,False,False,False,2022-12-02 10:30:17.936081+00:00,2022-12-02 10:30:17.936081+00:00
1598616742082715649,ukraine-de,True,True,False,False,False,False,False,False,False,False,2022-12-02 10:30:17.935981+00:00,2022-12-02 10:30:17.935981+00:00
1598616775301677057,ukraine-de,True,False,False,False,False,False,False,False,False,False,2022-12-02 10:30:17.998174+00:00,2022-12-02 10:30:17.998174+00:00
1598616790808109058,ukraine-de,True,True,False,False,False,False,False,False,False,False,2022-12-02 10:30:17.935854+00:00,2022-12-02 10:30:17.935854+00:00
1598616806335434755,ukraine-de,True,True,False,False,False,False,False,False,False,False,2022-12-02 10:30:17.935749+00:00,2022-12-02 10:30:17.935749+00:00
1598616809208324098,ukraine-de,True,False,False,False,False,False,False,False,False,False,2022-12-02 15:07:19.453190+00:00,2022-12-02 15:07:19.453190+00:00
1598616822449725441,ukraine-de,True,True,False,False,False,False,False,False,False,False,2022-12-02 10:30:17.935644+00:00,2022-12-02 10:30:17.935644+00:00
1598616841881985024,ukraine-de,True,True,False,False,False,False,False,False,False,False,2022-12-02 10:30:17.935540+00:00,2022-12-02 10:30:17.935540+00:00
1598616861289185280,ukraine-de,True,True,False,False,False,False,False,False,False,False,2022-12-02 10:30:17.935422+00:00,2022-12-02 10:30:17.935422+00:00
1598616864527204355,ukraine-de,True,True,False,False,False,False,False,False,False,False,2022-12-02 10:30:17.935313+00:00,2022-12-02 10:30:17.935313+00:00
1598616900124250117,ukraine-de,True,True,False,False,False,False,False,False,False,False,2022-12-02 10:30:17.935190+00:00,2022-12-02 10:30:17.935190+00:00
1598616906612686849,ukraine-de,True,True,False,False,False,False,False,False,False,False,2022-12-02 10:30:17.935073+00:00,2022-12-02 10:30:17.935073+00:00
1598616910110883841,ukraine-de,True,True,False,False,False,False,False,False,False,False,2022-12-02 10:30:17.934896+00:00,2022-12-02 10:30:17.934896+00:00
1598616917186695168,ukraine-de,True,True,False,False,False,False,False,False,False,False,2022-12-02 10:30:17.934787+00:00,2022-12-02 10:30:17.934787+00:00
1598616947389857792,ukraine-de,True,True,False,False,False,False,False,False,False,False,2022-12-02 10:30:17.934633+00:00,2022-12-02 10:30:17.934633+00:00
1598616948991983617,ukraine-de,True,True,False,False,False,False,False,False,False,False,2022-12-02 10:30:17.929227+00:00,2022-12-02 10:30:17.929227+00:00
1598616958076735488,ukraine-de,True,True,False,False,False,False,False,False,False,False,2022-12-02 10:30:17.929126+00:00,2022-12-02 10:30:17.929126+00:00
1598616960274554882,ukraine-de,True,True,False,False,False,False,False,False,False,False,2022-12-02 10:30:17.929014+00:00,2022-12-02 10:30:17.929014+00:00
1598617008270082050,ukraine-de,True,True,False,False,False,False,False,False,False,False,2022-12-02 10:30:17.928915+00:00,2022-12-02 10:30:17.928915+00:00
1598617010619011073,ukraine-de,True,True,False,False,False,False,False,False,False,False,2022-12-02 10:30:17.928814+00:00,2022-12-02 10:30:17.928814+00:00
1598617020165234688,ukraine-de,True,False,False,False,False,False,False,False,False,False,2022-12-02 15:05:53.786089+00:00,2022-12-02 15:05:53.786089+00:00
1598617023151542274,ukraine-de,True,True,False,False,False,False,False,False,False,False,2022-12-02 10:30:17.928716+00:00,2022-12-02 10:30:17.928716+00:00
1598617084757352448,ukraine-de,True,True,False,False,False,False,False,False,False,False,2022-12-02 10:30:17.928613+00:00,2022-12-02 10:30:17.928613+00:00
1598617087055896576,ukraine-de,True,True,False,False,False,False,False,False,False,False,2022-12-02 10:30:17.928509+00:00,2022-12-02 10:30:17.928509+00:00
1598617111697317888,ukraine-de,True,True,False,False,False,False,False,False,False,False,2022-12-02 10:30:17.928405+00:00,2022-12-02 10:30:17.928405+00:00
1598617116810190848,ukraine-de,True,True,False,False,False,False,False,False,False,False,2022-12-02 10:30:17.928304+00:00,2022-12-02 10:30:17.928304+00:00
1598617169201401859,ukraine-de,True,True,False,False,False,False,False,False,False,False,2022-12-02 10:30:17.928204+00:00,2022-12-02 10:30:17.928204+00:00
1598617173693530113,ukraine-de,True,True,False,False,False,False,False,False,False,False,2022-12-02 10:30:17.928106+00:00,2022-12-02 10:30:17.928106+00:00
1598617204328652800,ukraine-de,True,True,False,False,False,False,False,False,False,False,2022-12-02 10:30:17.928004+00:00,2022-12-02 10:30:17.928004+00:00
1598617208858595328,ukraine-de,True,True,False,False,False,False,False,False,False,False,2022-12-02 10:30:17.927904+00:00,2022-12-02 10:30:17.927904+00:00
1598617208896339968,ukraine-de,True,True,False,False,False,False,False,False,False,False,2022-12-02 10:30:17.927800+00:00,2022-12-02 10:30:17.927800+00:00
1598617232841461762,ukraine-de,True,True,False,False,False,False,False,False,False,False,2022-12-02 10:30:17.927698+00:00,2022-12-02 10:30:17.927698+00:00
1598617234808918016,ukraine-de,True,False,False,False,False,False,False,False,False,False,2022-12-02 19:50:27.670596+00:00,2022-12-02 19:50:27.670596+00:00
1598617236863913985,ukraine-de,True,True,False,False,False,False,False,False,False,False,2022-12-02 10:30:17.927594+00:00,2022-12-02 10:30:17.927594+00:00
1598617253703868416,ukraine-de,True,True,False,False,False,False,False,False,False,False,2022-12-02 10:30:17.927475+00:00,2022-12-02 10:30:17.927475+00:00
1598617289300930560,ukraine-de,True,True,False,False,False,False,False,False,False,False,2022-12-02 10:30:17.927373+00:00,2022-12-02 10:30:17.927373+00:00
1598617291943546881,ukraine-de,True,True,False,False,False,False,False,False,False,False,2022-12-02 10:30:17.927266+00:00,2022-12-02 10:30:17.927266+00:00
1598617345081081860,ukraine-de,True,True,False,False,False,False,False,False,False,False,2022-12-02 10:30:17.927154+00:00,2022-12-02 10:30:17.927154+00:00
1598617351112597505,ukraine-de,True,True,False,False,False,False,False,False,False,False,2022-12-02 10:30:17.926969+00:00,2022-12-02 10:30:17.926969+00:00
1598617355432624130,ukraine-de,True,True,False,False,False,False,False,False,False,False,2022-12-02 10:30:17.926831+00:00,2022-12-02 10:30:17.926831+00:00
1598617362298818561,ukraine-de,True,True,False,False,False,False,False,False,False,False,2022-12-02 10:30:17.926708+00:00,2022-12-02 10:30:17.926708+00:00
1598617366807584768,ukraine-de,True,True,False,False,False,False,False,False,False,False,2022-12-02 10:30:17.926512+00:00,2022-12-02 10:30:17.926512+00:00
1598617374227308544,ukraine-de,True,True,False,False,False,False,False,False,False,False,2022-12-02 10:30:17.922301+00:00,2022-12-02 10:30:17.922301+00:00
1598617376823693316,ukraine-de,True,True,False,False,False,False,False,False,False,False,2022-12-02 10:30:17.922205+00:00,2022-12-02 10:30:17.922205+00:00
1598617390849269760,ukraine-de,True,True,False,False,False,False,False,False,False,False,2022-12-02 10:30:17.922099+00:00,2022-12-02 10:30:17.922099+00:00
1598617425661939712,ukraine-de,True,True,False,False,False,False,False,False,False,False,2022-12-02 10:30:17.922004+00:00,2022-12-02 10:30:17.922004+00:00
1598617461498290178,ukraine-de,True,False,False,False,False,False,False,False,False,False,2022-12-02 15:07:19.443375+00:00,2022-12-02 15:07:19.443375+00:00
1598617464790581248,ukraine-de,True,True,False,False,False,False,False,False,False,False,2022-12-02 10:30:17.921905+00:00,2022-12-02 10:30:17.921905+00:00
1598617485506404352,ukraine-de,True,True,False,False,False,False,False,False,False,False,2022-12-02 10:30:17.921808+00:00,2022-12-02 10:30:17.921808+00:00
1598617487121293313,ukraine-de,True,True,False,False,False,False,False,False,False,False,2022-12-02 10:30:17.921693+00:00,2022-12-02 10:30:17.921693+00:00
1598617522433146881,ukraine-de,True,True,False,False,False,False,False,False,False,False,2022-12-02 10:30:17.921579+00:00,2022-12-02 10:30:17.921579+00:00
1598617535552815104,ukraine-de,True,True,False,False,False,False,False,False,False,False,2022-12-02 10:30:17.921481+00:00,2022-12-02 10:30:17.921481+00:00
1598617536400179200,ukraine-de,True,True,False,False,False,False,False,False,False,False,2022-12-02 10:30:17.921383+00:00,2022-12-02 10:30:17.921383+00:00
1598617546927775744,ukraine-de,True,True,False,False,False,False,False,False,False,False,2022-12-02 10:30:17.921274+00:00,2022-12-02 10:30:17.921274+00:00
1598617552992845824,ukraine-de,True,True,False,False,False,False,False,False,False,False,2022-12-02 10:30:17.921171+00:00,2022-12-02 10:30:17.921171+00:00
1598617556176216069,ukraine-de,True,True,False,False,False,False,False,False,False,False,2022-12-02 10:30:17.921073+00:00,2022-12-02 10:30:17.921073+00:00
1598617619728326657,ukraine-de,True,True,False,False,False,False,False,False,False,False,2022-12-02 10:30:17.920954+00:00,2022-12-02 10:30:17.920954+00:00
1598617636979576832,ukraine-de,True,True,False,False,False,False,False,False,False,False,2022-12-02 10:30:17.920802+00:00,2022-12-02 10:30:17.920802+00:00
1598617639412187138,ukraine-de,True,False,False,False,False,False,False,False,False,False,2022-12-02 10:30:17.987387+00:00,2022-12-02 10:30:17.987387+00:00
1598617708588933120,ukraine-de,True,True,False,False,False,False,False,False,False,False,2022-12-02 10:30:17.920684+00:00,2022-12-02 10:30:17.920684+00:00
1598617714083639296,ukraine-de,True,True,False,False,False,False,False,False,False,False,2022-12-02 10:30:17.920578+00:00,2022-12-02 10:30:17.920578+00:00
1598617721297682437,ukraine-de,True,True,False,False,False,False,False,False,False,False,2022-12-02 10:30:17.920475+00:00,2022-12-02 10:30:17.920475+00:00
1598617791195598848,ukraine-de,True,False,False,False,False,False,False,False,False,False,2022-12-02 10:30:17.995760+00:00,2022-12-02 10:30:17.995760+00:00
1598617805661708288,ukraine-de,True,True,False,False,False,False,False,False,False,False,2022-12-02 10:30:17.920373+00:00,2022-12-02 10:30:17.920373+00:00
1598617829594603520,ukraine-de,True,True,False,False,False,False,False,False,False,False,2022-12-02 10:30:17.920270+00:00,2022-12-02 10:30:17.920270+00:00
1598617839522430977,ukraine-de,True,True,False,False,False,False,False,False,False,False,2022-12-02 10:30:17.920140+00:00,2022-12-02 10:30:17.920140+00:00
1598617862465327107,ukraine-de,True,False,False,False,False,False,False,False,False,False,2022-12-02 10:30:17.958764+00:00,2022-12-02 10:30:17.958764+00:00
1598617887803150336,ukraine-de,True,True,False,False,False,False,False,False,False,False,2022-12-02 10:30:17.920040+00:00,2022-12-02 10:30:17.920040+00:00
1598617891242479617,ukraine-de,True,True,False,False,False,False,False,False,False,False,2022-12-02 10:30:17.919936+00:00,2022-12-02 10:30:17.919936+00:00
1598617903884128261,ukraine-de,True,False,False,False,False,False,False,False,False,False,2022-12-02 15:01:05.637314+00:00,2022-12-02 15:01:05.637314+00:00
1598617907306663938,ukraine-de,True,True,False,False,False,False,False,False,False,False,2022-12-02 10:30:17.919832+00:00,2022-12-02 10:30:17.919832+00:00
1598617907918868480,ukraine-de,True,True,False,False,False,False,False,False,False,False,2022-12-02 10:30:17.919723+00:00,2022-12-02 10:30:17.919723+00:00
1598617919935725570,ukraine-de,True,True,False,False,False,False,False,False,False,False,2022-12-02 10:30:17.919607+00:00,2022-12-02 10:30:17.919607+00:00
1598617923442065410,ukraine-de,True,True,False,False,False,False,False,False,False,False,2022-12-02 10:30:17.919441+00:00,2022-12-02 10:30:17.919441+00:00
1598617942769508352,ukraine-de,True,True,False,False,False,False,False,False,False,False,2022-12-02 10:30:17.918295+00:00,2022-12-02 10:30:17.918295+00:00
1598617949480304640,ukraine-de,True,True,False,False,False,False,False,False,False,False,2022-12-02 10:30:17.918194+00:00,2022-12-02 10:30:17.918194+00:00
1598617970716049408,ukraine-de,True,False,False,False,False,False,False,False,False,False,2022-12-02 10:30:17.969854+00:00,2022-12-02 10:30:17.969854+00:00
1598617975417864192,ukraine-de,True,True,False,False,False,False,False,False,False,False,2022-12-02 10:30:17.918089+00:00,2022-12-02 10:30:17.918089+00:00
1598617983877775363,ukraine-de,True,True,False,False,False,False,False,False,False,False,2022-12-02 10:30:17.917964+00:00,2022-12-02 10:30:17.917964+00:00
1598617999644164096,ukraine-de,True,True,False,False,False,False,False,False,False,False,2022-12-02 10:30:17.917843+00:00,2022-12-02 10:30:17.917843+00:00
1598618004371247104,ukraine-de,True,True,False,False,False,False,False,False,False,False,2022-12-02 10:30:17.917723+00:00,2022-12-02 10:30:17.917723+00:00
1598618026819039233,ukraine-de,True,False,False,False,False,False,False,False,False,False,2022-12-02 10:30:17.995894+00:00,2022-12-02 10:30:17.995894+00:00
1598618029864067072,ukraine-de,True,True,False,False,False,False,False,False,False,False,2022-12-02 10:30:17.917561+00:00,2022-12-02 10:30:17.917561+00:00
1598618045425098754,ukraine-de,True,True,False,False,False,False,False,False,False,False,2022-12-02 10:30:17.917417+00:00,2022-12-02 10:30:17.917417+00:00
1598618047333351425,ukraine-de,True,False,False,False,False,False,False,False,False,False,2022-12-02 15:01:05.651985+00:00,2022-12-02 15:01:05.651985+00:00
1598618050252636166,ukraine-de,True,True,False,False,False,False,False,False,False,False,2022-12-02 10:30:17.917303+00:00,2022-12-02 10:30:17.917303+00:00
1598618055612964864,ukraine-de,True,True,False,False,False,False,False,False,False,False,2022-12-02 10:30:17.917192+00:00,2022-12-02 10:30:17.917192+00:00
1598618069772795904,ukraine-de,True,True,False,False,False,False,False,False,False,False,2022-12-02 10:30:17.917082+00:00,2022-12-02 10:30:17.917082+00:00
1598618073644339204,ukraine-de,True,True,False,False,False,False,False,False,False,False,2022-12-02 10:30:17.916928+00:00,2022-12-02 10:30:17.916928+00:00
1598618073702989825,ukraine-de,True,True,False,False,False,False,False,False,False,False,2022-12-02 10:30:17.914282+00:00,2022-12-02 10:30:17.914282+00:00
1598618102165487616,ukraine-de,True,True,False,False,False,False,False,False,False,False,2022-12-02 10:30:17.914182+00:00,2022-12-02 10:30:17.914182+00:00
1598618108402421765,ukraine-de,True,True,False,False,False,False,False,False,False,False,2022-12-02 10:30:17.914060+00:00,2022-12-02 10:30:17.914060+00:00
1598618113456709633,ukraine-de,True,True,False,False,False,False,False,False,False,False,2022-12-02 10:30:17.913960+00:00,2022-12-02 10:30:17.913960+00:00
1598618231387717632,ukraine-de,True,True,False,False,False,False,False,False,False,False,2022-12-02 10:30:17.913860+00:00,2022-12-02 10:30:17.913860+00:00
1598618262048329728,ukraine-de,True,True,False,False,False,False,False,False,False,False,2022-12-02 10:30:17.913763+00:00,2022-12-02 10:30:17.913763+00:00
1598618269744766976,ukraine-de,True,True,False,False,False,False,False,False,False,False,2022-12-02 10:30:17.913663+00:00,2022-12-02 10:30:17.913663+00:00
1598618318272958465,ukraine-de,True,True,False,False,False,False,False,False,False,False,2022-12-02 10:30:17.913543+00:00,2022-12-02 10:30:17.913543+00:00
1598618342226481152,ukraine-de,True,True,False,False,False,False,False,False,False,False,2022-12-02 10:30:17.913433+00:00,2022-12-02 10:30:17.913433+00:00
1598618356814323713,ukraine-de,True,True,False,False,False,False,False,False,False,False,2022-12-02 10:30:17.913330+00:00,2022-12-02 10:30:17.913330+00:00
1598618373906120709,ukraine-de,True,True,False,False,False,False,False,False,False,False,2022-12-02 10:30:17.913224+00:00,2022-12-02 10:30:17.913224+00:00
1598618375353237505,ukraine-de,True,True,False,False,False,False,False,False,False,False,2022-12-02 10:30:17.913089+00:00,2022-12-02 10:30:17.913089+00:00
1598618377483853824,ukraine-de,True,True,False,False,False,False,False,False,False,False,2022-12-02 10:30:17.912985+00:00,2022-12-02 10:30:17.912985+00:00
1598618429329661955,ukraine-de,True,True,False,False,False,False,False,False,False,False,2022-12-02 10:30:17.912874+00:00,2022-12-02 10:30:17.912874+00:00
1598618470601531392,ukraine-de,True,False,False,False,False,False,False,False,False,False,2022-12-02 19:51:41.481724+00:00,2022-12-02 19:51:41.481724+00:00
1598618476809256960,ukraine-de,True,True,False,False,False,False,False,False,False,False,2022-12-02 10:30:17.912760+00:00,2022-12-02 10:30:17.912760+00:00
1598618490411356165,ukraine-de,True,False,False,False,False,False,False,False,False,False,2022-12-02 15:04:13.053619+00:00,2022-12-02 15:04:13.053619+00:00
1598618491602587650,ukraine-de,True,True,False,False,False,False,False,False,False,False,2022-12-02 10:30:17.912594+00:00,2022-12-02 10:30:17.912594+00:00
1598618500037283840,ukraine-de,True,True,False,False,False,False,False,False,False,False,2022-12-02 10:30:17.910274+00:00,2022-12-02 10:30:17.910274+00:00
1598618564734377984,ukraine-de,True,False,False,False,False,False,False,False,False,False,2022-12-02 10:30:17.990169+00:00,2022-12-02 10:30:17.990169+00:00
1598618591988957186,ukraine-de,True,True,False,False,False,False,False,False,False,False,2022-12-02 10:30:17.910176+00:00,2022-12-02 10:30:17.910176+00:00
1598618599001767936,ukraine-de,True,True,False,False,False,False,False,False,False,False,2022-12-02 10:30:17.910074+00:00,2022-12-02 10:30:17.910074+00:00
1598618613652635649,ukraine-de,True,True,False,False,False,False,False,False,False,False,2022-12-02 10:30:17.909976+00:00,2022-12-02 10:30:17.909976+00:00
1598618680299900928,ukraine-de,True,False,False,False,False,False,False,False,False,False,2022-12-02 10:30:17.965941+00:00,2022-12-02 10:30:17.965941+00:00
1598618708678791171,ukraine-de,True,False,False,False,False,False,False,False,False,False,2022-12-02 15:01:30.390400+00:00,2022-12-02 15:01:30.390400+00:00
1598618711358771200,ukraine-de,True,True,False,False,False,False,False,False,False,False,2022-12-02 10:30:17.909876+00:00,2022-12-02 10:30:17.909876+00:00
1598618712621420544,ukraine-de,True,True,False,False,False,False,False,False,False,False,2022-12-02 10:30:17.909776+00:00,2022-12-02 10:30:17.909776+00:00
1598618715330940929,ukraine-de,True,True,False,False,False,False,False,False,False,False,2022-12-02 10:30:17.909674+00:00,2022-12-02 10:30:17.909674+00:00
1598618726416384002,ukraine-de,True,True,False,False,False,False,False,False,False,False,2022-12-02 10:30:17.909540+00:00,2022-12-02 10:30:17.909540+00:00
1598618728698109954,ukraine-de,True,True,False,False,False,False,False,False,False,False,2022-12-02 10:30:17.909438+00:00,2022-12-02 10:30:17.909438+00:00
1598618760205635585,ukraine-de,True,False,False,False,False,False,False,False,False,False,2022-12-02 10:30:17.990282+00:00,2022-12-02 10:30:17.990282+00:00
1598618762445471747,ukraine-de,True,True,False,False,False,False,False,False,False,False,2022-12-02 10:30:17.909315+00:00,2022-12-02 10:30:17.909315+00:00
1598618775078797315,ukraine-de,True,True,False,False,False,False,False,False,False,False,2022-12-02 10:30:17.909187+00:00,2022-12-02 10:30:17.909187+00:00
1598618783073140738,ukraine-de,True,True,False,False,False,False,False,False,False,False,2022-12-02 10:30:17.909062+00:00,2022-12-02 10:30:17.909062+00:00
1598618784239157249,ukraine-de,True,True,False,False,False,False,False,False,False,False,2022-12-02 10:30:17.908961+00:00,2022-12-02 10:30:17.908961+00:00
1598618790131994624,ukraine-de,True,True,False,False,False,False,False,False,False,False,2022-12-02 10:30:17.908861+00:00,2022-12-02 10:30:17.908861+00:00
1598618842426707969,ukraine-de,True,True,False,False,False,False,False,False,False,False,2022-12-02 10:30:17.908758+00:00,2022-12-02 10:30:17.908758+00:00
1598618860571197442,ukraine-de,True,False,False,False,False,False,False,False,False,False,2022-12-02 19:50:59.812746+00:00,2022-12-02 19:50:59.812746+00:00
1598618882918449152,ukraine-de,True,True,False,False,False,False,False,False,False,False,2022-12-02 10:30:17.908654+00:00,2022-12-02 10:30:17.908654+00:00
1598618914929401856,ukraine-de,True,True,False,False,False,False,False,False,False,False,2022-12-02 10:30:17.908546+00:00,2022-12-02 10:30:17.908546+00:00
1598618941747736576,ukraine-de,True,True,False,False,False,False,False,False,False,False,2022-12-02 10:30:17.908433+00:00,2022-12-02 10:30:17.908433+00:00
1598618945010995200,ukraine-de,True,True,False,False,False,False,False,False,False,False,2022-12-02 10:30:17.908308+00:00,2022-12-02 10:30:17.908308+00:00
1598618957199675393,ukraine-de,True,True,False,False,False,False,False,False,False,False,2022-12-02 10:30:17.905752+00:00,2022-12-02 10:30:17.905752+00:00
1598618977412038657,ukraine-de,True,True,False,False,False,False,False,False,False,False,2022-12-02 10:30:17.905641+00:00,2022-12-02 10:30:17.905641+00:00
1598618988908535808,ukraine-de,True,False,False,False,False,False,False,False,False,False,2022-12-02 15:05:53.775651+00:00,2022-12-02 15:05:53.775651+00:00
1598619016125464578,ukraine-de,True,True,False,False,False,False,False,False,False,False,2022-12-02 10:30:17.905522+00:00,2022-12-02 10:30:17.905522+00:00
1598619030742437892,ukraine-de,True,True,False,False,False,False,False,False,False,False,2022-12-02 10:30:17.905423+00:00,2022-12-02 10:30:17.905423+00:00
1598619086556221440,ukraine-de,True,True,False,False,False,False,False,False,False,False,2022-12-02 10:30:17.905323+00:00,2022-12-02 10:30:17.905323+00:00
1598619097331138560,ukraine-de,True,True,False,False,False,False,False,False,False,False,2022-12-02 10:30:17.905221+00:00,2022-12-02 10:30:17.905221+00:00
1598619103736086529,ukraine-de,True,True,False,False,False,False,False,False,False,False,2022-12-02 10:30:17.905119+00:00,2022-12-02 10:30:17.905119+00:00
1598619111461994496,ukraine-de,True,True,False,False,False,False,False,False,False,False,2022-12-02 10:30:17.905017+00:00,2022-12-02 10:30:17.905017+00:00
1598619111684046848,ukraine-de,True,True,False,False,False,False,False,False,False,False,2022-12-02 10:30:17.904914+00:00,2022-12-02 10:30:17.904914+00:00
1598619148677828609,ukraine-de,True,False,False,False,False,False,False,False,False,False,2022-12-02 10:30:17.972190+00:00,2022-12-02 10:30:17.972190+00:00
1598619157603328000,ukraine-de,True,True,False,False,False,False,False,False,False,False,2022-12-02 10:30:17.904793+00:00,2022-12-02 10:30:17.904793+00:00
1598619160564465664,ukraine-de,True,True,False,False,False,False,False,False,False,False,2022-12-02 10:30:17.904676+00:00,2022-12-02 10:30:17.904676+00:00
1598619168722587649,ukraine-de,True,False,False,False,False,False,False,False,False,False,2022-12-03 11:05:50.205793+00:00,2022-12-03 11:05:50.205793+00:00
1598619185147437056,ukraine-de,True,True,False,False,False,False,False,False,False,False,2022-12-02 10:30:17.904575+00:00,2022-12-02 10:30:17.904575+00:00
1598619197172506626,ukraine-de,True,True,False,False,False,False,False,False,False,False,2022-12-02 10:30:17.904477+00:00,2022-12-02 10:30:17.904477+00:00
1598619207171645440,ukraine-de,True,True,False,False,False,False,False,False,False,False,2022-12-02 10:30:17.904378+00:00,2022-12-02 10:30:17.904378+00:00
1598619208572719111,ukraine-de,True,True,False,False,False,False,False,False,False,False,2022-12-02 10:30:17.904261+00:00,2022-12-02 10:30:17.904261+00:00
1598619208887152643,ukraine-de,True,False,False,False,False,False,False,False,False,False,2022-12-02 10:30:17.973792+00:00,2022-12-02 10:30:17.973792+00:00
1598619209436536832,ukraine-de,True,False,False,False,False,False,False,False,False,False,2022-12-02 22:35:45.772798+00:00,2022-12-02 22:35:45.772798+00:00
1598619232970969090,ukraine-de,True,True,False,False,False,False,False,False,False,False,2022-12-02 10:30:17.904161+00:00,2022-12-02 10:30:17.904161+00:00
1598619234417799169,ukraine-de,True,True,False,False,False,False,False,False,False,False,2022-12-02 10:30:17.904055+00:00,2022-12-02 10:30:17.904055+00:00
1598619235600711680,ukraine-de,True,True,False,False,False,False,False,False,False,False,2022-12-02 10:30:17.903957+00:00,2022-12-02 10:30:17.903957+00:00
1598619235961430022,ukraine-de,True,True,False,False,False,False,False,False,False,False,2022-12-02 10:30:17.903845+00:00,2022-12-02 10:30:17.903845+00:00
1598619263928922113,ukraine-de,True,True,False,False,False,False,False,False,False,False,2022-12-02 10:30:17.903724+00:00,2022-12-02 10:30:17.903724+00:00
1598619270224674818,ukraine-de,True,True,False,False,False,False,False,False,False,False,2022-12-02 10:30:17.903622+00:00,2022-12-02 10:30:17.903622+00:00
1598619276633587712,ukraine-de,True,False,False,False,False,False,False,False,False,False,2022-12-02 15:05:39.927935+00:00,2022-12-02 15:05:39.927935+00:00
1598619291724791808,ukraine-de,True,True,False,False,False,False,False,False,False,False,2022-12-02 10:30:17.903523+00:00,2022-12-02 10:30:17.903523+00:00
1598619332359110656,ukraine-de,True,True,False,False,False,False,False,False,False,False,2022-12-02 10:30:17.903419+00:00,2022-12-02 10:30:17.903419+00:00
1598619343293644800,ukraine-de,True,True,False,False,False,False,False,False,False,False,2022-12-02 10:30:17.903311+00:00,2022-12-02 10:30:17.903311+00:00
1598619365242331136,ukraine-de,True,True,False,False,False,False,False,False,False,False,2022-12-02 10:30:17.903206+00:00,2022-12-02 10:30:17.903206+00:00
1598619377330536454,ukraine-de,True,True,False,False,False,False,False,False,False,False,2022-12-02 10:30:17.903102+00:00,2022-12-02 10:30:17.903102+00:00
1598619385857544192,ukraine-de,True,True,False,False,False,False,False,False,False,False,2022-12-02 10:30:17.902994+00:00,2022-12-02 10:30:17.902994+00:00
1598619428412829697,ukraine-de,True,True,False,False,False,False,False,False,False,False,2022-12-02 10:30:17.902885+00:00,2022-12-02 10:30:17.902885+00:00
1598619440920215552,ukraine-de,True,True,False,False,False,False,False,False,False,False,2022-12-02 10:30:17.902774+00:00,2022-12-02 10:30:17.902774+00:00
1598619463921696769,ukraine-de,True,False,False,False,False,False,False,False,False,False,2022-12-02 19:51:22.141507+00:00,2022-12-02 19:51:22.141507+00:00
1598619471924678657,ukraine-de,True,True,False,False,False,False,False,False,False,False,2022-12-02 10:30:17.902651+00:00,2022-12-02 10:30:17.902651+00:00
1598619496054288385,ukraine-de,True,False,False,False,False,False,False,False,False,False,2022-12-02 10:30:17.988083+00:00,2022-12-02 10:30:17.988083+00:00
1598619497405026304,ukraine-de,True,True,False,False,False,False,False,False,False,False,2022-12-02 10:30:17.902472+00:00,2022-12-02 10:30:17.902472+00:00
1598619500714131456,ukraine-de,True,True,False,False,False,False,False,False,False,False,2022-12-02 10:30:17.899865+00:00,2022-12-02 10:30:17.899865+00:00
1598619501129498625,ukraine-de,True,False,False,False,False,False,False,False,False,False,2022-12-02 10:30:17.987864+00:00,2022-12-02 10:30:17.987864+00:00
1598619502496960512,ukraine-de,True,True,False,False,False,False,False,False,False,False,2022-12-02 10:30:17.899759+00:00,2022-12-02 10:30:17.899759+00:00
1598619510780600320,ukraine-de,True,True,False,False,False,False,False,False,False,False,2022-12-02 10:30:17.899632+00:00,2022-12-02 10:30:17.899632+00:00
1598619531831812097,ukraine-de,True,True,False,False,False,False,False,False,False,False,2022-12-02 10:30:17.899511+00:00,2022-12-02 10:30:17.899511+00:00
1598619533689950210,ukraine-de,True,True,False,False,False,False,False,False,False,False,2022-12-02 10:30:17.899402+00:00,2022-12-02 10:30:17.899402+00:00
1598619555990994945,ukraine-de,True,True,False,False,False,False,False,False,False,False,2022-12-02 10:30:17.899258+00:00,2022-12-02 10:30:17.899258+00:00
1598619562919854080,ukraine-de,True,False,False,False,False,False,False,False,False,False,2022-12-02 10:30:17.970565+00:00,2022-12-02 10:30:17.970565+00:00
1598619565772214273,ukraine-de,True,True,False,False,False,False,False,False,False,False,2022-12-02 10:30:17.899080+00:00,2022-12-02 10:30:17.899080+00:00
1598619607413186561,ukraine-de,True,True,False,False,False,False,False,False,False,False,2022-12-02 10:30:17.897059+00:00,2022-12-02 10:30:17.897059+00:00
1598619675151290370,ukraine-de,True,True,False,False,False,False,False,False,False,False,2022-12-02 10:30:17.896950+00:00,2022-12-02 10:30:17.896950+00:00
1598619676476674048,ukraine-de,True,True,False,False,False,False,False,False,False,False,2022-12-02 10:30:17.896855+00:00,2022-12-02 10:30:17.896855+00:00
1598619689697136640,ukraine-de,True,False,False,False,False,False,False,False,False,False,2022-12-02 10:30:17.967769+00:00,2022-12-02 10:30:17.967769+00:00
1598619713944403968,ukraine-de,True,True,False,False,False,False,False,False,False,False,2022-12-02 10:30:17.896757+00:00,2022-12-02 10:30:17.896757+00:00
1598619725608542208,ukraine-de,True,True,False,False,False,False,False,False,False,False,2022-12-02 10:30:17.896657+00:00,2022-12-02 10:30:17.896657+00:00
1598619763235856388,ukraine-de,True,True,False,False,False,False,False,False,False,False,2022-12-02 10:30:17.896559+00:00,2022-12-02 10:30:17.896559+00:00
1598619773440507904,ukraine-de,True,False,False,False,False,False,False,False,False,False,2022-12-02 10:30:17.973696+00:00,2022-12-02 10:30:17.973696+00:00
1598619790431735809,ukraine-de,True,True,False,False,False,False,False,False,False,False,2022-12-02 10:30:17.896459+00:00,2022-12-02 10:30:17.896459+00:00
1598619830826827776,ukraine-de,True,True,False,False,False,False,False,False,False,False,2022-12-02 10:30:17.896362+00:00,2022-12-02 10:30:17.896362+00:00
1598619862175285249,ukraine-de,True,True,False,False,False,False,False,False,False,False,2022-12-02 10:30:17.896231+00:00,2022-12-02 10:30:17.896231+00:00
1598619868936429568,ukraine-de,True,True,False,False,False,False,False,False,False,False,2022-12-02 10:30:17.896129+00:00,2022-12-02 10:30:17.896129+00:00
1598619883213918209,ukraine-de,True,True,False,False,False,False,False,False,False,False,2022-12-02 10:30:17.896015+00:00,2022-12-02 10:30:17.896015+00:00
1598619884635799552,ukraine-de,True,True,False,False,False,False,False,False,False,False,2022-12-02 10:30:17.895909+00:00,2022-12-02 10:30:17.895909+00:00
1598619896585371649,ukraine-de,True,True,False,False,False,False,False,False,False,False,2022-12-02 10:30:17.895776+00:00,2022-12-02 10:30:17.895776+00:00
1598619902033776641,ukraine-de,True,True,False,False,False,False,False,False,False,False,2022-12-02 10:30:17.895650+00:00,2022-12-02 10:30:17.895650+00:00
1598619948179398656,ukraine-de,True,True,False,False,False,False,False,False,False,False,2022-12-02 10:30:17.895510+00:00,2022-12-02 10:30:17.895510+00:00
1598619957306220546,ukraine-de,True,True,False,False,False,False,False,False,False,False,2022-12-02 10:30:17.894309+00:00,2022-12-02 10:30:17.894309+00:00
1598619981867982848,ukraine-de,True,True,False,False,False,False,False,False,False,False,2022-12-02 10:30:17.894201+00:00,2022-12-02 10:30:17.894201+00:00
1598619992228089857,ukraine-de,True,True,False,False,False,False,False,False,False,False,2022-12-02 10:30:17.894056+00:00,2022-12-02 10:30:17.894056+00:00
1598620017486012417,ukraine-de,True,True,False,False,False,False,False,False,False,False,2022-12-02 10:30:17.893947+00:00,2022-12-02 10:30:17.893947+00:00
1598620018064990208,ukraine-de,True,True,False,False,False,False,False,False,False,False,2022-12-02 10:30:17.893809+00:00,2022-12-02 10:30:17.893809+00:00
1598620019184877568,ukraine-de,True,True,False,False,False,False,False,False,False,False,2022-12-02 10:30:17.888222+00:00,2022-12-02 10:30:17.888222+00:00
1598620084754272256,ukraine-de,True,True,False,False,False,False,False,False,False,False,2022-12-02 10:30:17.888120+00:00,2022-12-02 10:30:17.888120+00:00
1598620140526096385,ukraine-de,True,True,False,False,False,False,False,False,False,False,2022-12-02 10:30:17.888023+00:00,2022-12-02 10:30:17.888023+00:00
1598620161199820803,ukraine-de,True,True,False,False,False,False,False,False,False,False,2022-12-02 10:30:17.887905+00:00,2022-12-02 10:30:17.887905+00:00
1598620179587428352,ukraine-de,True,True,False,False,False,False,False,False,False,False,2022-12-02 10:30:17.887774+00:00,2022-12-02 10:30:17.887774+00:00
1598620240568619008,ukraine-de,True,True,False,False,False,False,False,False,False,False,2022-12-02 10:30:17.887668+00:00,2022-12-02 10:30:17.887668+00:00
1598620263905742848,ukraine-de,True,True,False,False,False,False,False,False,False,False,2022-12-02 10:30:17.887566+00:00,2022-12-02 10:30:17.887566+00:00
1598620268171182080,ukraine-de,True,False,False,False,False,False,False,False,False,False,2022-12-02 22:35:54.191520+00:00,2022-12-02 22:35:54.191520+00:00
1598620295304282112,ukraine-de,True,True,False,False,False,False,False,False,False,False,2022-12-02 10:30:17.887361+00:00,2022-12-02 10:30:17.887361+00:00
1598620295379800064,ukraine-de,True,True,False,False,False,False,False,False,False,False,2022-12-02 10:30:17.887265+00:00,2022-12-02 10:30:17.887265+00:00
1598620330922151938,ukraine-de,True,True,False,False,False,False,False,False,False,False,2022-12-02 10:30:17.887165+00:00,2022-12-02 10:30:17.887165+00:00
1598620337867988994,ukraine-de,True,True,False,False,False,False,False,False,False,False,2022-12-02 10:30:17.887067+00:00,2022-12-02 10:30:17.887067+00:00
1598620352459862016,ukraine-de,True,True,False,False,False,False,False,False,False,False,2022-12-02 10:30:17.886967+00:00,2022-12-02 10:30:17.886967+00:00
1598620353508429824,ukraine-de,True,False,False,False,False,False,False,False,False,False,2022-12-02 10:30:17.957573+00:00,2022-12-02 10:30:17.957573+00:00
1598620353554780161,ukraine-de,True,True,False,False,False,False,False,False,False,False,2022-12-02 10:30:17.886867+00:00,2022-12-02 10:30:17.886867+00:00
1598620363457536002,ukraine-de,True,True,False,False,False,False,False,False,False,False,2022-12-02 10:30:17.886768+00:00,2022-12-02 10:30:17.886768+00:00
1598620415202660352,ukraine-de,True,True,False,False,False,False,False,False,False,False,2022-12-02 10:30:17.886626+00:00,2022-12-02 10:30:17.886626+00:00
1598620427697459201,ukraine-de,True,True,False,False,False,False,False,False,False,False,2022-12-02 10:30:17.886527+00:00,2022-12-02 10:30:17.886527+00:00
1598620436954157056,ukraine-de,True,False,False,False,False,False,False,False,False,False,2022-12-02 15:05:53.791705+00:00,2022-12-02 15:05:53.791705+00:00
1598620463026118658,ukraine-de,True,True,False,False,False,False,False,False,False,False,2022-12-02 10:30:17.886431+00:00,2022-12-02 10:30:17.886431+00:00
1598620477114617857,ukraine-de,True,True,False,False,False,False,False,False,False,False,2022-12-02 10:30:17.886332+00:00,2022-12-02 10:30:17.886332+00:00
1598620490330931200,ukraine-de,True,False,False,False,False,False,False,False,False,False,2022-12-02 15:07:19.444345+00:00,2022-12-02 15:07:19.444345+00:00
1598620494407802881,ukraine-de,True,True,False,False,False,False,False,False,False,False,2022-12-02 10:30:17.886230+00:00,2022-12-02 10:30:17.886230+00:00
1598620496907599875,ukraine-de,True,False,False,False,False,False,False,False,False,False,2022-12-02 15:07:19.450721+00:00,2022-12-02 15:07:19.450721+00:00
1598620546027208705,ukraine-de,True,False,False,False,False,False,False,False,False,False,2022-12-02 15:07:19.464563+00:00,2022-12-02 15:07:19.464563+00:00
1598620553056849920,ukraine-de,True,True,False,False,False,False,False,False,False,False,2022-12-02 10:30:17.886115+00:00,2022-12-02 10:30:17.886115+00:00
1598620593137405953,ukraine-de,True,True,False,False,False,False,False,False,False,False,2022-12-02 10:30:17.886011+00:00,2022-12-02 10:30:17.886011+00:00
1598620604030414848,ukraine-de,True,True,False,False,False,False,False,False,False,False,2022-12-02 10:30:17.885911+00:00,2022-12-02 10:30:17.885911+00:00
1598620645734088706,ukraine-de,True,True,False,False,False,False,False,False,False,False,2022-12-02 10:30:17.885789+00:00,2022-12-02 10:30:17.885789+00:00
1598620664545640455,ukraine-de,True,True,False,False,False,False,False,False,False,False,2022-12-02 10:30:17.885681+00:00,2022-12-02 10:30:17.885681+00:00
1598620667032702976,ukraine-de,True,True,False,False,False,False,False,False,False,False,2022-12-02 10:30:17.885526+00:00,2022-12-02 10:30:17.885526+00:00
1598620682103005184,ukraine-de,True,True,False,False,False,False,False,False,False,False,2022-12-02 10:30:17.885426+00:00,2022-12-02 10:30:17.885426+00:00
1598620697760509954,ukraine-de,True,True,False,False,False,False,False,False,False,False,2022-12-02 10:30:17.885312+00:00,2022-12-02 10:30:17.885312+00:00
1598620751648595968,ukraine-de,True,True,False,False,False,False,False,False,False,False,2022-12-02 10:30:17.885213+00:00,2022-12-02 10:30:17.885213+00:00
1598620759626321921,ukraine-de,True,True,False,False,False,False,False,False,False,False,2022-12-02 10:30:17.885110+00:00,2022-12-02 10:30:17.885110+00:00
1598620764114132992,ukraine-de,True,True,False,False,False,False,False,False,False,False,2022-12-02 10:30:17.884989+00:00,2022-12-02 10:30:17.884989+00:00
1598620774356623367,ukraine-de,True,True,False,False,False,False,False,False,False,False,2022-12-02 10:30:17.884856+00:00,2022-12-02 10:30:17.884856+00:00
1598620794942214144,ukraine-de,True,True,False,False,False,False,False,False,False,False,2022-12-02 10:30:17.884754+00:00,2022-12-02 10:30:17.884754+00:00
1598620829545365504,ukraine-de,True,True,False,False,False,False,False,False,False,False,2022-12-02 10:30:17.884651+00:00,2022-12-02 10:30:17.884651+00:00
1598620834330861569,ukraine-de,True,True,False,False,False,False,False,False,False,False,2022-12-02 10:30:17.884546+00:00,2022-12-02 10:30:17.884546+00:00
1598620874801815553,ukraine-de,True,True,False,False,False,False,False,False,False,False,2022-12-02 10:30:17.884436+00:00,2022-12-02 10:30:17.884436+00:00
1598620909870481408,ukraine-de,True,False,False,False,False,False,False,False,False,False,2022-12-02 10:30:17.971421+00:00,2022-12-02 10:30:17.971421+00:00
1598620911476899843,ukraine-de,True,True,False,False,False,False,False,False,False,False,2022-12-02 10:30:17.884329+00:00,2022-12-02 10:30:17.884329+00:00
1598620927666884609,ukraine-de,True,True,False,False,False,False,False,False,False,False,2022-12-02 10:30:17.884098+00:00,2022-12-02 10:30:17.884098+00:00
1598620939301883904,ukraine-de,True,True,False,False,False,False,False,False,False,False,2022-12-02 10:30:17.883967+00:00,2022-12-02 10:30:17.883967+00:00
1598620949980631041,ukraine-de,True,True,False,False,False,False,False,False,False,False,2022-12-02 10:30:17.883835+00:00,2022-12-02 10:30:17.883835+00:00
1598620964253753345,ukraine-de,True,False,False,False,False,False,False,False,False,False,2022-12-02 15:04:13.013381+00:00,2022-12-02 15:04:13.013381+00:00
1598620964962672640,ukraine-de,True,True,False,False,False,False,False,False,False,False,2022-12-02 10:30:17.883655+00:00,2022-12-02 10:30:17.883655+00:00
1598621038660788225,ukraine-de,True,True,False,False,False,False,False,False,False,False,2022-12-02 10:30:17.874324+00:00,2022-12-02 10:30:17.874324+00:00
1598621080721276928,ukraine-de,True,True,False,False,False,False,False,False,False,False,2022-12-02 10:30:17.874228+00:00,2022-12-02 10:30:17.874228+00:00
1598621136161361920,ukraine-de,True,False,False,False,False,False,False,False,False,False,2022-12-02 15:01:30.397033+00:00,2022-12-02 15:01:30.397033+00:00
1598621138439098370,ukraine-de,True,True,False,False,False,False,False,False,False,False,2022-12-02 10:30:17.874131+00:00,2022-12-02 10:30:17.874131+00:00
1598621156759592960,ukraine-de,True,False,False,False,False,False,False,False,False,False,2022-12-02 10:30:17.969950+00:00,2022-12-02 10:30:17.969950+00:00
1598621160920457217,ukraine-de,True,True,False,False,False,False,False,False,False,False,2022-12-02 10:30:17.874036+00:00,2022-12-02 10:30:17.874036+00:00
1598621164699631616,ukraine-de,True,True,False,False,False,False,False,False,False,False,2022-12-02 10:30:17.873937+00:00,2022-12-02 10:30:17.873937+00:00
1598621178637287424,ukraine-de,True,True,False,False,False,False,False,False,False,False,2022-12-02 10:30:17.873826+00:00,2022-12-02 10:30:17.873826+00:00
1598621188493873153,ukraine-de,True,True,False,False,False,False,False,False,False,False,2022-12-02 10:30:17.873726+00:00,2022-12-02 10:30:17.873726+00:00
1598621199633989633,ukraine-de,True,True,False,False,False,False,False,False,False,False,2022-12-02 10:30:17.873605+00:00,2022-12-02 10:30:17.873605+00:00
1598621206642659329,ukraine-de,True,True,False,False,False,False,False,False,False,False,2022-12-02 10:30:17.873489+00:00,2022-12-02 10:30:17.873489+00:00
1598621242860396544,ukraine-de,True,True,False,False,False,False,False,False,False,False,2022-12-02 10:30:17.873389+00:00,2022-12-02 10:30:17.873389+00:00
1598621244265566208,ukraine-de,True,True,False,False,False,False,False,False,False,False,2022-12-02 10:30:17.873288+00:00,2022-12-02 10:30:17.873288+00:00
1598621253392138240,ukraine-de,True,False,False,False,False,False,False,False,False,False,2022-12-02 10:30:17.970984+00:00,2022-12-02 10:30:17.970984+00:00
1598621257326551041,ukraine-de,True,True,False,False,False,False,False,False,False,False,2022-12-02 10:30:17.873178+00:00,2022-12-02 10:30:17.873178+00:00
1598621260866519043,ukraine-de,True,False,False,False,False,False,False,False,False,False,2022-12-02 10:30:17.968836+00:00,2022-12-02 10:30:17.968836+00:00
1598621304525037570,ukraine-de,True,True,False,False,False,False,False,False,False,False,2022-12-02 10:30:17.873076+00:00,2022-12-02 10:30:17.873076+00:00
1598621313156931584,ukraine-de,True,False,False,False,False,False,False,False,False,False,2022-12-02 15:07:19.459062+00:00,2022-12-02 15:07:19.459062+00:00
1598621368106491904,ukraine-de,True,True,False,False,False,False,False,False,False,False,2022-12-02 10:30:17.872977+00:00,2022-12-02 10:30:17.872977+00:00
1598621399387709440,ukraine-de,True,True,False,False,False,False,False,False,False,False,2022-12-02 10:30:17.872874+00:00,2022-12-02 10:30:17.872874+00:00
1598621402839621632,ukraine-de,True,True,False,False,False,False,False,False,False,False,2022-12-02 10:30:17.872753+00:00,2022-12-02 10:30:17.872753+00:00
1598621405620441088,ukraine-de,True,True,False,False,False,False,False,False,False,False,2022-12-02 10:30:17.872653+00:00,2022-12-02 10:30:17.872653+00:00
1598621425266458627,ukraine-de,True,True,False,False,False,False,False,False,False,False,2022-12-02 10:30:17.872550+00:00,2022-12-02 10:30:17.872550+00:00
1598621429175558147,ukraine-de,True,True,False,False,False,False,False,False,False,False,2022-12-02 10:30:17.872450+00:00,2022-12-02 10:30:17.872450+00:00
1598621433340563457,ukraine-de,True,True,False,False,False,False,False,False,False,False,2022-12-02 10:30:17.872346+00:00,2022-12-02 10:30:17.872346+00:00
1598621445591949312,ukraine-de,True,True,False,False,False,False,False,False,False,False,2022-12-02 10:30:17.872233+00:00,2022-12-02 10:30:17.872233+00:00
1598621501233709057,ukraine-de,True,False,False,False,False,False,False,False,False,False,2022-12-02 10:30:17.968322+00:00,2022-12-02 10:30:17.968322+00:00
1598621529780195331,ukraine-de,True,True,False,False,False,False,False,False,False,False,2022-12-02 10:30:17.872112+00:00,2022-12-02 10:30:17.872112+00:00
1598621553217896450,ukraine-de,True,False,False,False,False,False,False,False,False,False,2022-12-02 22:35:54.179838+00:00,2022-12-02 22:35:54.179838+00:00
1598621566740439042,ukraine-de,True,True,False,False,False,False,False,False,False,False,2022-12-02 10:30:17.871993+00:00,2022-12-02 10:30:17.871993+00:00
1598621573853978629,ukraine-de,True,True,False,False,False,False,False,False,False,False,2022-12-02 10:30:17.871890+00:00,2022-12-02 10:30:17.871890+00:00
1598621581877583872,ukraine-de,True,False,False,False,False,False,False,False,False,False,2022-12-02 10:30:17.957163+00:00,2022-12-02 10:30:17.957163+00:00
1598621587216875521,ukraine-de,True,True,False,False,False,False,False,False,False,False,2022-12-02 10:30:17.871726+00:00,2022-12-02 10:30:17.871726+00:00
1598621597442617344,ukraine-de,True,True,False,False,False,False,False,False,False,False,2022-12-02 10:30:17.871626+00:00,2022-12-02 10:30:17.871626+00:00
1598621614349877248,ukraine-de,True,True,False,False,False,False,False,False,False,False,2022-12-02 10:30:17.871523+00:00,2022-12-02 10:30:17.871523+00:00
1598621619945193479,ukraine-de,True,True,False,False,False,False,False,False,False,False,2022-12-02 10:30:17.871418+00:00,2022-12-02 10:30:17.871418+00:00
1598621623782756352,ukraine-de,True,True,False,False,False,False,False,False,False,False,2022-12-02 10:30:17.871302+00:00,2022-12-02 10:30:17.871302+00:00
1598621627926941696,ukraine-de,True,True,False,False,False,False,False,False,False,False,2022-12-02 10:30:17.871091+00:00,2022-12-02 10:30:17.871091+00:00
1598621637951225856,ukraine-de,True,False,False,False,False,False,False,False,False,False,2022-12-02 19:50:27.687621+00:00,2022-12-02 19:50:27.687621+00:00
1598621648869007360,ukraine-de,True,True,False,False,False,False,False,False,False,False,2022-12-02 10:30:17.870989+00:00,2022-12-02 10:30:17.870989+00:00
1598621679596359681,ukraine-de,True,True,False,False,False,False,False,False,False,False,2022-12-02 10:30:17.870883+00:00,2022-12-02 10:30:17.870883+00:00
1598621686533738497,ukraine-de,True,True,False,False,False,False,False,False,False,False,2022-12-02 10:30:17.870757+00:00,2022-12-02 10:30:17.870757+00:00
1598621687523807232,ukraine-de,True,True,False,False,False,False,False,False,False,False,2022-12-02 10:30:17.870622+00:00,2022-12-02 10:30:17.870622+00:00
1598621741546459136,ukraine-de,True,True,False,False,False,False,False,False,False,False,2022-12-02 10:30:17.870503+00:00,2022-12-02 10:30:17.870503+00:00
1598621759812796416,ukraine-de,True,True,False,False,False,False,False,False,False,False,2022-12-02 10:30:17.870317+00:00,2022-12-02 10:30:17.870317+00:00
1598621810437885953,ukraine-de,True,True,False,False,False,False,False,False,False,False,2022-12-02 10:30:17.867588+00:00,2022-12-02 10:30:17.867588+00:00
1598621892407164929,ukraine-de,True,True,False,False,False,False,False,False,False,False,2022-12-02 10:30:17.867485+00:00,2022-12-02 10:30:17.867485+00:00
1598621913005391872,ukraine-de,True,True,False,False,False,False,False,False,False,False,2022-12-02 10:30:17.867382+00:00,2022-12-02 10:30:17.867382+00:00
1598621926091812865,ukraine-de,True,False,False,False,False,False,False,False,False,False,2022-12-02 19:50:17.516431+00:00,2022-12-02 19:50:17.516431+00:00
1598621943170826240,ukraine-de,True,True,False,False,False,False,False,False,False,False,2022-12-02 10:30:17.867269+00:00,2022-12-02 10:30:17.867269+00:00
1598621949231611905,ukraine-de,True,False,False,False,False,False,False,False,False,False,2022-12-02 15:07:33.554371+00:00,2022-12-02 15:07:33.554371+00:00
1598621986346844160,ukraine-de,True,True,False,False,False,False,False,False,False,False,2022-12-02 10:30:17.867167+00:00,2022-12-02 10:30:17.867167+00:00
1598621999777157123,ukraine-de,True,True,False,False,False,False,False,False,False,False,2022-12-02 10:30:17.867060+00:00,2022-12-02 10:30:17.867060+00:00
1598622015711215617,ukraine-de,True,True,False,False,False,False,False,False,False,False,2022-12-02 10:30:17.866935+00:00,2022-12-02 10:30:17.866935+00:00
1598622032853336064,ukraine-de,True,True,False,False,False,False,False,False,False,False,2022-12-02 10:30:17.866805+00:00,2022-12-02 10:30:17.866805+00:00
1598622037588803584,ukraine-de,True,True,False,False,False,False,False,False,False,False,2022-12-02 10:30:17.866687+00:00,2022-12-02 10:30:17.866687+00:00
1598622038784090112,ukraine-de,True,True,False,False,False,False,False,False,False,False,2022-12-02 10:30:17.866503+00:00,2022-12-02 10:30:17.866503+00:00
1598622044589105152,ukraine-de,True,True,False,False,False,False,False,False,False,False,2022-12-02 10:30:17.862284+00:00,2022-12-02 10:30:17.862284+00:00
1598622054072422402,ukraine-de,True,True,False,False,False,False,False,False,False,False,2022-12-02 10:30:17.862181+00:00,2022-12-02 10:30:17.862181+00:00
1598622057746636801,ukraine-de,True,True,False,False,False,False,False,False,False,False,2022-12-02 10:30:17.862066+00:00,2022-12-02 10:30:17.862066+00:00
1598622063882690560,ukraine-de,True,True,False,False,False,False,False,False,False,False,2022-12-02 10:30:17.861965+00:00,2022-12-02 10:30:17.861965+00:00
1598622071705190400,ukraine-de,True,True,False,False,False,False,False,False,False,False,2022-12-02 10:30:17.861847+00:00,2022-12-02 10:30:17.861847+00:00
1598622084728442886,ukraine-de,True,False,False,False,False,False,False,False,False,False,2022-12-02 10:30:17.966133+00:00,2022-12-02 10:30:17.966133+00:00
1598622087626858496,ukraine-de,True,True,False,False,False,False,False,False,False,False,2022-12-02 10:30:17.861732+00:00,2022-12-02 10:30:17.861732+00:00
1598622088289402881,ukraine-de,True,True,False,False,False,False,False,False,False,False,2022-12-02 10:30:17.861544+00:00,2022-12-02 10:30:17.861544+00:00
1598622125446680576,ukraine-de,True,True,False,False,False,False,False,False,False,False,2022-12-02 10:30:17.861445+00:00,2022-12-02 10:30:17.861445+00:00
1598622152143638532,ukraine-de,True,True,False,False,False,False,False,False,False,False,2022-12-02 10:30:17.861343+00:00,2022-12-02 10:30:17.861343+00:00
1598622171953336323,ukraine-de,True,True,False,False,False,False,False,False,False,False,2022-12-02 10:30:17.861223+00:00,2022-12-02 10:30:17.861223+00:00
1598622179784114176,ukraine-de,True,True,False,False,False,False,False,False,False,False,2022-12-02 10:30:17.861127+00:00,2022-12-02 10:30:17.861127+00:00
1598622180455190531,ukraine-de,True,True,False,False,False,False,False,False,False,False,2022-12-02 10:30:17.861029+00:00,2022-12-02 10:30:17.861029+00:00
1598622181684133888,ukraine-de,True,True,False,False,False,False,False,False,False,False,2022-12-02 10:30:17.860930+00:00,2022-12-02 10:30:17.860930+00:00
1598622199988060160,ukraine-de,True,True,False,False,False,False,False,False,False,False,2022-12-02 10:30:17.860832+00:00,2022-12-02 10:30:17.860832+00:00
1598622202169106432,ukraine-de,True,True,False,False,False,False,False,False,False,False,2022-12-02 10:30:17.860737+00:00,2022-12-02 10:30:17.860737+00:00
1598622203016355841,ukraine-de,True,True,False,False,False,False,False,False,False,False,2022-12-02 10:30:17.860638+00:00,2022-12-02 10:30:17.860638+00:00
1598622241754910720,ukraine-de,True,True,False,False,False,False,False,False,False,False,2022-12-02 10:30:17.860543+00:00,2022-12-02 10:30:17.860543+00:00
1598622246788005889,ukraine-de,True,False,False,False,False,False,False,False,False,False,2022-12-02 15:07:19.459391+00:00,2022-12-02 15:07:19.459391+00:00
1598622246788124673,ukraine-de,True,True,False,False,False,False,False,False,False,False,2022-12-02 10:30:17.860444+00:00,2022-12-02 10:30:17.860444+00:00
1598622253238870016,ukraine-de,True,True,False,False,False,False,False,False,False,False,2022-12-02 10:30:17.860347+00:00,2022-12-02 10:30:17.860347+00:00
1598622288475262976,ukraine-de,True,False,False,False,False,False,False,False,False,False,2022-12-02 10:30:17.967112+00:00,2022-12-02 10:30:17.967112+00:00
1598622308402450434,ukraine-de,True,True,False,False,False,False,False,False,False,False,2022-12-02 10:30:17.860250+00:00,2022-12-02 10:30:17.860250+00:00
1598622310637965312,ukraine-de,True,True,False,False,False,False,False,False,False,False,2022-12-02 10:30:17.860154+00:00,2022-12-02 10:30:17.860154+00:00
1598622353285603328,ukraine-de,True,True,False,False,False,False,False,False,False,False,2022-12-02 10:30:17.860056+00:00,2022-12-02 10:30:17.860056+00:00
1598622423750004736,ukraine-de,True,True,False,False,False,False,False,False,False,False,2022-12-02 10:30:17.859957+00:00,2022-12-02 10:30:17.859957+00:00
1598622454678691840,ukraine-de,True,True,False,False,False,False,False,False,False,False,2022-12-02 10:30:17.859827+00:00,2022-12-02 10:30:17.859827+00:00
1598622456041902080,ukraine-de,True,True,False,False,False,False,False,False,False,False,2022-12-02 10:30:17.859720+00:00,2022-12-02 10:30:17.859720+00:00
1598622518994141185,ukraine-de,True,True,False,False,False,False,False,False,False,False,2022-12-02 10:30:17.859616+00:00,2022-12-02 10:30:17.859616+00:00
1598622520135061507,ukraine-de,True,True,False,False,False,False,False,False,False,False,2022-12-02 10:30:17.859496+00:00,2022-12-02 10:30:17.859496+00:00
1598622526892113920,ukraine-de,True,True,False,False,False,False,False,False,False,False,2022-12-02 10:30:17.859393+00:00,2022-12-02 10:30:17.859393+00:00
1598622529257500672,ukraine-de,True,True,False,False,False,False,False,False,False,False,2022-12-02 10:30:17.859286+00:00,2022-12-02 10:30:17.859286+00:00
1598622551139303424,ukraine-de,True,True,False,False,False,False,False,False,False,False,2022-12-02 10:30:17.859184+00:00,2022-12-02 10:30:17.859184+00:00
1598622586296049665,ukraine-de,True,True,False,False,False,False,False,False,False,False,2022-12-02 10:30:17.859083+00:00,2022-12-02 10:30:17.859083+00:00
1598622591895408640,ukraine-de,True,True,False,False,False,False,False,False,False,False,2022-12-02 10:30:17.858972+00:00,2022-12-02 10:30:17.858972+00:00
1598622599226990594,ukraine-de,True,True,False,False,False,False,False,False,False,False,2022-12-02 10:30:17.858870+00:00,2022-12-02 10:30:17.858870+00:00
1598622640947793920,ukraine-de,True,False,False,False,False,False,False,False,False,False,2022-12-02 15:07:33.554567+00:00,2022-12-02 15:07:33.554567+00:00
1598622682123206657,ukraine-de,True,True,False,False,False,False,False,False,False,False,2022-12-02 10:30:17.858743+00:00,2022-12-02 10:30:17.858743+00:00
1598622754785398784,ukraine-de,True,True,False,False,False,False,False,False,False,False,2022-12-02 10:30:17.858635+00:00,2022-12-02 10:30:17.858635+00:00
1598622783898275840,ukraine-de,True,True,False,False,False,False,False,False,False,False,2022-12-02 10:30:17.858505+00:00,2022-12-02 10:30:17.858505+00:00
1598622814113878016,ukraine-de,True,True,False,False,False,False,False,False,False,False,2022-12-02 10:30:17.858316+00:00,2022-12-02 10:30:17.858316+00:00
1598622815208574978,ukraine-de,True,True,False,False,False,False,False,False,False,False,2022-12-02 10:30:17.858195+00:00,2022-12-02 10:30:17.858195+00:00
1598622818060697602,ukraine-de,True,True,False,False,False,False,False,False,False,False,2022-12-02 10:30:17.858069+00:00,2022-12-02 10:30:17.858069+00:00
1598622840772653056,ukraine-de,True,True,False,False,False,False,False,False,False,False,2022-12-02 10:30:17.857966+00:00,2022-12-02 10:30:17.857966+00:00
1598622847978577926,ukraine-de,True,True,False,False,False,False,False,False,False,False,2022-12-02 10:30:17.857859+00:00,2022-12-02 10:30:17.857859+00:00
1598622861572427777,ukraine-de,True,False,False,False,False,False,False,False,False,False,2022-12-02 15:04:13.053492+00:00,2022-12-02 15:04:13.053492+00:00
1598622863682060290,ukraine-de,True,True,False,False,False,False,False,False,False,False,2022-12-02 10:30:17.857734+00:00,2022-12-02 10:30:17.857734+00:00
1598622878412546048,ukraine-de,True,True,False,False,False,False,False,False,False,False,2022-12-02 10:30:17.854319+00:00,2022-12-02 10:30:17.854319+00:00
1598622960587350016,ukraine-de,True,True,False,False,False,False,False,False,False,False,2022-12-02 10:30:17.854219+00:00,2022-12-02 10:30:17.854219+00:00
1598622968258605056,ukraine-de,True,True,False,False,False,False,False,False,False,False,2022-12-02 10:30:17.854107+00:00,2022-12-02 10:30:17.854107+00:00
1598623019093889024,ukraine-de,True,True,False,False,False,False,False,False,False,False,2022-12-02 10:30:17.854005+00:00,2022-12-02 10:30:17.854005+00:00
1598623032427261953,ukraine-de,True,True,False,False,False,False,False,False,False,False,2022-12-02 10:30:17.853882+00:00,2022-12-02 10:30:17.853882+00:00
1598623083572633600,ukraine-de,True,True,False,False,False,False,False,False,False,False,2022-12-02 10:30:17.853782+00:00,2022-12-02 10:30:17.853782+00:00
1598623089742315520,ukraine-de,True,True,False,False,False,False,False,False,False,False,2022-12-02 10:30:17.853654+00:00,2022-12-02 10:30:17.853654+00:00
1598623098722521088,ukraine-de,True,True,False,False,False,False,False,False,False,False,2022-12-02 10:30:17.853505+00:00,2022-12-02 10:30:17.853505+00:00
1598623125050167298,ukraine-de,True,False,False,False,False,False,False,False,False,False,2022-12-02 15:07:33.548322+00:00,2022-12-02 15:07:33.548322+00:00
1598623129089282049,ukraine-de,True,True,False,False,False,False,False,False,False,False,2022-12-02 10:30:17.853407+00:00,2022-12-02 10:30:17.853407+00:00
1598623132671254529,ukraine-de,True,True,False,False,False,False,False,False,False,False,2022-12-02 10:30:17.853310+00:00,2022-12-02 10:30:17.853310+00:00
1598623167957925888,ukraine-de,True,True,False,False,False,False,False,False,False,False,2022-12-02 10:30:17.853215+00:00,2022-12-02 10:30:17.853215+00:00
1598623183220899840,ukraine-de,True,True,False,False,False,False,False,False,False,False,2022-12-02 10:30:17.853104+00:00,2022-12-02 10:30:17.853104+00:00
1598623190380601350,ukraine-de,True,True,False,False,False,False,False,False,False,False,2022-12-02 10:30:17.853007+00:00,2022-12-02 10:30:17.853007+00:00
1598623201587781633,ukraine-de,True,True,False,False,False,False,False,False,False,False,2022-12-02 10:30:17.852859+00:00,2022-12-02 10:30:17.852859+00:00
1598623226715938817,ukraine-de,True,True,False,False,False,False,False,False,False,False,2022-12-02 10:30:17.852758+00:00,2022-12-02 10:30:17.852758+00:00
1598623258642989057,ukraine-de,True,True,False,False,False,False,False,False,False,False,2022-12-02 10:30:17.852641+00:00,2022-12-02 10:30:17.852641+00:00
1598623264850718720,ukraine-de,True,True,False,False,False,False,False,False,False,False,2022-12-02 10:30:17.852540+00:00,2022-12-02 10:30:17.852540+00:00
1598623306697129987,ukraine-de,True,True,False,False,False,False,False,False,False,False,2022-12-02 10:30:17.852435+00:00,2022-12-02 10:30:17.852435+00:00
1598623310102806528,ukraine-de,True,True,False,False,False,False,False,False,False,False,2022-12-02 10:30:17.852323+00:00,2022-12-02 10:30:17.852323+00:00
1598623332198400002,ukraine-de,True,True,False,False,False,False,False,False,False,False,2022-12-02 10:30:17.852202+00:00,2022-12-02 10:30:17.852202+00:00
1598623348916994048,ukraine-de,True,True,False,False,False,False,False,False,False,False,2022-12-02 10:30:17.852095+00:00,2022-12-02 10:30:17.852095+00:00
1598623394517368832,ukraine-de,True,True,False,False,False,False,False,False,False,False,2022-12-02 10:30:17.851990+00:00,2022-12-02 10:30:17.851990+00:00
1598623394639089666,ukraine-de,True,True,False,False,False,False,False,False,False,False,2022-12-02 10:30:17.851878+00:00,2022-12-02 10:30:17.851878+00:00
1598623395813490689,ukraine-de,True,False,False,False,False,False,False,False,False,False,2022-12-02 15:04:13.044401+00:00,2022-12-02 15:04:13.044401+00:00
1598623422044594176,ukraine-de,True,True,False,False,False,False,False,False,False,False,2022-12-02 10:30:17.851764+00:00,2022-12-02 10:30:17.851764+00:00
1598623431569858566,ukraine-de,True,True,False,False,False,False,False,False,False,False,2022-12-02 10:30:17.851572+00:00,2022-12-02 10:30:17.851572+00:00
1598623436485427200,ukraine-de,True,True,False,False,False,False,False,False,False,False,2022-12-02 10:30:17.849843+00:00,2022-12-02 10:30:17.849843+00:00
1598623452180746240,ukraine-de,True,True,False,False,False,False,False,False,False,False,2022-12-02 10:30:17.849509+00:00,2022-12-02 10:30:17.849509+00:00
1598623468932800512,ukraine-de,True,True,False,False,False,False,False,False,False,False,2022-12-02 10:30:17.849400+00:00,2022-12-02 10:30:17.849400+00:00
1598623488604082176,ukraine-de,True,True,False,False,False,False,False,False,False,False,2022-12-02 10:30:17.849281+00:00,2022-12-02 10:30:17.849281+00:00
1598623490080473088,ukraine-de,True,True,False,False,False,False,False,False,False,False,2022-12-02 10:30:17.849173+00:00,2022-12-02 10:30:17.849173+00:00
1598623510485573633,ukraine-de,True,True,False,False,False,False,False,False,False,False,2022-12-02 10:30:17.849063+00:00,2022-12-02 10:30:17.849063+00:00
1598623512478064641,ukraine-de,True,True,False,False,False,False,False,False,False,False,2022-12-02 10:30:17.848933+00:00,2022-12-02 10:30:17.848933+00:00
1598623526369509378,ukraine-de,True,False,False,False,False,False,False,False,False,False,2022-12-02 10:30:17.963460+00:00,2022-12-02 10:30:17.963460+00:00
1598623526898089985,ukraine-de,True,True,False,False,False,False,False,False,False,False,2022-12-02 10:30:17.848739+00:00,2022-12-02 10:30:17.848739+00:00
1598623529079132161,ukraine-de,True,True,False,False,False,False,False,False,False,False,2022-12-02 10:30:17.848521+00:00,2022-12-02 10:30:17.848521+00:00
1598623539032215561,ukraine-de,True,True,False,False,False,False,False,False,False,False,2022-12-02 10:30:17.848352+00:00,2022-12-02 10:30:17.848352+00:00
1598623544572772358,ukraine-de,True,True,False,False,False,False,False,False,False,False,2022-12-02 10:30:17.848175+00:00,2022-12-02 10:30:17.848175+00:00
1598623547898880004,ukraine-de,True,True,False,False,False,False,False,False,False,False,2022-12-02 10:30:17.847992+00:00,2022-12-02 10:30:17.847992+00:00
1598623569084309507,ukraine-de,True,True,False,False,False,False,False,False,False,False,2022-12-02 10:30:17.847801+00:00,2022-12-02 10:30:17.847801+00:00
1598623573316247552,ukraine-de,True,True,False,False,False,False,False,False,False,False,2022-12-02 10:30:17.847628+00:00,2022-12-02 10:30:17.847628+00:00
1598623578861277184,ukraine-de,True,True,False,False,False,False,False,False,False,False,2022-12-02 10:30:17.847442+00:00,2022-12-02 10:30:17.847442+00:00
1598623583806398465,ukraine-de,True,False,False,False,False,False,False,False,False,False,2022-12-02 15:05:53.793812+00:00,2022-12-02 15:05:53.793812+00:00
1598623584179687424,ukraine-de,True,True,False,False,False,False,False,False,False,False,2022-12-02 10:30:17.847257+00:00,2022-12-02 10:30:17.847257+00:00
1598623594170531842,ukraine-de,True,True,False,False,False,False,False,False,False,False,2022-12-02 10:30:17.847042+00:00,2022-12-02 10:30:17.847042+00:00
1598623623895568384,ukraine-de,True,True,False,False,False,False,False,False,False,False,2022-12-02 10:30:17.846857+00:00,2022-12-02 10:30:17.846857+00:00
1598623650902523904,ukraine-de,True,True,False,False,False,False,False,False,False,False,2022-12-02 10:30:17.846606+00:00,2022-12-02 10:30:17.846606+00:00
1598623652186144769,ukraine-de,True,True,False,False,False,False,False,False,False,False,2022-12-02 10:30:17.834003+00:00,2022-12-02 10:30:17.834003+00:00
1598623654107119617,ukraine-de,True,True,False,False,False,False,False,False,False,False,2022-12-02 10:30:17.833811+00:00,2022-12-02 10:30:17.833811+00:00
1598623654727733250,ukraine-de,True,True,False,False,False,False,False,False,False,False,2022-12-02 10:30:17.833613+00:00,2022-12-02 10:30:17.833613+00:00
1598623670687121408,ukraine-de,True,True,False,False,False,False,False,False,False,False,2022-12-02 10:30:17.833444+00:00,2022-12-02 10:30:17.833444+00:00
1598623676655599618,ukraine-de,True,False,False,False,False,False,False,False,False,False,2022-12-02 15:01:30.405237+00:00,2022-12-02 15:01:30.405237+00:00
1598623690941517824,ukraine-de,True,True,False,False,False,False,False,False,False,False,2022-12-02 10:30:17.833271+00:00,2022-12-02 10:30:17.833271+00:00
1598623697836843010,ukraine-de,True,True,False,False,False,False,False,False,False,False,2022-12-02 10:30:17.833108+00:00,2022-12-02 10:30:17.833108+00:00
1598623699132772352,ukraine-de,True,True,False,False,False,False,False,False,False,False,2022-12-02 10:30:17.832949+00:00,2022-12-02 10:30:17.832949+00:00
1598623709258039296,ukraine-de,True,True,False,False,False,False,False,False,False,False,2022-12-02 10:30:17.832780+00:00,2022-12-02 10:30:17.832780+00:00
1598623714857209862,ukraine-de,True,True,False,False,False,False,False,False,False,False,2022-12-02 10:30:17.832601+00:00,2022-12-02 10:30:17.832601+00:00
1598623727024939009,ukraine-de,True,True,False,False,False,False,False,False,False,False,2022-12-02 10:30:17.832438+00:00,2022-12-02 10:30:17.832438+00:00
1598623727700295680,ukraine-de,True,True,False,False,False,False,False,False,False,False,2022-12-02 10:30:17.832279+00:00,2022-12-02 10:30:17.832279+00:00
1598623737225486337,ukraine-de,True,False,False,False,False,False,False,False,False,False,2022-12-02 19:51:41.475595+00:00,2022-12-02 19:51:41.475595+00:00
1598623771144978434,ukraine-de,True,True,False,False,False,False,False,False,False,False,2022-12-02 10:30:17.832101+00:00,2022-12-02 10:30:17.832101+00:00
1598623789553696770,ukraine-de,True,True,False,False,False,False,False,False,False,False,2022-12-02 10:30:17.831946+00:00,2022-12-02 10:30:17.831946+00:00
1598623796994482176,ukraine-de,True,True,False,False,False,False,False,False,False,False,2022-12-02 10:30:17.831748+00:00,2022-12-02 10:30:17.831748+00:00
1598623821048807426,ukraine-de,True,True,False,False,False,False,False,False,False,False,2022-12-02 10:30:17.831523+00:00,2022-12-02 10:30:17.831523+00:00
1598623828258668544,ukraine-de,True,False,False,False,False,False,False,False,False,False,2022-12-02 15:07:19.441628+00:00,2022-12-02 15:07:19.441628+00:00
1598623845455478786,ukraine-de,True,True,False,False,False,False,False,False,False,False,2022-12-02 10:30:17.831334+00:00,2022-12-02 10:30:17.831334+00:00
1598623857040039936,ukraine-de,True,False,False,False,False,False,False,False,False,False,2022-12-02 15:07:33.552280+00:00,2022-12-02 15:07:33.552280+00:00
1598623872861016064,ukraine-de,True,True,False,False,False,False,False,False,False,False,2022-12-02 10:30:17.822943+00:00,2022-12-02 10:30:17.822943+00:00
1598623877650939906,ukraine-de,True,False,False,False,False,False,False,False,False,False,2022-12-02 15:07:19.462817+00:00,2022-12-02 15:07:19.462817+00:00
1598623878510673923,ukraine-de,True,True,False,False,False,False,False,False,False,False,2022-12-02 10:30:17.822781+00:00,2022-12-02 10:30:17.822781+00:00
1598623911196864512,ukraine-de,True,True,False,False,False,False,False,False,False,False,2022-12-02 10:30:17.822588+00:00,2022-12-02 10:30:17.822588+00:00
1598623911368749059,ukraine-de,True,True,False,False,False,False,False,False,False,False,2022-12-02 10:30:17.822394+00:00,2022-12-02 10:30:17.822394+00:00
1598623916720898048,ukraine-de,True,True,False,False,False,False,False,False,False,False,2022-12-02 10:30:17.822114+00:00,2022-12-02 10:30:17.822114+00:00
1598624024518590464,ukraine-de,True,True,False,False,False,False,False,False,False,False,2022-12-02 10:30:17.821959+00:00,2022-12-02 10:30:17.821959+00:00
1598624035738472448,ukraine-de,True,True,False,False,False,False,False,False,False,False,2022-12-02 10:30:17.821794+00:00,2022-12-02 10:30:17.821794+00:00
1598624038837882880,ukraine-de,True,True,False,False,False,False,False,False,False,False,2022-12-02 10:30:17.821615+00:00,2022-12-02 10:30:17.821615+00:00
1598624040674992129,ukraine-de,True,True,False,False,False,False,False,False,False,False,2022-12-02 10:30:17.821421+00:00,2022-12-02 10:30:17.821421+00:00
1598624085671550976,ukraine-de,True,True,False,False,False,False,False,False,False,False,2022-12-02 10:30:17.821239+00:00,2022-12-02 10:30:17.821239+00:00
1598624090293735424,ukraine-de,True,True,False,False,False,False,False,False,False,False,2022-12-02 10:30:17.821023+00:00,2022-12-02 10:30:17.821023+00:00
1598624104747335681,ukraine-de,True,True,False,False,False,False,False,False,False,False,2022-12-02 10:30:17.820798+00:00,2022-12-02 10:30:17.820798+00:00
1598624129191743489,ukraine-de,True,True,False,False,False,False,False,False,False,False,2022-12-02 10:30:17.820575+00:00,2022-12-02 10:30:17.820575+00:00
1598624138473635840,ukraine-de,True,True,False,False,False,False,False,False,False,False,2022-12-02 10:30:17.820369+00:00,2022-12-02 10:30:17.820369+00:00
1598624178692796416,ukraine-de,True,True,False,False,False,False,False,False,False,False,2022-12-02 10:30:17.820188+00:00,2022-12-02 10:30:17.820188+00:00
1598624185336709120,ukraine-de,True,False,False,False,False,False,False,False,False,False,2022-12-02 15:05:39.928258+00:00,2022-12-02 15:05:39.928258+00:00
1598624209273503746,ukraine-de,True,True,False,False,False,False,False,False,False,False,2022-12-02 10:30:17.819992+00:00,2022-12-02 10:30:17.819992+00:00
1598624217666314242,ukraine-de,True,True,False,False,False,False,False,False,False,False,2022-12-02 10:30:17.819807+00:00,2022-12-02 10:30:17.819807+00:00
1598624219234848768,ukraine-de,True,False,False,False,False,False,False,False,False,False,2022-12-02 15:07:19.439950+00:00,2022-12-02 15:07:19.439950+00:00
1598624270372016130,ukraine-de,True,True,False,False,False,False,False,False,False,False,2022-12-02 10:30:17.819613+00:00,2022-12-02 10:30:17.819613+00:00
1598624271794069506,ukraine-de,True,True,False,False,False,False,False,False,False,False,2022-12-02 10:30:17.819401+00:00,2022-12-02 10:30:17.819401+00:00
1598624277498105857,ukraine-de,True,True,False,False,False,False,False,False,False,False,2022-12-02 10:30:17.819185+00:00,2022-12-02 10:30:17.819185+00:00
1598624278924394496,ukraine-de,True,True,False,False,False,False,False,False,False,False,2022-12-02 10:30:17.818186+00:00,2022-12-02 10:30:17.818186+00:00
1598624285920305153,ukraine-de,True,False,False,False,False,False,False,False,False,False,2022-12-02 19:51:22.142804+00:00,2022-12-02 19:51:22.142804+00:00
1598624288743084037,ukraine-de,True,True,False,False,False,False,False,False,False,False,2022-12-02 10:30:17.816668+00:00,2022-12-02 10:30:17.816668+00:00
1598624298347872256,ukraine-de,True,True,False,False,False,False,False,False,False,False,2022-12-02 10:30:17.816472+00:00,2022-12-02 10:30:17.816472+00:00
1598624326252740608,ukraine-de,True,False,False,False,False,False,False,False,False,False,2022-12-02 15:07:33.547787+00:00,2022-12-02 15:07:33.547787+00:00
1598624344221032449,ukraine-de,True,True,False,False,False,False,False,False,False,False,2022-12-02 10:30:17.816276+00:00,2022-12-02 10:30:17.816276+00:00
1598624345307447298,ukraine-de,True,True,False,False,False,False,False,False,False,False,2022-12-02 10:30:17.816114+00:00,2022-12-02 10:30:17.816114+00:00
1598624347261919232,ukraine-de,True,True,False,False,False,False,False,False,False,False,2022-12-02 10:30:17.815950+00:00,2022-12-02 10:30:17.815950+00:00
1598624347891056646,ukraine-de,True,True,False,False,False,False,False,False,False,False,2022-12-02 10:30:17.815766+00:00,2022-12-02 10:30:17.815766+00:00
1598624369579892737,ukraine-de,True,True,False,False,False,False,False,False,False,False,2022-12-02 10:30:17.815610+00:00,2022-12-02 10:30:17.815610+00:00
1598624386012966912,ukraine-de,True,True,False,False,False,False,False,False,False,False,2022-12-02 10:30:17.815462+00:00,2022-12-02 10:30:17.815462+00:00
1598624386281611264,ukraine-de,True,False,False,False,False,False,False,False,False,False,2022-12-02 22:35:45.768422+00:00,2022-12-02 22:35:45.768422+00:00
1598624427192700928,ukraine-de,True,True,False,False,False,False,False,False,False,False,2022-12-02 10:30:17.815298+00:00,2022-12-02 10:30:17.815298+00:00
1598624429805813762,ukraine-de,True,True,False,False,False,False,False,False,False,False,2022-12-02 10:30:17.815051+00:00,2022-12-02 10:30:17.815051+00:00
1598624480087220225,ukraine-de,True,True,False,False,False,False,False,False,False,False,2022-12-02 10:30:17.812403+00:00,2022-12-02 10:30:17.812403+00:00
1598624493286486021,ukraine-de,True,True,False,False,False,False,False,False,False,False,2022-12-02 10:30:17.812189+00:00,2022-12-02 10:30:17.812189+00:00
1598624515826778113,ukraine-de,True,True,False,False,False,False,False,False,False,False,2022-12-02 10:30:17.812013+00:00,2022-12-02 10:30:17.812013+00:00
1598624525033394176,ukraine-de,True,True,False,False,False,False,False,False,False,False,2022-12-02 10:30:17.811839+00:00,2022-12-02 10:30:17.811839+00:00
1598624528141271049,ukraine-de,True,False,False,False,False,False,False,False,False,False,2022-12-02 15:07:19.463825+00:00,2022-12-02 15:07:19.463825+00:00
1598624549549084673,ukraine-de,True,True,False,False,False,False,False,False,False,False,2022-12-02 10:30:17.811597+00:00,2022-12-02 10:30:17.811597+00:00
1598624554611449858,ukraine-de,True,True,False,False,False,False,False,False,False,False,2022-12-02 10:30:17.806299+00:00,2022-12-02 10:30:17.806299+00:00
1598624560693248009,ukraine-de,True,True,False,False,False,False,False,False,False,False,2022-12-02 10:30:17.806128+00:00,2022-12-02 10:30:17.806128+00:00
1598624582470029312,ukraine-de,True,True,False,False,False,False,False,False,False,False,2022-12-02 10:30:17.805968+00:00,2022-12-02 10:30:17.805968+00:00
1598624588711198720,ukraine-de,True,True,False,False,False,False,False,False,False,False,2022-12-02 10:30:17.805799+00:00,2022-12-02 10:30:17.805799+00:00
1598624595958956032,ukraine-de,True,True,False,False,False,False,False,False,False,False,2022-12-02 10:30:17.805618+00:00,2022-12-02 10:30:17.805618+00:00
1598624626099331073,ukraine-de,True,True,False,False,False,False,False,False,False,False,2022-12-02 10:30:17.805390+00:00,2022-12-02 10:30:17.805390+00:00
1598624654561878016,ukraine-de,True,True,False,False,False,False,False,False,False,False,2022-12-02 10:30:17.805227+00:00,2022-12-02 10:30:17.805227+00:00
1598624672886702080,ukraine-de,True,True,False,False,False,False,False,False,False,False,2022-12-02 10:30:17.805062+00:00,2022-12-02 10:30:17.805062+00:00
1598624682349105152,ukraine-de,True,True,False,False,False,False,False,False,False,False,2022-12-02 10:30:17.804881+00:00,2022-12-02 10:30:17.804881+00:00
1598624690867769345,ukraine-de,True,True,False,False,False,False,False,False,False,False,2022-12-02 10:30:17.804627+00:00,2022-12-02 10:30:17.804627+00:00
1598624710597775360,ukraine-de,True,True,False,False,False,False,False,False,False,False,2022-12-02 10:30:17.786523+00:00,2022-12-02 10:30:17.786523+00:00
1598624712543846404,ukraine-de,True,True,False,False,False,False,False,False,False,False,2022-12-02 10:30:17.786352+00:00,2022-12-02 10:30:17.786352+00:00
1598624719657472001,ukraine-de,True,True,False,False,False,False,False,False,False,False,2022-12-02 10:30:17.786175+00:00,2022-12-02 10:30:17.786175+00:00
1598624723579146241,ukraine-de,True,True,False,False,False,False,False,False,False,False,2022-12-02 10:30:17.785988+00:00,2022-12-02 10:30:17.785988+00:00
1598624752956055553,ukraine-de,True,True,False,False,False,False,False,False,False,False,2022-12-02 10:30:17.785808+00:00,2022-12-02 10:30:17.785808+00:00
1598624760056815616,ukraine-de,True,True,False,False,False,False,False,False,False,False,2022-12-02 10:30:17.785581+00:00,2022-12-02 10:30:17.785581+00:00
1598624764947480584,ukraine-de,True,True,False,False,False,False,False,False,False,False,2022-12-02 10:30:17.785409+00:00,2022-12-02 10:30:17.785409+00:00
1598624824674459649,ukraine-de,True,True,False,False,False,False,False,False,False,False,2022-12-02 10:30:17.785203+00:00,2022-12-02 10:30:17.785203+00:00
1598624824968024064,ukraine-de,True,True,False,False,False,False,False,False,False,False,2022-12-02 10:30:17.785033+00:00,2022-12-02 10:30:17.785033+00:00
1598624842051379200,ukraine-de,True,True,False,False,False,False,False,False,False,False,2022-12-02 10:30:17.784861+00:00,2022-12-02 10:30:17.784861+00:00
1598624852088426496,ukraine-de,True,True,False,False,False,False,False,False,False,False,2022-12-02 10:30:17.784682+00:00,2022-12-02 10:30:17.784682+00:00
1598624855737475072,ukraine-de,True,True,False,False,False,False,False,False,False,False,2022-12-02 10:30:17.784525+00:00,2022-12-02 10:30:17.784525+00:00
1598624883298164736,ukraine-de,True,True,False,False,False,False,False,False,False,False,2022-12-02 10:30:17.784358+00:00,2022-12-02 10:30:17.784358+00:00
1598624884602593281,ukraine-de,True,True,False,False,False,False,False,False,False,False,2022-12-02 10:30:17.784177+00:00,2022-12-02 10:30:17.784177+00:00
1598624886095855616,ukraine-de,True,True,False,False,False,False,False,False,False,False,2022-12-02 10:30:17.783936+00:00,2022-12-02 10:30:17.783936+00:00
1598624900465451009,ukraine-de,True,True,False,False,False,False,False,False,False,False,2022-12-02 10:30:17.783708+00:00,2022-12-02 10:30:17.783708+00:00
1598624911144124417,ukraine-de,True,True,False,False,False,False,False,False,False,False,2022-12-02 10:30:17.783512+00:00,2022-12-02 10:30:17.783512+00:00
1598624924939309061,ukraine-de,True,True,False,False,False,False,False,False,False,False,2022-12-02 10:30:17.783324+00:00,2022-12-02 10:30:17.783324+00:00
1598624929104134144,ukraine-de,True,False,False,False,False,False,False,False,False,False,2022-12-02 15:04:30.440231+00:00,2022-12-02 15:04:30.440231+00:00
1598624937283141632,ukraine-de,True,True,False,False,False,False,False,False,False,False,2022-12-02 10:30:17.783124+00:00,2022-12-02 10:30:17.783124+00:00
1598624938868383744,ukraine-de,True,True,False,False,False,False,False,False,False,False,2022-12-02 10:30:17.782920+00:00,2022-12-02 10:30:17.782920+00:00
1598624941829660672,ukraine-de,True,False,False,False,False,False,False,False,False,False,2022-12-02 15:05:53.771196+00:00,2022-12-02 15:05:53.771196+00:00
1598624954794262528,ukraine-de,True,True,False,False,False,False,False,False,False,False,2022-12-02 10:30:17.782739+00:00,2022-12-02 10:30:17.782739+00:00
1598624988420005890,ukraine-de,True,False,False,False,False,False,False,False,False,False,2022-12-02 15:01:05.658803+00:00,2022-12-02 15:01:05.658803+00:00
1598624997685305345,ukraine-de,True,True,False,False,False,False,False,False,False,False,2022-12-02 10:30:17.782540+00:00,2022-12-02 10:30:17.782540+00:00
1598625016190361600,ukraine-de,True,True,False,False,False,False,False,False,False,False,2022-12-02 10:30:17.782356+00:00,2022-12-02 10:30:17.782356+00:00
1598625061254189056,ukraine-de,True,True,False,False,False,False,False,False,False,False,2022-12-02 10:30:17.782165+00:00,2022-12-02 10:30:17.782165+00:00
1598625075372077056,ukraine-de,True,True,False,False,False,False,False,False,False,False,2022-12-02 10:30:17.781965+00:00,2022-12-02 10:30:17.781965+00:00
1598625077179797504,ukraine-de,True,True,False,False,False,False,False,False,False,False,2022-12-02 10:30:17.781731+00:00,2022-12-02 10:30:17.781731+00:00
1598625085010714624,ukraine-de,True,True,False,False,False,False,False,False,False,False,2022-12-02 10:30:17.781522+00:00,2022-12-02 10:30:17.781522+00:00
1598625101221548032,ukraine-de,True,True,False,False,False,False,False,False,False,False,2022-12-02 10:30:17.781355+00:00,2022-12-02 10:30:17.781355+00:00
1598625129323544577,ukraine-de,True,False,False,False,False,False,False,False,False,False,2022-12-03 08:10:53.459225+00:00,2022-12-03 08:10:53.459225+00:00
1598625133568163841,ukraine-de,True,True,False,False,False,False,False,False,False,False,2022-12-02 10:30:17.781143+00:00,2022-12-02 10:30:17.781143+00:00
1598625133870125058,ukraine-de,True,True,False,False,False,False,False,False,False,False,2022-12-02 10:30:17.780978+00:00,2022-12-02 10:30:17.780978+00:00
1598625138299355136,ukraine-de,True,True,False,False,False,False,False,False,False,False,2022-12-02 10:30:17.780818+00:00,2022-12-02 10:30:17.780818+00:00
1598625145370845184,ukraine-de,True,True,False,False,False,False,False,False,False,False,2022-12-02 10:30:17.780657+00:00,2022-12-02 10:30:17.780657+00:00
1598625154233470980,ukraine-de,True,False,False,False,False,False,False,False,False,False,2022-12-02 22:35:54.184021+00:00,2022-12-02 22:35:54.184021+00:00
1598625165981646849,ukraine-de,True,True,False,False,False,False,False,False,False,False,2022-12-02 10:30:17.780497+00:00,2022-12-02 10:30:17.780497+00:00
1598625200320532486,ukraine-de,True,True,False,False,False,False,False,False,False,False,2022-12-02 10:30:17.780322+00:00,2022-12-02 10:30:17.780322+00:00
1598625200492478469,ukraine-de,True,True,False,False,False,False,False,False,False,False,2022-12-02 10:30:17.780137+00:00,2022-12-02 10:30:17.780137+00:00
1598625205873672192,ukraine-de,True,True,False,False,False,False,False,False,False,False,2022-12-02 10:30:17.779944+00:00,2022-12-02 10:30:17.779944+00:00
1598625260743675904,ukraine-de,True,True,False,False,False,False,False,False,False,False,2022-12-02 10:30:17.779764+00:00,2022-12-02 10:30:17.779764+00:00
1598625260911427587,ukraine-de,True,True,False,False,False,False,False,False,False,False,2022-12-02 10:30:17.779567+00:00,2022-12-02 10:30:17.779567+00:00
1598625274282876929,ukraine-de,True,False,False,False,False,False,False,False,False,False,2022-12-02 19:50:17.509862+00:00,2022-12-02 19:50:17.509862+00:00
1598625288551800832,ukraine-de,True,True,False,False,False,False,False,False,False,False,2022-12-02 10:30:17.779362+00:00,2022-12-02 10:30:17.779362+00:00
1598625292834070529,ukraine-de,True,True,False,False,False,False,False,False,False,False,2022-12-02 10:30:17.779176+00:00,2022-12-02 10:30:17.779176+00:00
1598625292905594880,ukraine-de,True,True,False,False,False,False,False,False,False,False,2022-12-02 10:30:17.779007+00:00,2022-12-02 10:30:17.779007+00:00
1598625313340227584,ukraine-de,True,True,False,False,False,False,False,False,False,False,2022-12-02 10:30:17.778825+00:00,2022-12-02 10:30:17.778825+00:00
1598625328116764673,ukraine-de,True,True,False,False,False,False,False,False,False,False,2022-12-02 10:30:17.778661+00:00,2022-12-02 10:30:17.778661+00:00
1598625383712264192,ukraine-de,True,True,False,False,False,False,False,False,False,False,2022-12-02 10:30:17.778468+00:00,2022-12-02 10:30:17.778468+00:00
1598625389823201280,ukraine-de,True,True,False,False,False,False,False,False,False,False,2022-12-02 10:30:17.778239+00:00,2022-12-02 10:30:17.778239+00:00
1598625393468129280,ukraine-de,True,True,False,False,False,False,False,False,False,False,2022-12-02 10:30:17.778062+00:00,2022-12-02 10:30:17.778062+00:00
1598625430839377920,ukraine-de,True,True,False,False,False,False,False,False,False,False,2022-12-02 10:30:17.777813+00:00,2022-12-02 10:30:17.777813+00:00
1598625482706075648,ukraine-de,True,True,False,False,False,False,False,False,False,False,2022-12-02 10:30:17.774840+00:00,2022-12-02 10:30:17.774840+00:00
1598625492797734913,ukraine-de,True,True,False,False,False,False,False,False,False,False,2022-12-02 10:30:17.774626+00:00,2022-12-02 10:30:17.774626+00:00
1598625513328754689,ukraine-de,True,True,False,False,False,False,False,False,False,False,2022-12-02 10:30:17.774377+00:00,2022-12-02 10:30:17.774377+00:00
1598625524385021953,ukraine-de,True,True,False,False,False,False,False,False,False,False,2022-12-02 10:30:17.770838+00:00,2022-12-02 15:07:33.542471+00:00
1598625531871858688,ukraine-de,True,False,False,False,False,False,False,False,False,False,2022-12-02 15:07:33.548825+00:00,2022-12-02 15:07:33.548825+00:00
1598625549009690624,ukraine-de,True,True,False,False,False,False,False,False,False,False,2022-12-02 15:07:33.542354+00:00,2022-12-02 15:07:33.542354+00:00
1598625552365232129,ukraine-de,True,True,False,False,False,False,False,False,False,False,2022-12-02 15:07:33.542242+00:00,2022-12-02 15:07:33.542242+00:00
1598625561475153921,ukraine-de,True,True,False,False,False,False,False,False,False,False,2022-12-02 15:07:33.542144+00:00,2022-12-02 15:07:33.542144+00:00
1598625580030824448,ukraine-de,True,True,False,False,False,False,False,False,False,False,2022-12-02 15:07:33.542035+00:00,2022-12-02 15:07:33.542035+00:00
1598625588712972288,ukraine-de,True,True,False,False,False,False,False,False,False,False,2022-12-02 15:07:33.541936+00:00,2022-12-02 15:07:33.541936+00:00
1598625590067826688,ukraine-de,True,True,False,False,False,False,False,False,False,False,2022-12-02 15:07:33.541825+00:00,2022-12-02 15:07:33.541825+00:00
1598625599480016897,ukraine-de,True,True,False,False,False,False,False,False,False,False,2022-12-02 15:07:33.541724+00:00,2022-12-02 15:07:33.541724+00:00
1598625624721018881,ukraine-de,True,True,False,False,False,False,False,False,False,False,2022-12-02 15:07:33.541622+00:00,2022-12-02 15:07:33.541622+00:00
1598625636746133507,ukraine-de,True,True,False,False,False,False,False,False,False,False,2022-12-02 15:07:33.541499+00:00,2022-12-02 15:07:33.541499+00:00
1598625638755311616,ukraine-de,True,True,False,False,False,False,False,False,False,False,2022-12-02 15:07:33.541369+00:00,2022-12-02 15:07:33.541369+00:00
1598625665468669953,ukraine-de,True,True,False,False,False,False,False,False,False,False,2022-12-02 15:07:33.541270+00:00,2022-12-02 15:07:33.541270+00:00
1598625667159138304,ukraine-de,True,True,False,False,False,False,False,False,False,False,2022-12-02 15:07:33.541170+00:00,2022-12-02 15:07:33.541170+00:00
1598625672812978177,ukraine-de,True,True,False,False,False,False,False,False,False,False,2022-12-02 15:07:33.541060+00:00,2022-12-02 15:07:33.541060+00:00
1598625676122361856,ukraine-de,True,True,False,False,False,False,False,False,False,False,2022-12-02 15:07:33.540960+00:00,2022-12-02 15:07:33.540960+00:00
1598625677250416640,ukraine-de,True,True,False,False,False,False,False,False,False,False,2022-12-02 15:07:33.540858+00:00,2022-12-02 15:07:33.540858+00:00
1598625691917950977,ukraine-de,True,True,False,False,False,False,False,False,False,False,2022-12-02 15:07:33.540758+00:00,2022-12-02 15:07:33.540758+00:00
1598625699891322880,ukraine-de,True,True,False,False,False,False,False,False,False,False,2022-12-02 15:07:33.540657+00:00,2022-12-02 15:07:33.540657+00:00
1598625703976730624,ukraine-de,True,True,False,False,False,False,False,False,False,False,2022-12-02 15:07:33.540538+00:00,2022-12-02 15:07:33.540538+00:00
1598625705184489472,ukraine-de,True,True,False,False,False,False,False,False,False,False,2022-12-02 15:07:33.540439+00:00,2022-12-02 15:07:33.540439+00:00
1598625717406683136,ukraine-de,True,True,False,False,False,False,False,False,False,False,2022-12-02 15:07:33.540340+00:00,2022-12-02 15:07:33.540340+00:00
1598625719776694273,ukraine-de,True,True,False,False,False,False,False,False,False,False,2022-12-02 15:07:33.540242+00:00,2022-12-02 15:07:33.540242+00:00
1598625722322415616,ukraine-de,True,False,False,False,False,False,False,False,False,False,2022-12-02 19:51:41.489758+00:00,2022-12-02 19:51:41.489758+00:00
1598625739305373696,ukraine-de,True,True,False,False,False,False,False,False,False,False,2022-12-02 15:07:33.540142+00:00,2022-12-02 15:07:33.540142+00:00
1598625772905721856,ukraine-de,True,True,False,False,False,False,False,False,False,False,2022-12-02 15:07:33.540044+00:00,2022-12-02 15:07:33.540044+00:00
1598625811619364864,ukraine-de,True,True,False,False,False,False,False,False,False,False,2022-12-02 15:07:33.539944+00:00,2022-12-02 15:07:33.539944+00:00
1598625842652930048,ukraine-de,True,False,False,False,False,False,False,False,False,False,2022-12-02 15:07:33.553937+00:00,2022-12-02 15:07:33.553937+00:00
1598625846658473984,ukraine-de,True,True,False,False,False,False,False,False,False,False,2022-12-02 15:07:33.539761+00:00,2022-12-02 15:07:33.539761+00:00
1598625847610679297,ukraine-de,True,True,False,False,False,False,False,False,False,False,2022-12-02 15:07:33.539662+00:00,2022-12-02 15:07:33.539662+00:00
1598625853956661250,ukraine-de,True,True,False,False,False,False,False,False,False,False,2022-12-02 15:07:33.539563+00:00,2022-12-02 15:07:33.539563+00:00
1598625854183047168,ukraine-de,True,True,False,False,False,False,False,False,False,False,2022-12-02 15:07:33.539464+00:00,2022-12-02 15:07:33.539464+00:00
1598625869358145536,ukraine-de,True,True,False,False,False,False,False,False,False,False,2022-12-02 15:07:33.539348+00:00,2022-12-02 15:07:33.539348+00:00
1598625878841384960,ukraine-de,True,True,False,False,False,False,False,False,False,False,2022-12-02 15:07:33.539235+00:00,2022-12-02 15:07:33.539235+00:00
1598625890174324737,ukraine-de,True,True,False,False,False,False,False,False,False,False,2022-12-02 15:07:33.539121+00:00,2022-12-02 15:07:33.539121+00:00
1598625904602783751,ukraine-de,True,True,False,False,False,False,False,False,False,False,2022-12-02 15:07:33.539022+00:00,2022-12-02 15:07:33.539022+00:00
1598625948567470082,ukraine-de,True,True,False,False,False,False,False,False,False,False,2022-12-02 15:07:33.538921+00:00,2022-12-02 15:07:33.538921+00:00
1598626020176830465,ukraine-de,True,True,False,False,False,False,False,False,False,False,2022-12-02 15:07:33.538793+00:00,2022-12-02 15:07:33.538793+00:00
1598626021632188419,ukraine-de,True,True,False,False,False,False,False,False,False,False,2022-12-02 15:07:33.538696+00:00,2022-12-02 15:07:33.538696+00:00
1598626033959411716,ukraine-de,True,False,False,False,False,False,False,False,False,False,2022-12-02 15:07:19.460495+00:00,2022-12-02 15:07:19.460495+00:00
1598626043127922688,ukraine-de,True,False,False,False,False,False,False,False,False,False,2022-12-02 15:07:19.450290+00:00,2022-12-02 15:07:19.450290+00:00
1598626043522318336,ukraine-de,True,True,False,False,False,False,False,False,False,False,2022-12-02 15:07:33.538599+00:00,2022-12-02 15:07:33.538599+00:00
1598626070307094528,ukraine-de,True,True,False,False,False,False,False,False,False,False,2022-12-02 15:07:33.538501+00:00,2022-12-02 15:07:33.538501+00:00
1598626116012580864,ukraine-de,True,True,False,False,False,False,False,False,False,False,2022-12-02 15:07:33.538403+00:00,2022-12-02 15:07:33.538403+00:00
1598626126494146561,ukraine-de,True,True,False,False,False,False,False,False,False,False,2022-12-02 15:05:53.791806+00:00,2022-12-02 15:07:33.538305+00:00
1598626129887350785,ukraine-de,True,True,False,False,False,False,False,False,False,False,2022-12-02 15:07:33.538206+00:00,2022-12-02 15:07:33.538206+00:00
1598626138246598659,ukraine-de,True,False,False,False,False,False,False,False,False,False,2022-12-03 11:05:57.685254+00:00,2022-12-03 11:05:57.685254+00:00
1598626139366248448,ukraine-de,True,True,False,False,False,False,False,False,False,False,2022-12-02 15:07:33.538107+00:00,2022-12-02 15:07:33.538107+00:00
1598626155191468032,ukraine-de,True,True,False,False,False,False,False,False,False,False,2022-12-02 15:07:33.538010+00:00,2022-12-02 15:07:33.538010+00:00
1598626182735577089,ukraine-de,True,True,False,False,False,False,False,False,False,False,2022-12-02 15:07:33.537910+00:00,2022-12-02 15:07:33.537910+00:00
1598626206601166848,ukraine-de,True,True,False,False,False,False,False,False,False,False,2022-12-02 15:07:19.464049+00:00,2022-12-02 15:07:33.537811+00:00
1598626215069302785,ukraine-de,True,True,False,False,False,False,False,False,False,False,2022-12-02 15:07:33.537711+00:00,2022-12-02 15:07:33.537711+00:00
1598626218449977351,ukraine-de,True,True,False,False,False,False,False,False,False,False,2022-12-02 15:07:33.537608+00:00,2022-12-02 15:07:33.537608+00:00
1598626224565374977,ukraine-de,True,True,False,False,False,False,False,False,False,False,2022-12-02 15:07:33.537486+00:00,2022-12-02 15:07:33.537486+00:00
1598626238716940292,ukraine-de,True,True,False,False,False,False,False,False,False,False,2022-12-02 15:07:33.537383+00:00,2022-12-02 15:07:33.537383+00:00
1598626240642048001,ukraine-de,True,True,False,False,False,False,False,False,False,False,2022-12-02 15:07:33.537242+00:00,2022-12-02 15:07:33.537242+00:00
1598626255850639361,ukraine-de,True,True,False,False,False,False,False,False,False,False,2022-12-02 15:07:33.537144+00:00,2022-12-02 15:07:33.537144+00:00
1598626264570544129,ukraine-de,True,True,False,False,False,False,False,False,False,False,2022-12-02 15:07:33.537045+00:00,2022-12-02 15:07:33.537045+00:00
1598626278298484738,ukraine-de,True,True,False,False,False,False,False,False,False,False,2022-12-02 15:07:33.536946+00:00,2022-12-02 15:07:33.536946+00:00
1598626293200965632,ukraine-de,True,True,False,False,False,False,False,False,False,False,2022-12-02 15:07:33.536847+00:00,2022-12-02 15:07:33.536847+00:00
1598626317532106752,ukraine-de,True,True,False,False,False,False,False,False,False,False,2022-12-02 15:07:33.536748+00:00,2022-12-02 15:07:33.536748+00:00
1598626334674022401,ukraine-de,True,True,False,False,False,False,False,False,False,False,2022-12-02 15:07:33.536648+00:00,2022-12-02 15:07:33.536648+00:00
1598626343222005761,ukraine-de,True,True,False,False,False,False,False,False,False,False,2022-12-02 15:07:33.536547+00:00,2022-12-02 15:07:33.536547+00:00
1598626360406196228,ukraine-de,True,True,False,False,False,False,False,False,False,False,2022-12-02 15:07:33.536446+00:00,2022-12-02 15:07:33.536446+00:00
1598626372666138630,ukraine-de,True,True,False,False,False,False,False,False,False,False,2022-12-02 15:07:33.536342+00:00,2022-12-02 15:07:33.536342+00:00
1598626396255002626,ukraine-de,True,True,False,False,False,False,False,False,False,False,2022-12-02 15:07:33.536233+00:00,2022-12-02 15:07:33.536233+00:00
1598626402311569409,ukraine-de,True,True,False,False,False,False,False,False,False,False,2022-12-02 15:07:33.536117+00:00,2022-12-02 15:07:33.536117+00:00
1598626435530375173,ukraine-de,True,True,False,False,False,False,False,False,False,False,2022-12-02 15:07:33.536017+00:00,2022-12-02 15:07:33.536017+00:00
1598626448859955200,ukraine-de,True,True,False,False,False,False,False,False,False,False,2022-12-02 15:07:33.535918+00:00,2022-12-02 15:07:33.535918+00:00
1598626470884089856,ukraine-de,True,True,False,False,False,False,False,False,False,False,2022-12-02 15:07:33.535819+00:00,2022-12-02 15:07:33.535819+00:00
1598626474201911298,ukraine-de,True,True,False,False,False,False,False,False,False,False,2022-12-02 15:07:33.535720+00:00,2022-12-02 15:07:33.535720+00:00
1598626484192792576,ukraine-de,True,False,False,False,False,False,False,False,False,False,2022-12-02 15:07:19.452374+00:00,2022-12-02 15:07:19.452374+00:00
1598626485119733760,ukraine-de,True,True,False,False,False,False,False,False,False,False,2022-12-02 15:07:33.535619+00:00,2022-12-02 15:07:33.535619+00:00
1598626505214644224,ukraine-de,True,False,False,False,False,False,False,False,False,False,2022-12-02 15:04:30.423761+00:00,2022-12-02 15:04:30.423761+00:00
1598626521278652416,ukraine-de,True,True,False,False,False,False,False,False,False,False,2022-12-02 15:07:33.535517+00:00,2022-12-02 15:07:33.535517+00:00
1598626552689868800,ukraine-de,True,True,False,False,False,False,False,False,False,False,2022-12-02 15:07:33.535404+00:00,2022-12-02 15:07:33.535404+00:00
1598626567303090176,ukraine-de,True,True,False,False,False,False,False,False,False,False,2022-12-02 15:07:33.535290+00:00,2022-12-02 15:07:33.535290+00:00
1598626572197453825,ukraine-de,True,True,False,False,False,False,False,False,False,False,2022-12-02 15:07:33.535167+00:00,2022-12-02 15:07:33.535167+00:00
1598626596331687936,ukraine-de,True,True,False,False,False,False,False,False,False,False,2022-12-02 15:07:33.535059+00:00,2022-12-02 15:07:33.535059+00:00
1598626612135620609,ukraine-de,True,True,False,False,False,False,False,False,False,False,2022-12-02 15:07:33.534914+00:00,2022-12-02 15:07:33.534914+00:00
1598626616925732867,ukraine-de,True,True,False,False,False,False,False,False,False,False,2022-12-02 15:07:33.534670+00:00,2022-12-02 15:07:33.534670+00:00
1598626617802207233,ukraine-de,True,True,False,False,False,False,False,False,False,False,2022-12-02 15:07:33.534531+00:00,2022-12-02 15:07:33.534531+00:00
1598626627889823744,ukraine-de,True,True,False,False,False,False,False,False,False,False,2022-12-02 15:07:33.534194+00:00,2022-12-02 15:07:33.534194+00:00
1598626652661088257,ukraine-de,True,True,False,False,False,False,False,False,False,False,2022-12-02 15:07:19.460966+00:00,2022-12-02 15:07:33.533980+00:00
1598626678951092225,ukraine-de,True,True,False,False,False,False,False,False,False,False,2022-12-02 15:07:33.533758+00:00,2022-12-02 15:07:33.533758+00:00
1598626679576006659,ukraine-de,True,True,False,False,False,False,False,False,False,False,2022-12-02 15:07:33.533355+00:00,2022-12-02 15:07:33.533355+00:00
1598626694088335360,ukraine-de,True,True,False,False,False,False,False,False,False,False,2022-12-02 15:07:33.533049+00:00,2022-12-02 15:07:33.533049+00:00
1598626732604620800,ukraine-de,True,True,False,False,False,False,False,False,False,False,2022-12-02 15:07:33.532769+00:00,2022-12-02 15:07:33.532769+00:00
1598626741655900160,ukraine-de,True,True,False,False,False,False,False,False,False,False,2022-12-02 15:07:33.532620+00:00,2022-12-02 15:07:33.532620+00:00
1598626749012594693,ukraine-de,True,True,False,False,False,False,False,False,False,False,2022-12-02 15:07:33.532519+00:00,2022-12-02 15:07:33.532519+00:00
1598626753257390084,ukraine-de,True,True,False,False,False,False,False,False,False,False,2022-12-02 15:07:33.532381+00:00,2022-12-02 15:07:33.532381+00:00
1598626770525294592,ukraine-de,True,True,False,False,False,False,False,False,False,False,2022-12-02 15:07:33.532222+00:00,2022-12-02 15:07:33.532222+00:00
1598626772513333248,ukraine-de,True,True,False,False,False,False,False,False,False,False,2022-12-02 15:07:33.532123+00:00,2022-12-02 15:07:33.532123+00:00
1598626781098954752,ukraine-de,True,True,False,False,False,False,False,False,False,False,2022-12-02 15:04:30.438709+00:00,2022-12-02 15:07:33.532024+00:00
1598626815869739010,ukraine-de,True,True,False,False,False,False,False,False,False,False,2022-12-02 15:07:33.531908+00:00,2022-12-02 15:07:33.531908+00:00
1598626826263437312,ukraine-de,True,True,False,False,False,False,False,False,False,False,2022-12-02 15:04:13.030933+00:00,2022-12-02 15:07:33.531792+00:00
1598626826833870855,ukraine-de,True,True,False,False,False,False,False,False,False,False,2022-12-02 15:05:53.784108+00:00,2022-12-02 15:07:33.531681+00:00
1598626859578953729,ukraine-de,True,True,False,False,False,False,False,False,False,False,2022-12-02 15:07:19.441502+00:00,2022-12-02 15:07:33.531565+00:00
1598626873612845057,ukraine-de,True,True,False,False,False,False,False,False,False,False,2022-12-02 15:07:33.531447+00:00,2022-12-02 15:07:33.531447+00:00
1598626876100157441,ukraine-de,True,True,False,False,False,False,False,False,False,False,2022-12-02 15:07:33.531334+00:00,2022-12-02 15:07:33.531334+00:00
1598626922392481792,ukraine-de,True,True,False,False,False,False,False,False,False,False,2022-12-02 15:07:33.531225+00:00,2022-12-02 15:07:33.531225+00:00
1598626928201695232,ukraine-de,True,True,False,False,False,False,False,False,False,False,2022-12-02 15:07:33.531123+00:00,2022-12-02 15:07:33.531123+00:00
1598626934870753283,ukraine-de,True,True,False,False,False,False,False,False,False,False,2022-12-02 15:07:33.531022+00:00,2022-12-02 15:07:33.531022+00:00
1598626936414261249,ukraine-de,True,True,False,False,False,False,False,False,False,False,2022-12-02 15:04:30.440935+00:00,2022-12-02 15:07:33.530920+00:00
1598626945327136770,ukraine-de,True,True,False,False,False,False,False,False,False,False,2022-12-02 15:05:53.776691+00:00,2022-12-02 15:07:33.530806+00:00
1598626950892830720,ukraine-de,True,True,False,False,False,False,False,False,False,False,2022-12-02 15:04:13.058586+00:00,2022-12-02 15:07:33.530704+00:00
1598626951295533057,ukraine-de,True,True,False,False,False,False,False,False,False,False,2022-12-02 15:07:33.530592+00:00,2022-12-02 15:07:33.530592+00:00
1598626968337014784,ukraine-de,True,True,False,False,False,False,False,False,False,False,2022-12-02 15:05:39.935724+00:00,2022-12-02 15:07:33.530473+00:00
1598626972636446720,ukraine-de,True,False,False,False,False,False,False,False,False,False,2022-12-02 19:50:27.689646+00:00,2022-12-02 19:50:27.689646+00:00
1598626979737214977,ukraine-de,True,True,False,False,False,False,False,False,False,False,2022-12-02 15:07:33.530353+00:00,2022-12-02 15:07:33.530353+00:00
1598626984317296641,ukraine-de,True,True,False,False,False,False,False,False,False,False,2022-12-02 15:07:33.530252+00:00,2022-12-02 15:07:33.530252+00:00
1598626987865767938,ukraine-de,True,True,False,False,False,False,False,False,False,False,2022-12-02 15:07:33.530148+00:00,2022-12-02 15:07:33.530148+00:00
1598626989350748161,ukraine-de,True,True,False,False,False,False,False,False,False,False,2022-12-02 15:07:33.530017+00:00,2022-12-02 15:07:33.530017+00:00
1598626999840509954,ukraine-de,True,True,False,False,False,False,False,False,False,False,2022-12-02 15:07:33.529637+00:00,2022-12-02 15:07:33.529637+00:00
1598627000645738496,ukraine-de,True,False,False,False,False,False,False,False,False,False,2022-12-02 15:05:39.924956+00:00,2022-12-02 15:05:39.924956+00:00
1598627005892788228,ukraine-de,True,True,False,False,False,False,False,False,False,False,2022-12-02 15:07:33.529515+00:00,2022-12-02 15:07:33.529515+00:00
1598627028504305664,ukraine-de,True,True,False,False,False,False,False,False,False,False,2022-12-02 15:07:33.529412+00:00,2022-12-02 15:07:33.529412+00:00
1598627046808342528,ukraine-de,True,True,False,False,False,False,False,False,False,False,2022-12-02 15:07:33.529296+00:00,2022-12-02 15:07:33.529296+00:00
1598627065690918912,ukraine-de,True,True,False,False,False,False,False,False,False,False,2022-12-02 15:07:33.529190+00:00,2022-12-02 15:07:33.529190+00:00
1598627078722797569,ukraine-de,True,True,False,False,False,False,False,False,False,False,2022-12-02 15:07:33.529066+00:00,2022-12-02 15:07:33.529066+00:00
1598627085139984385,ukraine-de,True,True,False,False,False,False,False,False,False,False,2022-12-02 15:07:33.528958+00:00,2022-12-02 15:07:33.528958+00:00
1598627099262296066,ukraine-de,True,True,False,False,False,False,False,False,False,False,2022-12-02 15:07:33.528674+00:00,2022-12-02 15:07:33.528674+00:00
1598627118165942273,ukraine-de,True,True,False,False,False,False,False,False,False,False,2022-12-02 15:07:33.528574+00:00,2022-12-02 15:07:33.528574+00:00
1598627122934939648,ukraine-de,True,True,False,False,False,False,False,False,False,False,2022-12-02 15:07:33.528474+00:00,2022-12-02 15:07:33.528474+00:00
1598627141754576896,ukraine-de,True,False,False,False,False,False,False,False,False,False,2022-12-02 15:05:53.786482+00:00,2022-12-02 15:05:53.786482+00:00
1598627160398483456,ukraine-de,True,True,False,False,False,False,False,False,False,False,2022-12-02 15:07:33.528373+00:00,2022-12-02 15:07:33.528373+00:00
1598627180401102851,ukraine-de,True,True,False,False,False,False,False,False,False,False,2022-12-02 15:07:33.528273+00:00,2022-12-02 15:07:33.528273+00:00
1598627191461388295,ukraine-de,True,True,False,False,False,False,False,False,False,False,2022-12-02 15:07:33.528154+00:00,2022-12-02 15:07:33.528154+00:00
1598627194921779201,ukraine-de,True,True,False,False,False,False,False,False,False,False,2022-12-02 15:07:33.528043+00:00,2022-12-02 15:07:33.528043+00:00
1598627268779196417,ukraine-de,True,False,False,False,False,False,False,False,False,False,2022-12-02 19:50:59.833086+00:00,2022-12-02 19:50:59.833086+00:00
1598627294859481090,ukraine-de,True,True,False,False,False,False,False,False,False,False,2022-12-02 15:07:33.527943+00:00,2022-12-02 15:07:33.527943+00:00
1598627328715739137,ukraine-de,True,True,False,False,False,False,False,False,False,False,2022-12-02 15:05:53.772432+00:00,2022-12-02 15:07:33.527827+00:00
1598627332280950785,ukraine-de,True,True,False,False,False,False,False,False,False,False,2022-12-02 15:07:33.527728+00:00,2022-12-02 15:07:33.527728+00:00
1598627339197366273,ukraine-de,True,True,False,False,False,False,False,False,False,False,2022-12-02 15:07:33.527628+00:00,2022-12-02 15:07:33.527628+00:00
1598627346306793472,ukraine-de,True,True,False,False,False,False,False,False,False,False,2022-12-02 15:07:19.458851+00:00,2022-12-02 15:07:33.527525+00:00
1598627360261152769,ukraine-de,True,True,False,False,False,False,False,False,False,False,2022-12-02 15:07:33.527393+00:00,2022-12-02 15:07:33.527393+00:00
1598627401499541505,ukraine-de,True,True,False,False,False,False,False,False,False,False,2022-12-02 15:07:33.527280+00:00,2022-12-02 15:07:33.527280+00:00
1598627457799577600,ukraine-de,True,True,False,False,False,False,False,False,False,False,2022-12-02 15:07:33.527158+00:00,2022-12-02 15:07:33.527158+00:00
1598627463302635521,ukraine-de,True,True,False,False,False,False,False,False,False,False,2022-12-02 15:07:33.526823+00:00,2022-12-02 15:07:33.526823+00:00
1598627476644798465,ukraine-de,True,True,False,False,False,False,False,False,False,False,2022-12-02 15:07:33.526722+00:00,2022-12-02 15:07:33.526722+00:00
1598627487306629121,ukraine-de,True,True,False,False,False,False,False,False,False,False,2022-12-02 15:04:30.440824+00:00,2022-12-02 15:07:33.526620+00:00
1598627490926366724,ukraine-de,True,True,False,False,False,False,False,False,False,False,2022-12-02 15:07:33.526502+00:00,2022-12-02 15:07:33.526502+00:00
1598627524338241536,ukraine-de,True,True,False,False,False,False,False,False,False,False,2022-12-02 15:07:33.526386+00:00,2022-12-02 15:07:33.526386+00:00
1598627538649088001,ukraine-de,True,True,False,False,False,False,False,False,False,False,2022-12-02 15:07:33.526285+00:00,2022-12-02 15:07:33.526285+00:00
1598627560488828929,ukraine-de,True,True,False,False,False,False,False,False,False,False,2022-12-02 15:07:33.526183+00:00,2022-12-02 15:07:33.526183+00:00
1598627580667744256,ukraine-de,True,True,False,False,False,False,False,False,False,False,2022-12-02 15:07:33.526082+00:00,2022-12-02 15:07:33.526082+00:00
1598627625068630017,ukraine-de,True,True,False,False,False,False,False,False,False,False,2022-12-02 15:07:33.525980+00:00,2022-12-02 15:07:33.525980+00:00
1598627636468670465,ukraine-de,True,True,False,False,False,False,False,False,False,False,2022-12-02 15:07:33.525865+00:00,2022-12-02 15:07:33.525865+00:00
1598627652465721344,ukraine-de,True,True,False,False,False,False,False,False,False,False,2022-12-02 15:07:33.525727+00:00,2022-12-02 15:07:33.525727+00:00
1598627671285563392,ukraine-de,True,True,False,False,False,False,False,False,False,False,2022-12-02 15:07:33.525546+00:00,2022-12-02 15:07:33.525546+00:00
1598627671939899393,ukraine-de,True,False,False,False,False,False,False,False,False,False,2022-12-02 15:07:19.464672+00:00,2022-12-02 15:07:19.464672+00:00
1598627672967593985,ukraine-de,True,False,False,False,False,False,False,False,False,False,2022-12-02 15:07:33.546092+00:00,2022-12-02 15:07:33.546092+00:00
1598627682819899394,ukraine-de,True,True,False,False,False,False,False,False,False,False,2022-12-02 15:07:33.525423+00:00,2022-12-02 15:07:33.525423+00:00
1598627683277094912,ukraine-de,True,True,False,False,False,False,False,False,False,False,2022-12-02 15:04:30.441109+00:00,2022-12-02 15:07:33.525251+00:00
1598627704701472768,ukraine-de,True,True,False,False,False,False,False,False,False,False,2022-12-02 15:07:33.525125+00:00,2022-12-02 15:07:33.525125+00:00
1598627708631760897,ukraine-de,True,True,False,False,False,False,False,False,False,False,2022-12-02 15:07:33.525022+00:00,2022-12-02 15:07:33.525022+00:00
1598627728344825857,ukraine-de,True,True,False,False,False,False,False,False,False,False,2022-12-02 15:07:33.524921+00:00,2022-12-02 15:07:33.524921+00:00
1598627746468581377,ukraine-de,True,True,False,False,False,False,False,False,False,False,2022-12-02 15:07:33.524819+00:00,2022-12-02 15:07:33.524819+00:00
1598627749954031617,ukraine-de,True,True,False,False,False,False,False,False,False,False,2022-12-02 15:07:33.524715+00:00,2022-12-02 15:07:33.524715+00:00
1598627770354978817,ukraine-de,True,True,False,False,False,False,False,False,False,False,2022-12-02 15:07:33.524594+00:00,2022-12-02 15:07:33.524594+00:00
1598627781449056258,ukraine-de,True,True,False,False,False,False,False,False,False,False,2022-12-02 15:07:33.524489+00:00,2022-12-02 15:07:33.524489+00:00
1598627809798197248,ukraine-de,True,True,False,False,False,False,False,False,False,False,2022-12-02 15:07:33.524373+00:00,2022-12-02 15:07:33.524373+00:00
1598627815938617344,ukraine-de,True,True,False,False,False,False,False,False,False,False,2022-12-02 15:07:33.524272+00:00,2022-12-02 15:07:33.524272+00:00
1598627856216576001,ukraine-de,True,True,False,False,False,False,False,False,False,False,2022-12-02 15:07:33.524171+00:00,2022-12-02 15:07:33.524171+00:00
1598627858175467520,ukraine-de,True,False,False,False,False,False,False,False,False,False,2022-12-02 19:50:36.497090+00:00,2022-12-02 19:50:36.497090+00:00
1598627861233016833,ukraine-de,True,True,False,False,False,False,False,False,False,False,2022-12-02 15:07:33.524067+00:00,2022-12-02 15:07:33.524067+00:00
1598627920129544193,ukraine-de,True,True,False,False,False,False,False,False,False,False,2022-12-02 15:07:33.523960+00:00,2022-12-02 15:07:33.523960+00:00
1598627924340445184,ukraine-de,True,False,False,False,False,False,False,False,False,False,2022-12-02 15:05:39.916505+00:00,2022-12-02 15:05:39.916505+00:00
1598627941927321600,ukraine-de,True,True,False,False,False,False,False,False,False,False,2022-12-02 15:07:33.523775+00:00,2022-12-02 15:07:33.523775+00:00
1598627950110289920,ukraine-de,True,True,False,False,False,False,False,False,False,False,2022-12-02 15:07:33.523673+00:00,2022-12-02 15:07:33.523673+00:00
1598627971383889922,ukraine-de,True,True,False,False,False,False,False,False,False,False,2022-12-02 15:07:33.523570+00:00,2022-12-02 15:07:33.523570+00:00
1598627980644945921,ukraine-de,True,True,False,False,False,False,False,False,False,False,2022-12-02 15:07:33.523464+00:00,2022-12-02 15:07:33.523464+00:00
1598628018263498753,ukraine-de,True,True,False,False,False,False,False,False,False,False,2022-12-02 15:07:33.523346+00:00,2022-12-02 15:07:33.523346+00:00
1598628020310478849,ukraine-de,True,True,False,False,False,False,False,False,False,False,2022-12-02 15:07:33.523062+00:00,2022-12-02 15:07:33.523062+00:00
1598628037309906945,ukraine-de,True,True,False,False,False,False,False,False,False,False,2022-12-02 15:07:33.522952+00:00,2022-12-02 15:07:33.522952+00:00
1598628049909649408,ukraine-de,True,True,False,False,False,False,False,False,False,False,2022-12-02 15:07:33.522851+00:00,2022-12-02 15:07:33.522851+00:00
1598628054007422976,ukraine-de,True,True,False,False,False,False,False,False,False,False,2022-12-02 15:07:33.522733+00:00,2022-12-02 15:07:33.522733+00:00
1598628068284723201,ukraine-de,True,True,False,False,False,False,False,False,False,False,2022-12-02 15:07:33.522614+00:00,2022-12-02 15:07:33.522614+00:00
1598628086966374400,ukraine-de,True,False,False,False,False,False,False,False,False,False,2022-12-02 15:07:19.465673+00:00,2022-12-02 15:07:19.465673+00:00
1598628100136259584,ukraine-de,True,True,False,False,False,False,False,False,False,False,2022-12-02 15:07:33.522514+00:00,2022-12-02 15:07:33.522514+00:00
1598628106977280000,ukraine-de,True,True,False,False,False,False,False,False,False,False,2022-12-02 15:07:33.522415+00:00,2022-12-02 15:07:33.522415+00:00
1598628132642136064,ukraine-de,True,True,False,False,False,False,False,False,False,False,2022-12-02 15:07:33.522297+00:00,2022-12-02 15:07:33.522297+00:00
1598628137113649152,ukraine-de,True,True,False,False,False,False,False,False,False,False,2022-12-02 15:07:33.522196+00:00,2022-12-02 15:07:33.522196+00:00
1598628150505709568,ukraine-de,True,True,False,False,False,False,False,False,False,False,2022-12-02 15:07:33.522082+00:00,2022-12-02 15:07:33.522082+00:00
1598628155060850692,ukraine-de,True,True,False,False,False,False,False,False,False,False,2022-12-02 15:07:33.521982+00:00,2022-12-02 15:07:33.521982+00:00
1598628161897758720,ukraine-de,True,True,False,False,False,False,False,False,False,False,2022-12-02 15:07:33.521872+00:00,2022-12-02 15:07:33.521872+00:00
1598628189747572736,ukraine-de,True,True,False,False,False,False,False,False,False,False,2022-12-02 15:07:33.521769+00:00,2022-12-02 15:07:33.521769+00:00
1598628192415277056,ukraine-de,True,True,False,False,False,False,False,False,False,False,2022-12-02 15:07:33.521652+00:00,2022-12-02 15:07:33.521652+00:00
1598628222966849536,ukraine-de,True,True,False,False,False,False,False,False,False,False,2022-12-02 15:07:33.521515+00:00,2022-12-02 15:07:33.521515+00:00
1598628308530315264,ukraine-de,True,True,False,False,False,False,False,False,False,False,2022-12-02 15:07:33.521413+00:00,2022-12-02 15:07:33.521413+00:00
1598628368907386881,ukraine-de,True,True,False,False,False,False,False,False,False,False,2022-12-02 15:07:33.521299+00:00,2022-12-02 15:07:33.521299+00:00
1598628389937680384,ukraine-de,True,True,False,False,False,False,False,False,False,False,2022-12-02 15:07:33.521199+00:00,2022-12-02 15:07:33.521199+00:00
1598628406907764736,ukraine-de,True,True,False,False,False,False,False,False,False,False,2022-12-02 15:04:30.415531+00:00,2022-12-02 15:07:33.521087+00:00
1598628417171234817,ukraine-de,True,True,False,False,False,False,False,False,False,False,2022-12-02 15:07:33.520975+00:00,2022-12-02 15:07:33.520975+00:00
1598628447458320385,ukraine-de,True,True,False,False,False,False,False,False,False,False,2022-12-02 15:07:33.520874+00:00,2022-12-02 15:07:33.520874+00:00
1598628462515961856,ukraine-de,True,True,False,False,False,False,False,False,False,False,2022-12-02 15:07:19.447484+00:00,2022-12-02 15:07:33.520774+00:00
1598628469025525760,ukraine-de,True,True,False,False,False,False,False,False,False,False,2022-12-02 15:07:33.520674+00:00,2022-12-02 15:07:33.520674+00:00
1598628512256200705,ukraine-de,True,True,False,False,False,False,False,False,False,False,2022-12-02 15:07:33.520573+00:00,2022-12-02 15:07:33.520573+00:00
1598628555084242945,ukraine-de,True,True,False,False,False,False,False,False,False,False,2022-12-02 15:07:33.520471+00:00,2022-12-02 15:07:33.520471+00:00
1598628592061222912,ukraine-de,True,True,False,False,False,False,False,False,False,False,2022-12-02 15:07:33.520370+00:00,2022-12-02 15:07:33.520370+00:00
1598628623472377859,ukraine-de,True,True,False,False,False,False,False,False,False,False,2022-12-02 15:07:33.520268+00:00,2022-12-02 15:07:33.520268+00:00
1598628648675745793,ukraine-de,True,True,False,False,False,False,False,False,False,False,2022-12-02 15:07:33.520164+00:00,2022-12-02 15:07:33.520164+00:00
1598628658419101696,ukraine-de,True,True,False,False,False,False,False,False,False,False,2022-12-02 15:07:33.520046+00:00,2022-12-02 15:07:33.520046+00:00
1598628771627778052,ukraine-de,True,True,False,False,False,False,False,False,False,False,2022-12-02 15:07:33.519829+00:00,2022-12-02 15:07:33.519829+00:00
1598628775348113409,ukraine-de,True,True,False,False,False,False,False,False,False,False,2022-12-02 15:07:33.519727+00:00,2022-12-02 15:07:33.519727+00:00
1598628815617593345,ukraine-de,True,True,False,False,False,False,False,False,False,False,2022-12-02 15:07:33.519607+00:00,2022-12-02 15:07:33.519607+00:00
1598628839835451392,ukraine-de,True,True,False,False,False,False,False,False,False,False,2022-12-02 15:07:19.445957+00:00,2022-12-02 15:07:33.519477+00:00
1598628848609943553,ukraine-de,True,True,False,False,False,False,False,False,False,False,2022-12-02 15:07:33.519348+00:00,2022-12-02 15:07:33.519348+00:00
1598628864392994818,ukraine-de,True,False,False,False,False,False,False,False,False,False,2022-12-02 15:04:13.057121+00:00,2022-12-02 15:04:13.057121+00:00
1598628864451813377,ukraine-de,True,True,False,False,False,False,False,False,False,False,2022-12-02 15:07:33.519236+00:00,2022-12-02 15:07:33.519236+00:00
1598628868566441984,ukraine-de,True,True,False,False,False,False,False,False,False,False,2022-12-02 15:07:33.519054+00:00,2022-12-02 15:07:33.519054+00:00
1598628932370124800,ukraine-de,True,True,False,False,False,False,False,False,False,False,2022-12-02 15:07:33.518954+00:00,2022-12-02 15:07:33.518954+00:00
1598628937382301696,ukraine-de,True,True,False,False,False,False,False,False,False,False,2022-12-02 15:07:33.518853+00:00,2022-12-02 15:07:33.518853+00:00
1598628941941465088,ukraine-de,True,True,False,False,False,False,False,False,False,False,2022-12-02 15:07:33.518753+00:00,2022-12-02 15:07:33.518753+00:00
1598628992285696001,ukraine-de,True,True,False,False,False,False,False,False,False,False,2022-12-02 15:07:33.518652+00:00,2022-12-02 15:07:33.518652+00:00
1598629000242511873,ukraine-de,True,True,False,False,False,False,False,False,False,False,2022-12-02 15:07:33.518551+00:00,2022-12-02 15:07:33.518551+00:00
1598629026360434690,ukraine-de,True,False,False,False,False,False,False,False,False,False,2022-12-02 15:04:13.019354+00:00,2022-12-02 15:04:13.019354+00:00
1598629030915280896,ukraine-de,True,True,False,False,False,False,False,False,False,False,2022-12-02 15:07:33.518451+00:00,2022-12-02 15:07:33.518451+00:00
1598629049454280704,ukraine-de,True,False,False,False,False,False,False,False,False,False,2022-12-02 19:50:17.511814+00:00,2022-12-02 19:50:17.511814+00:00
1598629058316599301,ukraine-de,True,True,False,False,False,False,False,False,False,False,2022-12-02 15:07:33.518348+00:00,2022-12-02 15:07:33.518348+00:00
1598629058677456896,ukraine-de,True,False,False,False,False,False,False,False,False,False,2022-12-02 19:50:59.805785+00:00,2022-12-02 19:50:59.805785+00:00
1598629077727993856,ukraine-de,True,True,False,False,False,False,False,False,False,False,2022-12-02 15:07:33.518246+00:00,2022-12-02 15:07:33.518246+00:00
1598629082991837186,ukraine-de,True,True,False,False,False,False,False,False,False,False,2022-12-02 15:07:33.518142+00:00,2022-12-02 15:07:33.518142+00:00
1598629093083271168,ukraine-de,True,True,False,False,False,False,False,False,False,False,2022-12-02 15:07:33.517932+00:00,2022-12-02 15:07:33.517932+00:00
1598629103531352065,ukraine-de,True,True,False,False,False,False,False,False,False,False,2022-12-02 15:07:33.517831+00:00,2022-12-02 15:07:33.517831+00:00
1598629122003148800,ukraine-de,True,True,False,False,False,False,False,False,False,False,2022-12-02 15:07:33.517710+00:00,2022-12-02 15:07:33.517710+00:00
1598629138864250880,ukraine-de,True,True,False,False,False,False,False,False,False,False,2022-12-02 15:07:33.517545+00:00,2022-12-02 15:07:33.517545+00:00
1598629150230827008,ukraine-de,True,True,False,False,False,False,False,False,False,False,2022-12-02 15:07:33.517448+00:00,2022-12-02 15:07:33.517448+00:00
1598629165980438529,ukraine-de,True,True,False,False,False,False,False,False,False,False,2022-12-02 15:07:33.517351+00:00,2022-12-02 15:07:33.517351+00:00
1598629187002277888,ukraine-de,True,False,False,False,False,False,False,False,False,False,2022-12-02 15:01:30.380658+00:00,2022-12-02 15:01:30.380658+00:00
1598629197580304385,ukraine-de,True,True,False,False,False,False,False,False,False,False,2022-12-02 15:07:33.517242+00:00,2022-12-02 15:07:33.517242+00:00
1598629198024900608,ukraine-de,True,True,False,False,False,False,False,False,False,False,2022-12-02 15:07:33.517141+00:00,2022-12-02 15:07:33.517141+00:00
1598629218421710848,ukraine-de,True,True,False,False,False,False,False,False,False,False,2022-12-02 15:07:33.517041+00:00,2022-12-02 15:07:33.517041+00:00
1598629219227017216,ukraine-de,True,True,False,False,False,False,False,False,False,False,2022-12-02 15:07:33.516938+00:00,2022-12-02 15:07:33.516938+00:00
1598629250642239488,ukraine-de,True,True,False,False,False,False,False,False,False,False,2022-12-02 15:07:33.516822+00:00,2022-12-02 15:07:33.516822+00:00
1598629292006551552,ukraine-de,True,True,False,False,False,False,False,False,False,False,2022-12-02 15:07:33.516717+00:00,2022-12-02 15:07:33.516717+00:00
1598629297677369344,ukraine-de,True,True,False,False,False,False,False,False,False,False,2022-12-02 15:07:19.458267+00:00,2022-12-02 15:07:33.516606+00:00
1598629304350425089,ukraine-de,True,True,False,False,False,False,False,False,False,False,2022-12-02 15:07:33.516452+00:00,2022-12-02 15:07:33.516452+00:00
1598629341146992640,ukraine-de,True,True,False,False,False,False,False,False,False,False,2022-12-02 15:07:33.516199+00:00,2022-12-02 15:07:33.516199+00:00
1598629364203401217,ukraine-de,True,True,False,False,False,False,False,False,False,False,2022-12-02 15:07:19.439621+00:00,2022-12-02 15:07:19.439621+00:00
1598629382406356992,ukraine-de,True,True,False,False,False,False,False,False,False,False,2022-12-02 15:07:19.439522+00:00,2022-12-02 15:07:19.439522+00:00
1598629393802436609,ukraine-de,True,True,False,False,False,False,False,False,False,False,2022-12-02 15:07:19.439421+00:00,2022-12-02 15:07:19.439421+00:00
1598629400702029825,ukraine-de,True,True,False,False,False,False,False,False,False,False,2022-12-02 15:07:19.439314+00:00,2022-12-02 15:07:19.439314+00:00
1598629410822934528,ukraine-de,True,True,False,False,False,False,False,False,False,False,2022-12-02 15:07:19.439203+00:00,2022-12-02 15:07:19.439203+00:00
1598629415134662656,ukraine-de,True,True,False,False,False,False,False,False,False,False,2022-12-02 15:07:19.439091+00:00,2022-12-02 15:07:19.439091+00:00
1598629428799885312,ukraine-de,True,True,False,False,False,False,False,False,False,False,2022-12-02 15:07:19.438989+00:00,2022-12-02 15:07:19.438989+00:00
1598629435946696706,ukraine-de,True,True,False,False,False,False,False,False,False,False,2022-12-02 15:07:19.438889+00:00,2022-12-02 15:07:19.438889+00:00
1598629459816587266,ukraine-de,True,True,False,False,False,False,False,False,False,False,2022-12-02 15:07:19.438789+00:00,2022-12-02 15:07:19.438789+00:00
1598629495556087808,ukraine-de,True,False,False,False,False,False,False,False,False,False,2022-12-02 15:05:53.790072+00:00,2022-12-02 15:05:53.790072+00:00
1598629535213187073,ukraine-de,True,False,False,False,False,False,False,False,False,False,2022-12-02 15:04:13.008816+00:00,2022-12-02 15:04:13.008816+00:00
1598629538673852418,ukraine-de,True,True,False,False,False,False,False,False,False,False,2022-12-02 15:07:19.438687+00:00,2022-12-02 15:07:19.438687+00:00
1598629539193552896,ukraine-de,True,True,False,False,False,False,False,False,False,False,2022-12-02 15:07:19.438571+00:00,2022-12-02 15:07:19.438571+00:00
1598629546181419009,ukraine-de,True,True,False,False,False,False,False,False,False,False,2022-12-02 15:07:19.438469+00:00,2022-12-02 15:07:19.438469+00:00
1598629551927697411,ukraine-de,True,True,False,False,False,False,False,False,False,False,2022-12-02 15:07:19.438366+00:00,2022-12-02 15:07:19.438366+00:00
1598629563352883204,ukraine-de,True,True,False,False,False,False,False,False,False,False,2022-12-02 15:01:05.642687+00:00,2022-12-02 15:07:19.438254+00:00
1598629579681300482,ukraine-de,True,True,False,False,False,False,False,False,False,False,2022-12-02 15:07:19.438096+00:00,2022-12-02 15:07:19.438096+00:00
1598629583473049600,ukraine-de,True,True,False,False,False,False,False,False,False,False,2022-12-02 15:07:19.437997+00:00,2022-12-02 15:07:19.437997+00:00
1598629591244951554,ukraine-de,True,True,False,False,False,False,False,False,False,False,2022-12-02 15:07:19.437884+00:00,2022-12-02 15:07:19.437884+00:00
1598629601374248962,ukraine-de,True,True,False,False,False,False,False,False,False,False,2022-12-02 15:07:19.437777+00:00,2022-12-02 15:07:19.437777+00:00
1598629621523775495,ukraine-de,True,True,False,False,False,False,False,False,False,False,2022-12-02 15:07:19.437676+00:00,2022-12-02 15:07:19.437676+00:00
1598629634282704896,ukraine-de,True,True,False,False,False,False,False,False,False,False,2022-12-02 15:07:19.437555+00:00,2022-12-02 15:07:19.437555+00:00
1598629656105582592,ukraine-de,True,True,False,False,False,False,False,False,False,False,2022-12-02 15:07:19.437456+00:00,2022-12-02 15:07:19.437456+00:00
1598629657284313089,ukraine-de,True,True,False,False,False,False,False,False,False,False,2022-12-02 15:07:19.437354+00:00,2022-12-02 15:07:19.437354+00:00
1598629670798430209,ukraine-de,True,True,False,False,False,False,False,False,False,False,2022-12-02 15:07:19.437239+00:00,2022-12-02 15:07:19.437239+00:00
1598629703530823683,ukraine-de,True,True,False,False,False,False,False,False,False,False,2022-12-02 15:07:19.437139+00:00,2022-12-02 15:07:19.437139+00:00
1598629738662305794,ukraine-de,True,True,False,False,False,False,False,False,False,False,2022-12-02 15:07:19.437039+00:00,2022-12-02 15:07:19.437039+00:00
1598629804126896130,ukraine-de,True,True,False,False,False,False,False,False,False,False,2022-12-02 15:07:19.436926+00:00,2022-12-02 15:07:19.436926+00:00
1598629819910324224,ukraine-de,True,True,False,False,False,False,False,False,False,False,2022-12-02 15:07:19.436811+00:00,2022-12-02 15:07:19.436811+00:00
1598629867083399168,ukraine-de,True,True,False,False,False,False,False,False,False,False,2022-12-02 15:07:19.436696+00:00,2022-12-02 15:07:19.436696+00:00
1598629902244368385,ukraine-de,True,True,False,False,False,False,False,False,False,False,2022-12-02 15:07:19.436594+00:00,2022-12-02 15:07:19.436594+00:00
1598629903523778560,ukraine-de,True,True,False,False,False,False,False,False,False,False,2022-12-02 15:07:19.436481+00:00,2022-12-02 15:07:19.436481+00:00
1598629908233740288,ukraine-de,True,True,False,False,False,False,False,False,False,False,2022-12-02 15:07:19.436359+00:00,2022-12-02 15:07:19.436359+00:00
1598629909097742338,ukraine-de,True,True,False,False,False,False,False,False,False,False,2022-12-02 15:07:19.436259+00:00,2022-12-02 15:07:19.436259+00:00
1598629910234505216,ukraine-de,True,True,False,False,False,False,False,False,False,False,2022-12-02 15:07:19.436160+00:00,2022-12-02 15:07:19.436160+00:00
1598629917213839362,ukraine-de,True,True,False,False,False,False,False,False,False,False,2022-12-02 15:07:19.436058+00:00,2022-12-02 15:07:19.436058+00:00
1598629917666594819,ukraine-de,True,True,False,False,False,False,False,False,False,False,2022-12-02 15:07:19.435955+00:00,2022-12-02 15:07:19.435955+00:00
1598629977456607232,ukraine-de,True,True,False,False,False,False,False,False,False,False,2022-12-02 15:07:19.435837+00:00,2022-12-02 15:07:19.435837+00:00
1598629997492723714,ukraine-de,True,True,False,False,False,False,False,False,False,False,2022-12-02 15:07:19.435733+00:00,2022-12-02 15:07:19.435733+00:00
1598630011891752963,ukraine-de,True,True,False,False,False,False,False,False,False,False,2022-12-02 15:07:19.435616+00:00,2022-12-02 15:07:19.435616+00:00
1598630032745922562,ukraine-de,True,True,False,False,False,False,False,False,False,False,2022-12-02 15:07:19.435509+00:00,2022-12-02 15:07:19.435509+00:00
1598630036659179520,ukraine-de,True,True,False,False,False,False,False,False,False,False,2022-12-02 15:07:19.435331+00:00,2022-12-02 15:07:19.435331+00:00
1598630049137102849,ukraine-de,True,True,False,False,False,False,False,False,False,False,2022-12-02 15:05:53.769154+00:00,2022-12-02 15:07:19.435156+00:00
1598630066329616384,ukraine-de,True,True,False,False,False,False,False,False,False,False,2022-12-02 15:07:19.435052+00:00,2022-12-02 15:07:19.435052+00:00
1598630075573964800,ukraine-de,True,True,False,False,False,False,False,False,False,False,2022-12-02 15:07:19.434946+00:00,2022-12-02 15:07:19.434946+00:00
1598630079692677120,ukraine-de,True,True,False,False,False,False,False,False,False,False,2022-12-02 15:07:19.434816+00:00,2022-12-02 15:07:19.434816+00:00
1598630112030871552,ukraine-de,True,True,False,False,False,False,False,False,False,False,2022-12-02 15:05:53.775100+00:00,2022-12-02 15:07:19.434692+00:00
1598630115503529989,ukraine-de,True,False,False,False,False,False,False,False,False,False,2022-12-02 15:05:53.783884+00:00,2022-12-02 15:05:53.783884+00:00
1598630124089479169,ukraine-de,True,True,False,False,False,False,False,False,False,False,2022-12-02 15:07:19.434467+00:00,2022-12-02 15:07:19.434467+00:00
1598630174525775872,ukraine-de,True,True,False,False,False,False,False,False,False,False,2022-12-02 15:07:19.434318+00:00,2022-12-02 15:07:19.434318+00:00
1598630174685220865,ukraine-de,True,True,False,False,False,False,False,False,False,False,2022-12-02 15:07:19.434121+00:00,2022-12-02 15:07:19.434121+00:00
1598630186035171328,ukraine-de,True,True,False,False,False,False,False,False,False,False,2022-12-02 15:07:19.434019+00:00,2022-12-02 15:07:19.434019+00:00
1598630202870857728,ukraine-de,True,True,False,False,False,False,False,False,False,False,2022-12-02 15:07:19.433899+00:00,2022-12-02 15:07:19.433899+00:00
1598630218977116160,ukraine-de,True,True,False,False,False,False,False,False,False,False,2022-12-02 15:07:19.433801+00:00,2022-12-02 15:07:19.433801+00:00
1598630244193538048,ukraine-de,True,True,False,False,False,False,False,False,False,False,2022-12-02 15:07:19.433701+00:00,2022-12-02 15:07:19.433701+00:00
1598630260915855360,ukraine-de,True,True,False,False,False,False,False,False,False,False,2022-12-02 15:07:19.433578+00:00,2022-12-02 15:07:19.433578+00:00
1598630261029150721,ukraine-de,True,True,False,False,False,False,False,False,False,False,2022-12-02 15:07:19.433479+00:00,2022-12-02 15:07:19.433479+00:00
1598630284051812352,ukraine-de,True,True,False,False,False,False,False,False,False,False,2022-12-02 15:07:19.433380+00:00,2022-12-02 15:07:19.433380+00:00
1598630305111449602,ukraine-de,True,True,False,False,False,False,False,False,False,False,2022-12-02 15:07:19.433278+00:00,2022-12-02 15:07:19.433278+00:00
1598630343573049344,ukraine-de,True,True,False,False,False,False,False,False,False,False,2022-12-02 15:07:19.433177+00:00,2022-12-02 15:07:19.433177+00:00
1598630360778145799,ukraine-de,True,True,False,False,False,False,False,False,False,False,2022-12-02 15:07:19.433075+00:00,2022-12-02 15:07:19.433075+00:00
1598630369233887232,ukraine-de,True,True,False,False,False,False,False,False,False,False,2022-12-02 15:07:19.432957+00:00,2022-12-02 15:07:19.432957+00:00
1598630409297879042,ukraine-de,True,True,False,False,False,False,False,False,False,False,2022-12-02 15:07:19.432844+00:00,2022-12-02 15:07:19.432844+00:00
1598630414645608449,ukraine-de,True,False,False,False,False,False,False,False,False,False,2022-12-02 15:07:19.457517+00:00,2022-12-02 15:07:19.457517+00:00
1598630417455882246,ukraine-de,True,False,False,False,False,False,False,False,False,False,2022-12-02 15:07:19.463205+00:00,2022-12-02 15:07:19.463205+00:00
1598630430546296834,ukraine-de,True,True,False,False,False,False,False,False,False,False,2022-12-02 15:07:19.432710+00:00,2022-12-02 15:07:19.432710+00:00
1598630457406590976,ukraine-de,True,True,False,False,False,False,False,False,False,False,2022-12-02 15:07:19.432608+00:00,2022-12-02 15:07:19.432608+00:00
1598630466839490560,ukraine-de,True,True,False,False,False,False,False,False,False,False,2022-12-02 15:07:19.432505+00:00,2022-12-02 15:07:19.432505+00:00
1598630472803827713,ukraine-de,True,True,False,False,False,False,False,False,False,False,2022-12-02 15:07:19.432403+00:00,2022-12-02 15:07:19.432403+00:00
1598630479217000450,ukraine-de,True,True,False,False,False,False,False,False,False,False,2022-12-02 15:07:19.432277+00:00,2022-12-02 15:07:19.432277+00:00
1598630500989558784,ukraine-de,True,True,False,False,False,False,False,False,False,False,2022-12-02 15:07:19.432175+00:00,2022-12-02 15:07:19.432175+00:00
1598630504982618112,ukraine-de,True,True,False,False,False,False,False,False,False,False,2022-12-02 15:07:19.432074+00:00,2022-12-02 15:07:19.432074+00:00
1598630507855724545,ukraine-de,True,True,False,False,False,False,False,False,False,False,2022-12-02 15:07:19.431970+00:00,2022-12-02 15:07:19.431970+00:00
1598630516072251392,ukraine-de,True,True,False,False,False,False,False,False,False,False,2022-12-02 15:07:19.431867+00:00,2022-12-02 15:07:19.431867+00:00
1598630524293087239,ukraine-de,True,True,False,False,False,False,False,False,False,False,2022-12-02 15:07:19.431733+00:00,2022-12-02 15:07:19.431733+00:00
1598630578198233088,ukraine-de,True,True,False,False,False,False,False,False,False,False,2022-12-02 15:07:19.431398+00:00,2022-12-02 15:07:19.431398+00:00
1598630581230632965,ukraine-de,True,True,False,False,False,False,False,False,False,False,2022-12-02 15:07:19.431284+00:00,2022-12-02 15:07:19.431284+00:00
1598630596095447042,ukraine-de,True,True,False,False,False,False,False,False,False,False,2022-12-02 15:07:19.431185+00:00,2022-12-02 15:07:19.431185+00:00
1598630625434603523,ukraine-de,True,False,False,False,False,False,False,False,False,False,2022-12-02 15:07:19.455013+00:00,2022-12-02 15:07:19.455013+00:00
1598630635610021889,ukraine-de,True,True,False,False,False,False,False,False,False,False,2022-12-02 15:07:19.431069+00:00,2022-12-02 15:07:19.431069+00:00
1598630642161434624,ukraine-de,True,True,False,False,False,False,False,False,False,False,2022-12-02 15:07:19.430970+00:00,2022-12-02 15:07:19.430970+00:00
1598630656711475200,ukraine-de,True,True,False,False,False,False,False,False,False,False,2022-12-02 15:07:19.430853+00:00,2022-12-02 15:07:19.430853+00:00
1598630671727181825,ukraine-de,True,True,False,False,False,False,False,False,False,False,2022-12-02 15:07:19.430745+00:00,2022-12-02 15:07:19.430745+00:00
1598630680371818496,ukraine-de,True,True,False,False,False,False,False,False,False,False,2022-12-02 15:07:19.430646+00:00,2022-12-02 15:07:19.430646+00:00
1598630702857486336,ukraine-de,True,True,False,False,False,False,False,False,False,False,2022-12-02 15:07:19.430546+00:00,2022-12-02 15:07:19.430546+00:00
1598630708372815873,ukraine-de,True,True,False,False,False,False,False,False,False,False,2022-12-02 15:07:19.430427+00:00,2022-12-02 15:07:19.430427+00:00
1598630722054619137,ukraine-de,True,False,False,False,False,False,False,False,False,False,2022-12-02 15:07:19.462377+00:00,2022-12-02 15:07:19.462377+00:00
1598630736571023360,ukraine-de,True,True,False,False,False,False,False,False,False,False,2022-12-02 15:07:19.430327+00:00,2022-12-02 15:07:19.430327+00:00
1598630744514957312,ukraine-de,True,True,False,False,False,False,False,False,False,False,2022-12-02 15:07:19.430227+00:00,2022-12-02 15:07:19.430227+00:00
1598630761870946304,ukraine-de,True,True,False,False,False,False,False,False,False,False,2022-12-02 15:07:19.430128+00:00,2022-12-02 15:07:19.430128+00:00
1598630765889200131,ukraine-de,True,True,False,False,False,False,False,False,False,False,2022-12-02 15:07:19.430028+00:00,2022-12-02 15:07:19.430028+00:00
1598630773480988672,ukraine-de,True,True,False,False,False,False,False,False,False,False,2022-12-02 15:07:19.429928+00:00,2022-12-02 15:07:19.429928+00:00
1598630788437868545,ukraine-de,True,True,False,False,False,False,False,False,False,False,2022-12-02 15:07:19.429829+00:00,2022-12-02 15:07:19.429829+00:00
1598630798101544961,ukraine-de,True,True,False,False,False,False,False,False,False,False,2022-12-02 15:07:19.429727+00:00,2022-12-02 15:07:19.429727+00:00
1598630806980677632,ukraine-de,True,True,False,False,False,False,False,False,False,False,2022-12-02 15:07:19.429625+00:00,2022-12-02 15:07:19.429625+00:00
1598630878921592834,ukraine-de,True,True,False,False,False,False,False,False,False,False,2022-12-02 15:07:19.429508+00:00,2022-12-02 15:07:19.429508+00:00
1598630904678809603,ukraine-de,True,True,False,False,False,False,False,False,False,False,2022-12-02 15:07:19.429407+00:00,2022-12-02 15:07:19.429407+00:00
1598630906205437955,ukraine-de,True,True,False,False,False,False,False,False,False,False,2022-12-02 15:07:19.429307+00:00,2022-12-02 15:07:19.429307+00:00
1598630910643126275,ukraine-de,True,True,False,False,False,False,False,False,False,False,2022-12-02 15:07:19.429191+00:00,2022-12-02 15:07:19.429191+00:00
1598630923121164289,ukraine-de,True,True,False,False,False,False,False,False,False,False,2022-12-02 15:01:30.391024+00:00,2022-12-02 15:07:19.429091+00:00
1598630923414683648,ukraine-de,True,True,False,False,False,False,False,False,False,False,2022-12-02 15:07:19.428974+00:00,2022-12-02 15:07:19.428974+00:00
1598630929244618752,ukraine-de,True,True,False,False,False,False,False,False,False,False,2022-12-02 15:07:19.428874+00:00,2022-12-02 15:07:19.428874+00:00
1598630945187397632,ukraine-de,True,True,False,False,False,False,False,False,False,False,2022-12-02 15:07:19.428771+00:00,2022-12-02 15:07:19.428771+00:00
1598630958877396993,ukraine-de,True,False,False,False,False,False,False,False,False,False,2022-12-02 15:05:39.928680+00:00,2022-12-02 15:05:39.928680+00:00
1598630960496451586,ukraine-de,True,True,False,False,False,False,False,False,False,False,2022-12-02 15:07:19.428651+00:00,2022-12-02 15:07:19.428651+00:00
1598630963742924803,ukraine-de,True,True,False,False,False,False,False,False,False,False,2022-12-02 15:07:19.428548+00:00,2022-12-02 15:07:19.428548+00:00
1598631008349278208,ukraine-de,True,True,False,False,False,False,False,False,False,False,2022-12-02 15:07:19.428432+00:00,2022-12-02 15:07:19.428432+00:00
1598631016167530504,ukraine-de,True,True,False,False,False,False,False,False,False,False,2022-12-02 15:07:19.428329+00:00,2022-12-02 15:07:19.428329+00:00
1598631025244094464,ukraine-de,True,True,False,False,False,False,False,False,False,False,2022-12-02 15:07:19.428225+00:00,2022-12-02 15:07:19.428225+00:00
1598631025726267392,ukraine-de,True,False,False,False,False,False,False,False,False,False,2022-12-02 15:07:19.461301+00:00,2022-12-02 15:07:19.461301+00:00
1598631026959556608,ukraine-de,True,False,False,False,False,False,False,False,False,False,2022-12-02 15:07:19.461504+00:00,2022-12-02 15:07:19.461504+00:00
1598631028670595072,ukraine-de,True,True,False,False,False,False,False,False,False,False,2022-12-02 15:07:19.428102+00:00,2022-12-02 15:07:19.428102+00:00
1598631029081792512,ukraine-de,True,True,False,False,False,False,False,False,False,False,2022-12-02 15:07:19.428003+00:00,2022-12-02 15:07:19.428003+00:00
1598631038737055746,ukraine-de,True,True,False,False,False,False,False,False,False,False,2022-12-02 15:07:19.427903+00:00,2022-12-02 15:07:19.427903+00:00
1598631048925089796,ukraine-de,True,True,False,False,False,False,False,False,False,False,2022-12-02 15:07:19.427794+00:00,2022-12-02 15:07:19.427794+00:00
1598631066830503937,ukraine-de,True,True,False,False,False,False,False,False,False,False,2022-12-02 15:07:19.427612+00:00,2022-12-02 15:07:19.427612+00:00
1598631082672406529,ukraine-de,True,True,False,False,False,False,False,False,False,False,2022-12-02 15:07:19.427513+00:00,2022-12-02 15:07:19.427513+00:00
1598631123093004289,ukraine-de,True,True,False,False,False,False,False,False,False,False,2022-12-02 15:07:19.427412+00:00,2022-12-02 15:07:19.427412+00:00
1598631136527544320,ukraine-de,True,True,False,False,False,False,False,False,False,False,2022-12-02 15:07:19.427312+00:00,2022-12-02 15:07:19.427312+00:00
1598631152289464326,ukraine-de,True,False,False,False,False,False,False,False,False,False,2022-12-02 19:50:36.516457+00:00,2022-12-02 19:50:36.516457+00:00
1598631155858710528,ukraine-de,True,True,False,False,False,False,False,False,False,False,2022-12-02 15:07:19.427205+00:00,2022-12-02 15:07:19.427205+00:00
1598631179560812544,ukraine-de,True,True,False,False,False,False,False,False,False,False,2022-12-02 15:07:19.427106+00:00,2022-12-02 15:07:19.427106+00:00
1598631180961718272,ukraine-de,True,True,False,False,False,False,False,False,False,False,2022-12-02 15:07:19.427006+00:00,2022-12-02 15:07:19.427006+00:00
1598631180982636544,ukraine-de,True,True,False,False,False,False,False,False,False,False,2022-12-02 15:07:19.426907+00:00,2022-12-02 15:07:19.426907+00:00
1598631221101314050,ukraine-de,True,True,False,False,False,False,False,False,False,False,2022-12-02 15:07:19.426809+00:00,2022-12-02 15:07:19.426809+00:00
1598631225832382465,ukraine-de,True,True,False,False,False,False,False,False,False,False,2022-12-02 15:07:19.426709+00:00,2022-12-02 15:07:19.426709+00:00
1598631239908368385,ukraine-de,True,True,False,False,False,False,False,False,False,False,2022-12-02 15:04:13.027315+00:00,2022-12-02 15:07:19.426610+00:00
1598631242420801536,ukraine-de,True,False,False,False,False,False,False,False,False,False,2022-12-02 19:50:27.687035+00:00,2022-12-02 19:50:27.687035+00:00
1598631243322728449,ukraine-de,True,True,False,False,False,False,False,False,False,False,2022-12-02 15:07:19.426502+00:00,2022-12-02 15:07:19.426502+00:00
1598631253053476865,ukraine-de,True,False,False,False,False,False,False,False,False,False,2022-12-03 11:05:50.191817+00:00,2022-12-03 11:05:50.191817+00:00
1598631268446392320,ukraine-de,True,True,False,False,False,False,False,False,False,False,2022-12-02 15:07:19.426387+00:00,2022-12-02 15:07:19.426387+00:00
1598631273085521920,ukraine-de,True,True,False,False,False,False,False,False,False,False,2022-12-02 15:07:19.426288+00:00,2022-12-02 15:07:19.426288+00:00
1598631279951577093,ukraine-de,True,True,False,False,False,False,False,False,False,False,2022-12-02 15:07:19.426188+00:00,2022-12-02 15:07:19.426188+00:00
1598631283189489664,ukraine-de,True,True,False,False,False,False,False,False,False,False,2022-12-02 15:07:19.426087+00:00,2022-12-02 15:07:19.426087+00:00
1598631284716224513,ukraine-de,True,True,False,False,False,False,False,False,False,False,2022-12-02 15:07:19.425988+00:00,2022-12-02 15:07:19.425988+00:00
1598631295118196738,ukraine-de,True,True,False,False,False,False,False,False,False,False,2022-12-02 15:07:19.425888+00:00,2022-12-02 15:07:19.425888+00:00
1598631344090882048,ukraine-de,True,True,False,False,False,False,False,False,False,False,2022-12-02 15:07:19.425788+00:00,2022-12-02 15:07:19.425788+00:00
1598631349807562752,ukraine-de,True,True,False,False,False,False,False,False,False,False,2022-12-02 15:07:19.425685+00:00,2022-12-02 15:07:19.425685+00:00
1598631352437379072,ukraine-de,True,True,False,False,False,False,False,False,False,False,2022-12-02 15:07:19.425557+00:00,2022-12-02 15:07:19.425557+00:00
1598631354618580992,ukraine-de,True,True,False,False,False,False,False,False,False,False,2022-12-02 15:07:19.425459+00:00,2022-12-02 15:07:19.425459+00:00
1598631376181305344,ukraine-de,True,True,False,False,False,False,False,False,False,False,2022-12-02 15:07:19.425360+00:00,2022-12-02 15:07:19.425360+00:00
1598631400332300290,ukraine-de,True,True,False,False,False,False,False,False,False,False,2022-12-02 15:07:19.425262+00:00,2022-12-02 15:07:19.425262+00:00
1598631408104153088,ukraine-de,True,True,False,False,False,False,False,False,False,False,2022-12-02 15:07:19.425163+00:00,2022-12-02 15:07:19.425163+00:00
1598631412416102400,ukraine-de,True,True,False,False,False,False,False,False,False,False,2022-12-02 15:07:19.425064+00:00,2022-12-02 15:07:19.425064+00:00
1598631417033895936,ukraine-de,True,True,False,False,False,False,False,False,False,False,2022-12-02 15:07:19.424942+00:00,2022-12-02 15:07:19.424942+00:00
1598631426378895360,ukraine-de,True,True,False,False,False,False,False,False,False,False,2022-12-02 15:07:19.424813+00:00,2022-12-02 15:07:19.424813+00:00
1598631433223999488,ukraine-de,True,True,False,False,False,False,False,False,False,False,2022-12-02 15:07:19.424713+00:00,2022-12-02 15:07:19.424713+00:00
1598631443806273536,ukraine-de,True,True,False,False,False,False,False,False,False,False,2022-12-02 15:07:19.424612+00:00,2022-12-02 15:07:19.424612+00:00
1598631452656254976,ukraine-de,True,True,False,False,False,False,False,False,False,False,2022-12-02 15:07:19.424510+00:00,2022-12-02 15:07:19.424510+00:00
1598631458352005122,ukraine-de,True,True,False,False,False,False,False,False,False,False,2022-12-02 15:07:19.424402+00:00,2022-12-02 15:07:19.424402+00:00
1598631473619341313,ukraine-de,True,True,False,False,False,False,False,False,False,False,2022-12-02 15:07:19.424302+00:00,2022-12-02 15:07:19.424302+00:00
1598631497052864513,ukraine-de,True,True,False,False,False,False,False,False,False,False,2022-12-02 15:07:19.424203+00:00,2022-12-02 15:07:19.424203+00:00
1598631516774359041,ukraine-de,True,True,False,False,False,False,False,False,False,False,2022-12-02 15:07:19.424102+00:00,2022-12-02 15:07:19.424102+00:00
1598631557119483905,ukraine-de,True,True,False,False,False,False,False,False,False,False,2022-12-02 15:07:19.424001+00:00,2022-12-02 15:07:19.424001+00:00
1598631557677416448,ukraine-de,True,True,False,False,False,False,False,False,False,False,2022-12-02 15:07:19.423899+00:00,2022-12-02 15:07:19.423899+00:00
1598631563398373377,ukraine-de,True,True,False,False,False,False,False,False,False,False,2022-12-02 15:07:19.423795+00:00,2022-12-02 15:07:19.423795+00:00
1598631594260140035,ukraine-de,True,True,False,False,False,False,False,False,False,False,2022-12-02 15:07:19.423586+00:00,2022-12-02 15:07:19.423586+00:00
1598631604590546944,ukraine-de,True,True,False,False,False,False,False,False,False,False,2022-12-02 15:07:19.423472+00:00,2022-12-02 15:07:19.423472+00:00
1598631671275872258,ukraine-de,True,True,False,False,False,False,False,False,False,False,2022-12-02 15:07:19.423235+00:00,2022-12-02 15:07:19.423235+00:00
1598631680885116928,ukraine-de,True,True,False,False,False,False,False,False,False,False,2022-12-02 15:07:19.423136+00:00,2022-12-02 15:07:19.423136+00:00
1598631687247699969,ukraine-de,True,True,False,False,False,False,False,False,False,False,2022-12-02 15:07:19.423037+00:00,2022-12-02 15:07:19.423037+00:00
1598631691161145344,ukraine-de,True,True,False,False,False,False,False,False,False,False,2022-12-02 15:07:19.422937+00:00,2022-12-02 15:07:19.422937+00:00
1598631695950938117,ukraine-de,True,True,False,False,False,False,False,False,False,False,2022-12-02 15:07:19.422836+00:00,2022-12-02 15:07:19.422836+00:00
1598631701328105472,ukraine-de,True,True,False,False,False,False,False,False,False,False,2022-12-02 15:07:19.422737+00:00,2022-12-02 15:07:19.422737+00:00
1598631708307251200,ukraine-de,True,True,False,False,False,False,False,False,False,False,2022-12-02 15:07:19.422635+00:00,2022-12-02 15:07:19.422635+00:00
1598631756076400641,ukraine-de,True,True,False,False,False,False,False,False,False,False,2022-12-02 15:07:19.422535+00:00,2022-12-02 15:07:19.422535+00:00
1598631758689443840,ukraine-de,True,True,False,False,False,False,False,False,False,False,2022-12-02 15:07:19.422430+00:00,2022-12-02 15:07:19.422430+00:00
1598631768969576449,ukraine-de,True,True,False,False,False,False,False,False,False,False,2022-12-02 15:07:19.422296+00:00,2022-12-02 15:07:19.422296+00:00
1598631796312313856,ukraine-de,True,False,False,False,False,False,False,False,False,False,2022-12-02 15:01:05.634662+00:00,2022-12-02 15:01:05.634662+00:00
1598631805237837825,ukraine-de,True,True,False,False,False,False,False,False,False,False,2022-12-02 15:07:19.422194+00:00,2022-12-02 15:07:19.422194+00:00
1598631813152489473,ukraine-de,True,True,False,False,False,False,False,False,False,False,2022-12-02 15:07:19.422090+00:00,2022-12-02 15:07:19.422090+00:00
1598631832706289665,ukraine-de,True,True,False,False,False,False,False,False,False,False,2022-12-02 15:07:19.421981+00:00,2022-12-02 15:07:19.421981+00:00
1598631841711398912,ukraine-de,True,True,False,False,False,False,False,False,False,False,2022-12-02 15:07:19.421810+00:00,2022-12-02 15:07:19.421810+00:00
1598631866797641729,ukraine-de,True,True,False,False,False,False,False,False,False,False,2022-12-02 15:07:19.421536+00:00,2022-12-02 15:07:19.421536+00:00
1598631867871379456,ukraine-de,True,True,False,False,False,False,False,False,False,False,2022-12-02 15:07:19.421418+00:00,2022-12-02 15:07:19.421418+00:00
1598631880449892352,ukraine-de,True,True,False,False,False,False,False,False,False,False,2022-12-02 15:07:19.421319+00:00,2022-12-02 15:07:19.421319+00:00
1598631895184515072,ukraine-de,True,True,False,False,False,False,False,False,False,False,2022-12-02 15:07:19.421220+00:00,2022-12-02 15:07:19.421220+00:00
1598631910262984705,ukraine-de,True,True,False,False,False,False,False,False,False,False,2022-12-02 15:07:19.421121+00:00,2022-12-02 15:07:19.421121+00:00
1598631920912433153,ukraine-de,True,True,False,False,False,False,False,False,False,False,2022-12-02 15:07:19.421021+00:00,2022-12-02 15:07:19.421021+00:00
1598631934065795073,ukraine-de,True,True,False,False,False,False,False,False,False,False,2022-12-02 15:07:19.420920+00:00,2022-12-02 15:07:19.420920+00:00
1598632010922065920,ukraine-de,True,True,False,False,False,False,False,False,False,False,2022-12-02 15:07:19.420821+00:00,2022-12-02 15:07:19.420821+00:00
1598632054656159744,ukraine-de,True,True,False,False,False,False,False,False,False,False,2022-12-02 15:07:19.420720+00:00,2022-12-02 15:07:19.420720+00:00
1598632064810569729,ukraine-de,True,True,False,False,False,False,False,False,False,False,2022-12-02 15:07:19.420617+00:00,2022-12-02 15:07:19.420617+00:00
1598632078995693568,ukraine-de,True,True,False,False,False,False,False,False,False,False,2022-12-02 15:07:19.420492+00:00,2022-12-02 15:07:19.420492+00:00
1598632080610566145,ukraine-de,True,True,False,False,False,False,False,False,False,False,2022-12-02 15:07:19.420393+00:00,2022-12-02 15:07:19.420393+00:00
1598632112852291588,ukraine-de,True,True,False,False,False,False,False,False,False,False,2022-12-02 15:07:19.420291+00:00,2022-12-02 15:07:19.420291+00:00
1598632132418670592,ukraine-de,True,True,False,False,False,False,False,False,False,False,2022-12-02 15:07:19.420063+00:00,2022-12-02 15:07:19.420063+00:00
1598632149133017089,ukraine-de,True,True,False,False,False,False,False,False,False,False,2022-12-02 15:07:19.419962+00:00,2022-12-02 15:07:19.419962+00:00
1598632179075981312,ukraine-de,True,True,False,False,False,False,False,False,False,False,2022-12-02 15:07:19.419861+00:00,2022-12-02 15:07:19.419861+00:00
1598632217886052353,ukraine-de,True,True,False,False,False,False,False,False,False,False,2022-12-02 15:07:19.419761+00:00,2022-12-02 15:07:19.419761+00:00
1598632218930421761,ukraine-de,True,True,False,False,False,False,False,False,False,False,2022-12-02 15:07:19.419659+00:00,2022-12-02 15:07:19.419659+00:00
1598632247523000322,ukraine-de,True,True,False,False,False,False,False,False,False,False,2022-12-02 15:07:19.419544+00:00,2022-12-02 15:07:19.419544+00:00
1598632261712113664,ukraine-de,True,False,False,False,False,False,False,False,False,False,2022-12-02 15:07:19.458059+00:00,2022-12-02 15:07:19.458059+00:00
1598632263763238917,ukraine-de,True,True,False,False,False,False,False,False,False,False,2022-12-02 15:07:19.419443+00:00,2022-12-02 15:07:19.419443+00:00
1598632264706949121,ukraine-de,True,True,False,False,False,False,False,False,False,False,2022-12-02 15:07:19.419341+00:00,2022-12-02 15:07:19.419341+00:00
1598632267533910017,ukraine-de,True,False,False,False,False,False,False,False,False,False,2022-12-02 15:07:19.457962+00:00,2022-12-02 15:07:19.457962+00:00
1598632271422328834,ukraine-de,True,True,False,False,False,False,False,False,False,False,2022-12-02 15:07:19.419230+00:00,2022-12-02 15:07:19.419230+00:00
1598632294402740226,ukraine-de,True,True,False,False,False,False,False,False,False,False,2022-12-02 15:07:19.419127+00:00,2022-12-02 15:07:19.419127+00:00
1598632325977358337,ukraine-de,True,True,False,False,False,False,False,False,False,False,2022-12-02 15:07:19.418937+00:00,2022-12-02 15:07:19.418937+00:00
1598632338404954113,ukraine-de,True,True,False,False,False,False,False,False,False,False,2022-12-02 15:07:19.418833+00:00,2022-12-02 15:07:19.418833+00:00
1598632339046735873,ukraine-de,True,True,False,False,False,False,False,False,False,False,2022-12-02 15:05:53.778420+00:00,2022-12-02 15:07:19.418719+00:00
1598632353210974209,ukraine-de,True,True,False,False,False,False,False,False,False,False,2022-12-02 15:07:19.418606+00:00,2022-12-02 15:07:19.418606+00:00
1598632355505111041,ukraine-de,True,True,False,False,False,False,False,False,False,False,2022-12-02 15:07:19.418489+00:00,2022-12-02 15:07:19.418489+00:00
1598632386849292291,ukraine-de,True,True,False,False,False,False,False,False,False,False,2022-12-02 15:07:19.418387+00:00,2022-12-02 15:07:19.418387+00:00
1598632397372887040,ukraine-de,True,True,False,False,False,False,False,False,False,False,2022-12-02 15:07:19.418283+00:00,2022-12-02 15:07:19.418283+00:00
1598632412229111808,ukraine-de,True,True,False,False,False,False,False,False,False,False,2022-12-02 15:07:19.418166+00:00,2022-12-02 15:07:19.418166+00:00
1598632428507205632,ukraine-de,True,True,False,False,False,False,False,False,False,False,2022-12-02 15:07:19.418064+00:00,2022-12-02 15:07:19.418064+00:00
1598632431799648258,ukraine-de,True,False,False,False,False,False,False,False,False,False,2022-12-02 19:50:17.506112+00:00,2022-12-02 19:50:17.506112+00:00
1598632476586389506,ukraine-de,True,True,False,False,False,False,False,False,False,False,2022-12-02 15:07:19.417951+00:00,2022-12-02 15:07:19.417951+00:00
1598632496781873152,ukraine-de,True,False,False,False,False,False,False,False,False,False,2022-12-02 22:35:17.193715+00:00,2022-12-02 22:35:17.193715+00:00
1598632506659676160,ukraine-de,True,False,False,False,False,False,False,False,False,False,2022-12-02 15:07:19.446651+00:00,2022-12-02 15:07:19.446651+00:00
1598632510237335553,ukraine-de,True,True,False,False,False,False,False,False,False,False,2022-12-02 15:07:19.417779+00:00,2022-12-02 15:07:19.417779+00:00
1598632518265208839,ukraine-de,True,True,False,False,False,False,False,False,False,False,2022-12-02 15:07:19.417679+00:00,2022-12-02 15:07:19.417679+00:00
1598632547906363392,ukraine-de,True,True,False,False,False,False,False,False,False,False,2022-12-02 15:07:19.417555+00:00,2022-12-02 15:07:19.417555+00:00
1598632558975123456,ukraine-de,True,True,False,False,False,False,False,False,False,False,2022-12-02 15:07:19.417454+00:00,2022-12-02 15:07:19.417454+00:00
1598632582836527104,ukraine-de,True,True,False,False,False,False,False,False,False,False,2022-12-02 15:07:19.417354+00:00,2022-12-02 15:07:19.417354+00:00
1598632583037853697,ukraine-de,True,True,False,False,False,False,False,False,False,False,2022-12-02 15:07:19.417246+00:00,2022-12-02 15:07:19.417246+00:00
1598632598594617344,ukraine-de,True,True,False,False,False,False,False,False,False,False,2022-12-02 15:07:19.417144+00:00,2022-12-02 15:07:19.417144+00:00
1598632603568857088,ukraine-de,True,True,False,False,False,False,False,False,False,False,2022-12-02 15:07:19.417028+00:00,2022-12-02 15:07:19.417028+00:00
1598632620602150912,ukraine-de,True,True,False,False,False,False,False,False,False,False,2022-12-02 15:07:19.416925+00:00,2022-12-02 15:07:19.416925+00:00
1598632635785302016,ukraine-de,True,True,False,False,False,False,False,False,False,False,2022-12-02 15:07:19.416810+00:00,2022-12-02 15:07:19.416810+00:00
1598632674188460038,ukraine-de,True,True,False,False,False,False,False,False,False,False,2022-12-02 15:07:19.416711+00:00,2022-12-02 15:07:19.416711+00:00
1598632712482463746,ukraine-de,True,False,False,False,False,False,False,False,False,False,2022-12-02 15:07:19.455542+00:00,2022-12-02 15:07:19.455542+00:00
1598632712750997504,ukraine-de,True,True,False,False,False,False,False,False,False,False,2022-12-02 15:07:19.416602+00:00,2022-12-02 15:07:19.416602+00:00
1598632712847458306,ukraine-de,True,True,False,False,False,False,False,False,False,False,2022-12-02 15:07:19.416502+00:00,2022-12-02 15:07:19.416502+00:00
1598632716584603652,ukraine-de,True,True,False,False,False,False,False,False,False,False,2022-12-02 15:07:19.416401+00:00,2022-12-02 15:07:19.416401+00:00
1598632718706700289,ukraine-de,True,True,False,False,False,False,False,False,False,False,2022-12-02 15:07:19.416299+00:00,2022-12-02 15:07:19.416299+00:00
1598632733185658880,ukraine-de,True,True,False,False,False,False,False,False,False,False,2022-12-02 15:07:19.416199+00:00,2022-12-02 15:07:19.416199+00:00
1598632830094958592,ukraine-de,True,True,False,False,False,False,False,False,False,False,2022-12-02 15:07:19.416080+00:00,2022-12-02 15:07:19.416080+00:00
1598632844368269312,ukraine-de,True,False,False,False,False,False,False,False,False,False,2022-12-02 15:07:19.447794+00:00,2022-12-02 15:07:19.447794+00:00
1598632848134651905,ukraine-de,True,True,False,False,False,False,False,False,False,False,2022-12-02 15:07:19.415979+00:00,2022-12-02 15:07:19.415979+00:00
1598632862894399490,ukraine-de,True,True,False,False,False,False,False,False,False,False,2022-12-02 15:07:19.415866+00:00,2022-12-02 15:07:19.415866+00:00
1598632865616564224,ukraine-de,True,True,False,False,False,False,False,False,False,False,2022-12-02 15:07:19.415753+00:00,2022-12-02 15:07:19.415753+00:00
1598632887070384128,ukraine-de,True,True,False,False,False,False,False,False,False,False,2022-12-02 15:07:19.415653+00:00,2022-12-02 15:07:19.415653+00:00
1598632925175521280,ukraine-de,True,True,False,False,False,False,False,False,False,False,2022-12-02 15:04:30.420307+00:00,2022-12-02 15:07:19.415553+00:00
1598632928061394945,ukraine-de,True,True,False,False,False,False,False,False,False,False,2022-12-02 15:07:19.415454+00:00,2022-12-02 15:07:19.415454+00:00
1598632947070164993,ukraine-de,True,True,False,False,False,False,False,False,False,False,2022-12-02 15:07:19.415352+00:00,2022-12-02 15:07:19.415352+00:00
1598632995199623168,ukraine-de,True,True,False,False,False,False,False,False,False,False,2022-12-02 15:07:19.415240+00:00,2022-12-02 15:07:19.415240+00:00
1598633056847495168,ukraine-de,True,True,False,False,False,False,False,False,False,False,2022-12-02 15:07:19.415140+00:00,2022-12-02 15:07:19.415140+00:00
1598633074476007425,ukraine-de,True,False,False,False,False,False,False,False,False,False,2022-12-02 15:07:19.447907+00:00,2022-12-02 15:07:19.447907+00:00
1598633081681973248,ukraine-de,True,True,False,False,False,False,False,False,False,False,2022-12-02 15:07:19.415031+00:00,2022-12-02 15:07:19.415031+00:00
1598633128192614405,ukraine-de,True,False,False,False,False,False,False,False,False,False,2022-12-03 11:05:57.670058+00:00,2022-12-03 11:05:57.670058+00:00
1598633131464179712,ukraine-de,True,True,False,False,False,False,False,False,False,False,2022-12-02 15:07:19.414896+00:00,2022-12-02 15:07:19.414896+00:00
1598633146911793155,ukraine-de,True,True,False,False,False,False,False,False,False,False,2022-12-02 15:07:19.414795+00:00,2022-12-02 15:07:19.414795+00:00
1598633158555082753,ukraine-de,True,True,False,False,False,False,False,False,False,False,2022-12-02 15:07:19.414668+00:00,2022-12-02 15:07:19.414668+00:00
1598633197956382720,ukraine-de,True,True,False,False,False,False,False,False,False,False,2022-12-02 15:07:19.414553+00:00,2022-12-02 15:07:19.414553+00:00
1598633208303833091,ukraine-de,True,True,False,False,False,False,False,False,False,False,2022-12-02 15:01:05.633169+00:00,2022-12-02 15:07:19.414434+00:00
1598633232412680194,ukraine-de,True,True,False,False,False,False,False,False,False,False,2022-12-02 15:04:30.440611+00:00,2022-12-02 15:07:19.414318+00:00
1598633237588361216,ukraine-de,True,True,False,False,False,False,False,False,False,False,2022-12-02 15:07:19.414219+00:00,2022-12-02 15:07:19.414219+00:00
1598633253002354688,ukraine-de,True,True,False,False,False,False,False,False,False,False,2022-12-02 15:07:19.414119+00:00,2022-12-02 15:07:19.414119+00:00
1598633285986426880,ukraine-de,True,True,False,False,False,False,False,False,False,False,2022-12-02 15:07:19.414018+00:00,2022-12-02 15:07:19.414018+00:00
1598633287521550336,ukraine-de,True,True,False,False,False,False,False,False,False,False,2022-12-02 15:07:19.413838+00:00,2022-12-02 15:07:19.413838+00:00
1598633340759953408,ukraine-de,True,True,False,False,False,False,False,False,False,False,2022-12-02 15:07:19.413731+00:00,2022-12-02 15:07:19.413731+00:00
1598633406958551043,ukraine-de,True,True,False,False,False,False,False,False,False,False,2022-12-02 15:07:19.413624+00:00,2022-12-02 15:07:19.413624+00:00
1598633529918853122,ukraine-de,True,False,False,False,False,False,False,False,False,False,2022-12-02 15:07:19.449190+00:00,2022-12-02 15:07:19.449190+00:00
1598633530157944832,ukraine-de,True,True,False,False,False,False,False,False,False,False,2022-12-02 15:07:19.413500+00:00,2022-12-02 15:07:19.413500+00:00
1598633557114568704,ukraine-de,True,True,False,False,False,False,False,False,False,False,2022-12-02 15:07:19.413383+00:00,2022-12-02 15:07:19.413383+00:00
1598633557890588672,ukraine-de,True,True,False,False,False,False,False,False,False,False,2022-12-02 15:07:19.413286+00:00,2022-12-02 15:07:19.413286+00:00
1598633560357089280,ukraine-de,True,True,False,False,False,False,False,False,False,False,2022-12-02 15:07:19.413175+00:00,2022-12-02 15:07:19.413175+00:00
1598633564295335936,ukraine-de,True,False,False,False,False,False,False,False,False,False,2022-12-02 15:07:19.451762+00:00,2022-12-02 15:07:19.451762+00:00
1598633583463186432,ukraine-de,True,True,False,False,False,False,False,False,False,False,2022-12-02 15:07:19.413056+00:00,2022-12-02 15:07:19.413056+00:00
1598633589528207362,ukraine-de,True,True,False,False,False,False,False,False,False,False,2022-12-02 15:07:19.412940+00:00,2022-12-02 15:07:19.412940+00:00
1598633596276723712,ukraine-de,True,True,False,False,False,False,False,False,False,False,2022-12-02 15:07:19.412812+00:00,2022-12-02 15:07:19.412812+00:00
1598633607920320512,ukraine-de,True,True,False,False,False,False,False,False,False,False,2022-12-02 15:07:19.412713+00:00,2022-12-02 15:07:19.412713+00:00
1598633614417313793,ukraine-de,True,False,False,False,False,False,False,False,False,False,2022-12-02 15:07:19.447388+00:00,2022-12-02 15:07:19.447388+00:00
1598633627365040129,ukraine-de,True,True,False,False,False,False,False,False,False,False,2022-12-02 15:07:19.412604+00:00,2022-12-02 15:07:19.412604+00:00
1598633629625643009,ukraine-de,True,True,False,False,False,False,False,False,False,False,2022-12-02 15:07:19.412494+00:00,2022-12-02 15:07:19.412494+00:00
1598633648328413184,ukraine-de,True,True,False,False,False,False,False,False,False,False,2022-12-02 15:07:19.412390+00:00,2022-12-02 15:07:19.412390+00:00
1598633655530033152,ukraine-de,True,True,False,False,False,False,False,False,False,False,2022-12-02 15:07:19.412255+00:00,2022-12-02 15:07:19.412255+00:00
1598633678007066626,ukraine-de,True,True,False,False,False,False,False,False,False,False,2022-12-02 15:07:19.412152+00:00,2022-12-02 15:07:19.412152+00:00
1598633691143610368,ukraine-de,True,True,False,False,False,False,False,False,False,False,2022-12-02 15:07:19.412032+00:00,2022-12-02 15:07:19.412032+00:00
1598633705664299008,ukraine-de,True,True,False,False,False,False,False,False,False,False,2022-12-02 15:07:19.411931+00:00,2022-12-02 15:07:19.411931+00:00
1598633722722525185,ukraine-de,True,False,False,False,False,False,False,False,False,False,2022-12-02 15:07:19.444538+00:00,2022-12-02 15:07:19.444538+00:00
1598633723162943490,ukraine-de,True,True,False,False,False,False,False,False,False,False,2022-12-02 15:07:19.411831+00:00,2022-12-02 15:07:19.411831+00:00
1598633733141192704,ukraine-de,True,True,False,False,False,False,False,False,False,False,2022-12-02 15:07:19.411732+00:00,2022-12-02 15:07:19.411732+00:00
1598633742515535872,ukraine-de,True,True,False,False,False,False,False,False,False,False,2022-12-02 15:07:19.411633+00:00,2022-12-02 15:07:19.411633+00:00
1598633769308631041,ukraine-de,True,True,False,False,False,False,False,False,False,False,2022-12-02 15:07:19.411535+00:00,2022-12-02 15:07:19.411535+00:00
1598633772219367424,ukraine-de,True,True,False,False,False,False,False,False,False,False,2022-12-02 15:07:19.411435+00:00,2022-12-02 15:07:19.411435+00:00
1598633778674601984,ukraine-de,True,True,False,False,False,False,False,False,False,False,2022-12-02 15:07:19.411333+00:00,2022-12-02 15:07:19.411333+00:00
1598633779425337346,ukraine-de,True,True,False,False,False,False,False,False,False,False,2022-12-02 15:07:19.411220+00:00,2022-12-02 15:07:19.411220+00:00
1598633779916001280,ukraine-de,True,True,False,False,False,False,False,False,False,False,2022-12-02 15:07:19.411117+00:00,2022-12-02 15:07:19.411117+00:00
1598633786920550401,ukraine-de,True,True,False,False,False,False,False,False,False,False,2022-12-02 15:07:19.411006+00:00,2022-12-02 15:07:19.411006+00:00
1598633799079890945,ukraine-de,True,True,False,False,False,False,False,False,False,False,2022-12-02 15:07:19.410845+00:00,2022-12-02 15:07:19.410845+00:00
1598633814833606657,ukraine-de,True,True,False,False,False,False,False,False,False,False,2022-12-02 15:07:19.410745+00:00,2022-12-02 15:07:19.410745+00:00
1598633818918993921,ukraine-de,True,True,False,False,False,False,False,False,False,False,2022-12-02 15:07:19.410645+00:00,2022-12-02 15:07:19.410645+00:00
1598633819174834176,ukraine-de,True,False,False,False,False,False,False,False,False,False,2022-12-03 01:30:30.078025+00:00,2022-12-03 01:30:30.078025+00:00
1598633842130026496,ukraine-de,True,True,False,False,False,False,False,False,False,False,2022-12-02 15:07:19.410543+00:00,2022-12-02 15:07:19.410543+00:00
1598633883771498497,ukraine-de,True,False,False,False,False,False,False,False,False,False,2022-12-02 15:07:19.449830+00:00,2022-12-02 15:07:19.449830+00:00
1598633888292765700,ukraine-de,True,True,False,False,False,False,False,False,False,False,2022-12-02 15:01:30.386370+00:00,2022-12-02 15:07:19.410440+00:00
1598633896693768194,ukraine-de,True,True,False,False,False,False,False,False,False,False,2022-12-02 15:07:19.410327+00:00,2022-12-02 15:07:19.410327+00:00
1598633897247485952,ukraine-de,True,True,False,False,False,False,False,False,False,False,2022-12-02 15:07:19.410227+00:00,2022-12-02 15:07:19.410227+00:00
1598633903941734400,ukraine-de,True,True,False,False,False,False,False,False,False,False,2022-12-02 15:07:19.410123+00:00,2022-12-02 15:07:19.410123+00:00
1598633905405296641,ukraine-de,True,False,False,False,False,False,False,False,False,False,2022-12-02 19:51:22.161960+00:00,2022-12-02 19:51:22.161960+00:00
1598633912565202944,ukraine-de,True,True,False,False,False,False,False,False,False,False,2022-12-02 15:07:19.410016+00:00,2022-12-02 15:07:19.410016+00:00
1598633918978314240,ukraine-de,True,True,False,False,False,False,False,False,False,False,2022-12-02 15:07:19.409840+00:00,2022-12-02 15:07:19.409840+00:00
1598633934803255296,ukraine-de,True,True,False,False,False,False,False,False,False,False,2022-12-02 15:07:19.409734+00:00,2022-12-02 15:07:19.409734+00:00
1598633951114960896,ukraine-de,True,True,False,False,False,False,False,False,False,False,2022-12-02 15:07:19.409614+00:00,2022-12-02 15:07:19.409614+00:00
1598633984040357890,ukraine-de,True,True,False,False,False,False,False,False,False,False,2022-12-02 15:07:19.409471+00:00,2022-12-02 15:07:19.409471+00:00
1598633994068836353,ukraine-de,True,True,False,False,False,False,False,False,False,False,2022-12-02 15:07:19.409366+00:00,2022-12-02 15:07:19.409366+00:00
1598634021898035201,ukraine-de,True,True,False,False,False,False,False,False,False,False,2022-12-02 15:07:19.409249+00:00,2022-12-02 15:07:19.409249+00:00
1598634057209761793,ukraine-de,True,False,False,False,False,False,False,False,False,False,2022-12-02 15:07:19.452785+00:00,2022-12-02 15:07:19.452785+00:00
1598634061043490816,ukraine-de,True,True,False,False,False,False,False,False,False,False,2022-12-02 15:07:19.409147+00:00,2022-12-02 15:07:19.409147+00:00
1598634078772903936,ukraine-de,True,True,False,False,False,False,False,False,False,False,2022-12-02 15:07:19.409035+00:00,2022-12-02 15:07:19.409035+00:00
1598634114076360716,ukraine-de,True,True,False,False,False,False,False,False,False,False,2022-12-02 15:07:19.408920+00:00,2022-12-02 15:07:19.408920+00:00
1598634115380776964,ukraine-de,True,True,False,False,False,False,False,False,False,False,2022-12-02 15:07:19.408817+00:00,2022-12-02 15:07:19.408817+00:00
1598634137723625472,ukraine-de,True,True,False,False,False,False,False,False,False,False,2022-12-02 15:07:19.408697+00:00,2022-12-02 15:07:19.408697+00:00
1598634157160144896,ukraine-de,True,True,False,False,False,False,False,False,False,False,2022-12-02 15:07:19.408595+00:00,2022-12-02 15:07:19.408595+00:00
1598634181634002945,ukraine-de,True,True,False,False,False,False,False,False,False,False,2022-12-02 15:07:19.408493+00:00,2022-12-02 15:07:19.408493+00:00
1598634210121895936,ukraine-de,True,True,False,False,False,False,False,False,False,False,2022-12-02 15:07:19.408376+00:00,2022-12-02 15:07:19.408376+00:00
1598634215293214722,ukraine-de,True,True,False,False,False,False,False,False,False,False,2022-12-02 15:07:19.408267+00:00,2022-12-02 15:07:19.408267+00:00
1598634244644999168,ukraine-de,True,True,False,False,False,False,False,False,False,False,2022-12-02 15:07:19.408118+00:00,2022-12-02 15:07:19.408118+00:00
1598634248382062592,ukraine-de,True,True,False,False,False,False,False,False,False,False,2022-12-02 15:07:19.408004+00:00,2022-12-02 15:07:19.408004+00:00
1598634266069442561,ukraine-de,True,True,False,False,False,False,False,False,False,False,2022-12-02 15:07:19.407738+00:00,2022-12-02 15:07:19.407738+00:00
1598634285753303042,ukraine-de,True,True,False,False,False,False,False,False,False,False,2022-12-02 15:07:19.407618+00:00,2022-12-02 15:07:19.407618+00:00
1598634331026558976,ukraine-de,True,True,False,False,False,False,False,False,False,False,2022-12-02 15:07:19.407514+00:00,2022-12-02 15:07:19.407514+00:00
1598634352207863810,ukraine-de,True,True,False,False,False,False,False,False,False,False,2022-12-02 15:07:19.407391+00:00,2022-12-02 15:07:19.407391+00:00
1598634352686112768,ukraine-de,True,True,False,False,False,False,False,False,False,False,2022-12-02 15:07:19.407271+00:00,2022-12-02 15:07:19.407271+00:00
1598634357048152064,ukraine-de,True,True,False,False,False,False,False,False,False,False,2022-12-02 15:07:19.407143+00:00,2022-12-02 15:07:19.407143+00:00
1598634361242411009,ukraine-de,True,False,False,False,False,False,False,False,False,False,2022-12-02 15:01:05.647695+00:00,2022-12-02 15:01:05.647695+00:00
1598634382474059777,ukraine-de,True,True,False,False,False,False,False,False,False,False,2022-12-02 15:07:19.407037+00:00,2022-12-02 15:07:19.407037+00:00
1598634444314710016,ukraine-de,True,True,False,False,False,False,False,False,False,False,2022-12-02 15:07:19.406911+00:00,2022-12-02 15:07:19.406911+00:00
1598634490670088193,ukraine-de,True,True,False,False,False,False,False,False,False,False,2022-12-02 15:07:19.406734+00:00,2022-12-02 15:07:19.406734+00:00
1598634491693637632,ukraine-de,True,True,False,False,False,False,False,False,False,False,2022-12-02 15:07:19.406618+00:00,2022-12-02 15:07:19.406618+00:00
1598634506327625729,ukraine-de,True,True,False,False,False,False,False,False,False,False,2022-12-02 15:07:19.406499+00:00,2022-12-02 15:07:19.406499+00:00
1598634508517007361,ukraine-de,True,True,False,False,False,False,False,False,False,False,2022-12-02 15:07:19.406394+00:00,2022-12-02 15:07:19.406394+00:00
1598634517056688128,ukraine-de,True,True,False,False,False,False,False,False,False,False,2022-12-02 15:07:19.406292+00:00,2022-12-02 15:07:19.406292+00:00
1598634540821618688,ukraine-de,True,True,False,False,False,False,False,False,False,False,2022-12-02 15:07:19.406191+00:00,2022-12-02 15:07:19.406191+00:00
1598634540829843457,ukraine-de,True,True,False,False,False,False,False,False,False,False,2022-12-02 15:07:19.406085+00:00,2022-12-02 15:07:19.406085+00:00
1598634543463813125,ukraine-de,True,True,False,False,False,False,False,False,False,False,2022-12-02 15:07:19.405973+00:00,2022-12-02 15:07:19.405973+00:00
1598634562019479553,ukraine-de,True,True,False,False,False,False,False,False,False,False,2022-12-02 15:07:19.405810+00:00,2022-12-02 15:07:19.405810+00:00
1598634570970284033,ukraine-de,True,True,False,False,False,False,False,False,False,False,2022-12-02 15:07:19.405581+00:00,2022-12-02 15:07:19.405581+00:00
1598634574485094401,ukraine-de,True,True,False,False,False,False,False,False,False,False,2022-12-02 15:05:53.792547+00:00,2022-12-02 15:07:19.405457+00:00
1598634590674960384,ukraine-de,True,True,False,False,False,False,False,False,False,False,2022-12-02 15:07:19.405346+00:00,2022-12-02 15:07:19.405346+00:00
1598634600984625152,ukraine-de,True,True,False,False,False,False,False,False,False,False,2022-12-02 15:07:19.405237+00:00,2022-12-02 15:07:19.405237+00:00
1598634632152584192,ukraine-de,True,True,False,False,False,False,False,False,False,False,2022-12-02 15:07:19.405114+00:00,2022-12-02 15:07:19.405114+00:00
1598634642449567746,ukraine-de,True,True,False,False,False,False,False,False,False,False,2022-12-02 15:07:19.405003+00:00,2022-12-02 15:07:19.405003+00:00
1598634683100590081,ukraine-de,True,True,False,False,False,False,False,False,False,False,2022-12-02 15:07:19.404895+00:00,2022-12-02 15:07:19.404895+00:00
1598634683729952770,ukraine-de,True,False,False,False,False,False,False,False,False,False,2022-12-02 15:05:53.768253+00:00,2022-12-02 15:05:53.768253+00:00
1598634706131615744,ukraine-de,True,True,False,False,False,False,False,False,False,False,2022-12-02 15:07:19.404777+00:00,2022-12-02 15:07:19.404777+00:00
1598634743184166914,ukraine-de,True,False,False,False,False,False,False,False,False,False,2022-12-02 15:07:19.445640+00:00,2022-12-02 15:07:19.445640+00:00
1598634769130164224,ukraine-de,True,True,False,False,False,False,False,False,False,False,2022-12-02 15:07:19.404652+00:00,2022-12-02 15:07:19.404652+00:00
1598634781129834496,ukraine-de,True,True,False,False,False,False,False,False,False,False,2022-12-02 15:07:19.404542+00:00,2022-12-02 15:07:19.404542+00:00
1598634804680990721,ukraine-de,True,True,False,False,False,False,False,False,False,False,2022-12-02 15:07:19.404428+00:00,2022-12-02 15:07:19.404428+00:00
1598634812327305217,ukraine-de,True,False,False,False,False,False,False,False,False,False,2022-12-02 15:07:19.450128+00:00,2022-12-02 15:07:19.450128+00:00
1598634818186665986,ukraine-de,True,True,False,False,False,False,False,False,False,False,2022-12-02 15:07:19.404210+00:00,2022-12-02 15:07:19.404210+00:00
1598634835181903872,ukraine-de,True,True,False,False,False,False,False,False,False,False,2022-12-02 15:07:19.404097+00:00,2022-12-02 15:07:19.404097+00:00
1598634842245287936,ukraine-de,True,False,False,False,False,False,False,False,False,False,2022-12-02 15:04:30.434181+00:00,2022-12-02 15:04:30.434181+00:00
1598634843222396928,ukraine-de,True,False,False,False,False,False,False,False,False,False,2022-12-02 15:05:53.765636+00:00,2022-12-02 15:05:53.765636+00:00
1598634848553402368,ukraine-de,True,True,False,False,False,False,False,False,False,False,2022-12-02 15:07:19.403974+00:00,2022-12-02 15:07:19.403974+00:00
1598634849924894720,ukraine-de,True,False,False,False,False,False,False,False,False,False,2022-12-02 15:07:19.449381+00:00,2022-12-02 15:07:19.449381+00:00
1598634861627002881,ukraine-de,True,True,False,False,False,False,False,False,False,False,2022-12-02 15:07:19.403849+00:00,2022-12-02 15:07:19.403849+00:00
1598634909089816577,ukraine-de,True,False,False,False,False,False,False,False,False,False,2022-12-02 15:07:19.440247+00:00,2022-12-02 15:07:19.440247+00:00
1598634936780656640,ukraine-de,True,False,False,False,False,False,False,False,False,False,2022-12-02 15:07:19.448323+00:00,2022-12-02 15:07:19.448323+00:00
1598634941117595654,ukraine-de,True,True,False,False,False,False,False,False,False,False,2022-12-02 15:04:13.060858+00:00,2022-12-02 15:07:19.403735+00:00
1598634962772697088,ukraine-de,True,True,False,False,False,False,False,False,False,False,2022-12-02 15:07:19.403623+00:00,2022-12-02 15:07:19.403623+00:00
1598634971509448704,ukraine-de,True,True,False,False,False,False,False,False,False,False,2022-12-02 15:07:19.403496+00:00,2022-12-02 15:07:19.403496+00:00
1598634994078973952,ukraine-de,True,True,False,False,False,False,False,False,False,False,2022-12-02 15:07:19.403354+00:00,2022-12-02 15:07:19.403354+00:00
1598635052254040064,ukraine-de,True,True,False,False,False,False,False,False,False,False,2022-12-02 15:07:19.403232+00:00,2022-12-02 15:07:19.403232+00:00
1598635060466368513,ukraine-de,True,True,False,False,False,False,False,False,False,False,2022-12-02 15:07:19.403121+00:00,2022-12-02 15:07:19.403121+00:00
1598635075700080642,ukraine-de,True,True,False,False,False,False,False,False,False,False,2022-12-02 15:07:19.403002+00:00,2022-12-02 15:07:19.403002+00:00
1598635091403866112,ukraine-de,True,False,False,False,False,False,False,False,False,False,2022-12-02 15:07:19.444028+00:00,2022-12-02 15:07:19.444028+00:00
1598635140942508032,ukraine-de,True,True,False,False,False,False,False,False,False,False,2022-12-02 15:07:19.402881+00:00,2022-12-02 15:07:19.402881+00:00
1598635144381726720,ukraine-de,True,True,False,False,False,False,False,False,False,False,2022-12-02 15:07:19.402670+00:00,2022-12-02 15:07:19.402670+00:00
1598635158793584645,ukraine-de,True,True,False,False,False,False,False,False,False,False,2022-12-02 15:07:19.402443+00:00,2022-12-02 15:07:19.402443+00:00
1598635158935982080,ukraine-de,True,True,False,False,False,False,False,False,False,False,2022-12-02 15:07:19.402270+00:00,2022-12-02 15:07:19.402270+00:00
1598635160861302786,ukraine-de,True,False,False,False,False,False,False,False,False,False,2022-12-02 19:51:08.500068+00:00,2022-12-02 19:51:08.500068+00:00
1598635162325098497,ukraine-de,True,True,False,False,False,False,False,False,False,False,2022-12-02 15:07:19.402169+00:00,2022-12-02 15:07:19.402169+00:00
1598635192880697344,ukraine-de,True,False,False,False,False,False,False,False,False,False,2022-12-03 11:05:57.670172+00:00,2022-12-03 11:05:57.670172+00:00
1598635197389451264,ukraine-de,True,False,False,False,False,False,False,False,False,False,2022-12-02 15:07:19.448218+00:00,2022-12-02 15:07:19.448218+00:00
1598635200514347008,ukraine-de,True,True,False,False,False,False,False,False,False,False,2022-12-02 15:07:19.401999+00:00,2022-12-02 15:07:19.401999+00:00
1598635201860599809,ukraine-de,True,True,False,False,False,False,False,False,False,False,2022-12-02 15:07:19.401901+00:00,2022-12-02 15:07:19.401901+00:00
1598635272039636993,ukraine-de,True,True,False,False,False,False,False,False,False,False,2022-12-02 15:07:19.401791+00:00,2022-12-02 15:07:19.401791+00:00
1598635285658624002,ukraine-de,True,True,False,False,False,False,False,False,False,False,2022-12-02 15:05:39.924499+00:00,2022-12-02 15:07:19.401689+00:00
1598635293913059328,ukraine-de,True,True,False,False,False,False,False,False,False,False,2022-12-02 15:07:19.401559+00:00,2022-12-02 15:07:19.401559+00:00
1598635299579564032,ukraine-de,True,True,False,False,False,False,False,False,False,False,2022-12-02 15:07:19.401444+00:00,2022-12-02 15:07:19.401444+00:00
1598635307678711810,ukraine-de,True,True,False,False,False,False,False,False,False,False,2022-12-02 15:07:19.401289+00:00,2022-12-02 15:07:19.401289+00:00
1598635319678599171,ukraine-de,True,True,False,False,False,False,False,False,False,False,2022-12-02 15:07:19.401183+00:00,2022-12-02 15:07:19.401183+00:00
1598635342491488256,ukraine-de,True,True,False,False,False,False,False,False,False,False,2022-12-02 15:07:19.400987+00:00,2022-12-02 15:07:19.400987+00:00
1598635344362147840,ukraine-de,True,True,False,False,False,False,False,False,False,False,2022-12-02 15:07:19.400887+00:00,2022-12-02 15:07:19.400887+00:00
1598635355690991616,ukraine-de,True,True,False,False,False,False,False,False,False,False,2022-12-02 15:07:19.400769+00:00,2022-12-02 15:07:19.400769+00:00
1598635395666907138,ukraine-de,True,True,False,False,False,False,False,False,False,False,2022-12-02 15:07:19.400674+00:00,2022-12-02 15:07:19.400674+00:00
1598635439438471168,ukraine-de,True,True,False,False,False,False,False,False,False,False,2022-12-02 15:07:19.400576+00:00,2022-12-02 15:07:19.400576+00:00
1598635441783246848,ukraine-de,True,True,False,False,False,False,False,False,False,False,2022-12-02 15:07:19.400449+00:00,2022-12-02 15:07:19.400449+00:00
1598635441791684609,ukraine-de,True,True,False,False,False,False,False,False,False,False,2022-12-02 15:07:19.400344+00:00,2022-12-02 15:07:19.400344+00:00
1598635443011977216,ukraine-de,True,True,False,False,False,False,False,False,False,False,2022-12-02 15:07:19.400225+00:00,2022-12-02 15:07:19.400225+00:00
1598635445138739201,ukraine-de,True,True,False,False,False,False,False,False,False,False,2022-12-02 15:07:19.399996+00:00,2022-12-02 15:07:19.399996+00:00
1598635463610343424,ukraine-de,True,True,False,False,False,False,False,False,False,False,2022-12-02 15:07:19.399815+00:00,2022-12-02 15:07:19.399815+00:00
1598635473525936131,ukraine-de,True,True,False,False,False,False,False,False,False,False,2022-12-02 15:07:19.399715+00:00,2022-12-02 15:07:19.399715+00:00
1598635477153751041,ukraine-de,True,True,False,False,False,False,False,False,False,False,2022-12-02 15:04:13.032246+00:00,2022-12-02 15:07:19.399613+00:00
1598635478068101121,ukraine-de,True,False,False,False,False,False,False,False,False,False,2022-12-02 15:05:53.782479+00:00,2022-12-02 15:05:53.782479+00:00
1598635488730046465,ukraine-de,True,True,False,False,False,False,False,False,False,False,2022-12-02 15:07:19.399508+00:00,2022-12-02 15:07:19.399508+00:00
1598635519193251841,ukraine-de,True,True,False,False,False,False,False,False,False,False,2022-12-02 15:07:19.399399+00:00,2022-12-02 15:07:19.399399+00:00
1598635522053767169,ukraine-de,True,True,False,False,False,False,False,False,False,False,2022-12-02 15:07:19.399227+00:00,2022-12-02 15:07:19.399227+00:00
1598635527917293568,ukraine-de,True,True,False,False,False,False,False,False,False,False,2022-12-02 15:07:19.398907+00:00,2022-12-02 15:07:19.398907+00:00
1598635544325623809,ukraine-de,True,True,False,False,False,False,False,False,False,False,2022-12-02 15:07:19.398806+00:00,2022-12-02 15:07:19.398806+00:00
1598635548104527872,ukraine-de,True,True,False,False,False,False,False,False,False,False,2022-12-02 15:07:19.398703+00:00,2022-12-02 15:07:19.398703+00:00
1598635548591153152,ukraine-de,True,True,False,False,False,False,False,False,False,False,2022-12-02 15:07:19.398599+00:00,2022-12-02 15:07:19.398599+00:00
1598635553905414144,ukraine-de,True,True,False,False,False,False,False,False,False,False,2022-12-02 15:07:19.398492+00:00,2022-12-02 15:07:19.398492+00:00
1598635561572388864,ukraine-de,True,True,False,False,False,False,False,False,False,False,2022-12-02 15:07:19.398316+00:00,2022-12-02 15:07:19.398316+00:00
1598635581852073984,ukraine-de,True,True,False,False,False,False,False,False,False,False,2022-12-02 15:04:13.052036+00:00,2022-12-02 15:07:19.398212+00:00
1598635614882222085,ukraine-de,True,True,False,False,False,False,False,False,False,False,2022-12-02 15:07:19.398085+00:00,2022-12-02 15:07:19.398085+00:00
1598635625325875200,ukraine-de,True,True,False,False,False,False,False,False,False,False,2022-12-02 15:07:19.397922+00:00,2022-12-02 15:07:19.397922+00:00
1598635692413763584,ukraine-de,True,True,False,False,False,False,False,False,False,False,2022-12-02 15:07:19.397802+00:00,2022-12-02 15:07:19.397802+00:00
1598635720750600195,ukraine-de,True,True,False,False,False,False,False,False,False,False,2022-12-02 15:07:19.397682+00:00,2022-12-02 15:07:19.397682+00:00
1598635759136919552,ukraine-de,True,True,False,False,False,False,False,False,False,False,2022-12-02 15:01:05.639595+00:00,2022-12-02 15:07:19.397543+00:00
1598635768427126786,ukraine-de,True,True,False,False,False,False,False,False,False,False,2022-12-02 15:07:19.397350+00:00,2022-12-02 15:07:19.397350+00:00
1598635781785931776,ukraine-de,True,True,False,False,False,False,False,False,False,False,2022-12-02 15:07:19.397249+00:00,2022-12-02 15:07:19.397249+00:00
1598635792523575297,ukraine-de,True,True,False,False,False,False,False,False,False,False,2022-12-02 15:07:19.397140+00:00,2022-12-02 15:07:19.397140+00:00
1598635793253388289,ukraine-de,True,False,False,False,False,False,False,False,False,False,2022-12-02 15:07:19.446848+00:00,2022-12-02 15:07:19.446848+00:00
1598635796650758144,ukraine-de,True,True,False,False,False,False,False,False,False,False,2022-12-02 15:07:19.396953+00:00,2022-12-02 15:07:19.396953+00:00
1598635833170579457,ukraine-de,True,True,False,False,False,False,False,False,False,False,2022-12-02 15:07:19.396852+00:00,2022-12-02 15:07:19.396852+00:00
1598635846877396992,ukraine-de,True,True,False,False,False,False,False,False,False,False,2022-12-02 15:07:19.396746+00:00,2022-12-02 15:07:19.396746+00:00
1598635864749355008,ukraine-de,True,False,False,False,False,False,False,False,False,False,2022-12-02 15:07:19.445839+00:00,2022-12-02 15:07:19.445839+00:00
1598635865315500032,ukraine-de,True,True,False,False,False,False,False,False,False,False,2022-12-02 15:07:19.396510+00:00,2022-12-02 15:07:19.396510+00:00
1598635873494507523,ukraine-de,True,True,False,False,False,False,False,False,False,False,2022-12-02 15:07:19.396407+00:00,2022-12-02 15:07:19.396407+00:00
1598635876694859777,ukraine-de,True,True,False,False,False,False,False,False,False,False,2022-12-02 15:01:05.656881+00:00,2022-12-02 15:07:19.396302+00:00
1598635879777685505,ukraine-de,True,True,False,False,False,False,False,False,False,False,2022-12-02 15:07:19.396144+00:00,2022-12-02 15:07:19.396144+00:00
1598635891601408001,ukraine-de,True,True,False,False,False,False,False,False,False,False,2022-12-02 15:07:19.395947+00:00,2022-12-02 15:07:19.395947+00:00
1598635892503093249,ukraine-de,True,True,False,False,False,False,False,False,False,False,2022-12-02 15:07:19.395829+00:00,2022-12-02 15:07:19.395829+00:00
1598635932709699586,ukraine-de,True,True,False,False,False,False,False,False,False,False,2022-12-02 15:04:13.037501+00:00,2022-12-02 15:07:19.395630+00:00
1598635956155867136,ukraine-de,True,True,False,False,False,False,False,False,False,False,2022-12-02 15:07:19.395510+00:00,2022-12-02 15:07:19.395510+00:00
1598635976037138432,ukraine-de,True,True,False,False,False,False,False,False,False,False,2022-12-02 15:07:19.395407+00:00,2022-12-02 15:07:19.395407+00:00
1598635983221641217,ukraine-de,True,True,False,False,False,False,False,False,False,False,2022-12-02 15:07:19.395277+00:00,2022-12-02 15:07:19.395277+00:00
1598636005870817280,ukraine-de,True,True,False,False,False,False,False,False,False,False,2022-12-02 15:07:19.395167+00:00,2022-12-02 15:07:19.395167+00:00
1598636040373374977,ukraine-de,True,True,False,False,False,False,False,False,False,False,2022-12-02 15:07:19.394952+00:00,2022-12-02 15:07:19.394952+00:00
1598636119737909249,ukraine-de,True,True,False,False,False,False,False,False,False,False,2022-12-02 15:07:19.394849+00:00,2022-12-02 15:07:19.394849+00:00
1598636143494438915,ukraine-de,True,True,False,False,False,False,False,False,False,False,2022-12-02 15:07:19.394745+00:00,2022-12-02 15:07:19.394745+00:00
1598636149853065222,ukraine-de,True,True,False,False,False,False,False,False,False,False,2022-12-02 15:07:19.394636+00:00,2022-12-02 15:07:19.394636+00:00
1598636164046618625,ukraine-de,True,False,False,False,False,False,False,False,False,False,2022-12-02 19:51:22.136089+00:00,2022-12-02 19:51:22.136089+00:00
1598636173374754817,ukraine-de,True,True,False,False,False,False,False,False,False,False,2022-12-02 15:07:19.394498+00:00,2022-12-02 15:07:19.394498+00:00
1598636205700108288,ukraine-de,True,True,False,False,False,False,False,False,False,False,2022-12-02 15:07:19.394285+00:00,2022-12-02 15:07:19.394285+00:00
1598636215846289409,ukraine-de,True,True,False,False,False,False,False,False,False,False,2022-12-02 15:07:19.394106+00:00,2022-12-02 15:07:19.394106+00:00
1598636260238704641,ukraine-de,True,False,False,False,False,False,False,False,False,False,2022-12-02 15:07:19.447278+00:00,2022-12-02 15:07:19.447278+00:00
1598636262671499264,ukraine-de,True,True,False,False,False,False,False,False,False,False,2022-12-02 15:07:19.393942+00:00,2022-12-02 15:07:19.393942+00:00
1598636281726115840,ukraine-de,True,True,False,False,False,False,False,False,False,False,2022-12-02 15:07:19.393841+00:00,2022-12-02 15:07:19.393841+00:00
1598636305566633984,ukraine-de,True,True,False,False,False,False,False,False,False,False,2022-12-02 15:07:19.393739+00:00,2022-12-02 15:07:19.393739+00:00
1598636312789016576,ukraine-de,True,True,False,False,False,False,False,False,False,False,2022-12-02 15:07:19.393633+00:00,2022-12-02 15:07:19.393633+00:00
1598636317562109952,ukraine-de,True,False,False,False,False,False,False,False,False,False,2022-12-02 15:07:19.446057+00:00,2022-12-02 15:07:19.446057+00:00
1598636339871752193,ukraine-de,True,True,False,False,False,False,False,False,False,False,2022-12-02 15:07:19.393500+00:00,2022-12-02 15:07:19.393500+00:00
1598636340328947712,ukraine-de,True,True,False,False,False,False,False,False,False,False,2022-12-02 15:07:19.393297+00:00,2022-12-02 15:07:19.393297+00:00
1598636351951458306,ukraine-de,True,True,False,False,False,False,False,False,False,False,2022-12-02 15:07:19.393005+00:00,2022-12-02 15:07:19.393005+00:00
1598636387640696834,ukraine-de,True,False,False,False,False,False,False,False,False,False,2022-12-02 19:51:22.136489+00:00,2022-12-02 19:51:22.136489+00:00
1598636407270031368,ukraine-de,True,True,False,False,False,False,False,False,False,False,2022-12-02 15:07:19.392900+00:00,2022-12-02 15:07:19.392900+00:00
1598636427851571200,ukraine-de,True,True,False,False,False,False,False,False,False,False,2022-12-02 15:07:19.392794+00:00,2022-12-02 15:07:19.392794+00:00
1598636472675942406,ukraine-de,True,True,False,False,False,False,False,False,False,False,2022-12-02 15:07:19.392674+00:00,2022-12-02 15:07:19.392674+00:00
1598636564707434499,ukraine-de,True,True,False,False,False,False,False,False,False,False,2022-12-02 15:07:19.392556+00:00,2022-12-02 15:07:19.392556+00:00
1598636579517566977,ukraine-de,True,True,False,False,False,False,False,False,False,False,2022-12-02 15:07:19.392449+00:00,2022-12-02 15:07:19.392449+00:00
1598636608810524673,ukraine-de,True,True,False,False,False,False,False,False,False,False,2022-12-02 15:07:19.392294+00:00,2022-12-02 15:07:19.392294+00:00
1598636609758380032,ukraine-de,True,True,False,False,False,False,False,False,False,False,2022-12-02 15:07:19.392096+00:00,2022-12-02 15:07:19.392096+00:00
1598636646760472576,ukraine-de,True,False,False,False,False,False,False,False,False,False,2022-12-02 15:05:53.793230+00:00,2022-12-02 15:05:53.793230+00:00
1598636652712304640,ukraine-de,True,True,False,False,False,False,False,False,False,False,2022-12-02 15:07:19.391646+00:00,2022-12-02 15:07:19.391646+00:00
1598636662459965440,ukraine-de,True,False,False,False,False,False,False,False,False,False,2022-12-02 15:07:19.446307+00:00,2022-12-02 15:07:19.446307+00:00
1598636662795472898,ukraine-de,True,True,False,False,False,False,False,False,False,False,2022-12-02 15:07:19.391514+00:00,2022-12-02 15:07:19.391514+00:00
1598636668214542337,ukraine-de,True,True,False,False,False,False,False,False,False,False,2022-12-02 15:07:19.391381+00:00,2022-12-02 15:07:19.391381+00:00
1598636669976076288,ukraine-de,True,True,False,False,False,False,False,False,False,False,2022-12-02 15:07:19.390612+00:00,2022-12-02 15:07:19.390612+00:00
1598636672115154944,ukraine-de,True,True,False,False,False,False,False,False,False,False,2022-12-02 15:07:19.390450+00:00,2022-12-02 15:07:19.390450+00:00
1598636674728296449,ukraine-de,True,True,False,False,False,False,False,False,False,False,2022-12-02 15:07:19.390340+00:00,2022-12-02 15:07:19.390340+00:00
1598636681573199874,ukraine-de,True,True,False,False,False,False,False,False,False,False,2022-12-02 15:07:19.389999+00:00,2022-12-02 15:07:19.389999+00:00
1598636694743285763,ukraine-de,True,True,False,False,False,False,False,False,False,False,2022-12-02 15:07:19.389874+00:00,2022-12-02 15:07:19.389874+00:00
1598636717669597184,ukraine-de,True,True,False,False,False,False,False,False,False,False,2022-12-02 15:07:19.389615+00:00,2022-12-02 15:07:19.389615+00:00
1598636723432562688,ukraine-de,True,True,False,False,False,False,False,False,False,False,2022-12-02 15:07:19.389491+00:00,2022-12-02 15:07:19.389491+00:00
1598636747033874432,ukraine-de,True,True,False,False,False,False,False,False,False,False,2022-12-02 15:07:19.389328+00:00,2022-12-02 15:07:19.389328+00:00
1598636764113035264,ukraine-de,True,True,False,False,False,False,False,False,False,False,2022-12-02 15:07:19.389222+00:00,2022-12-02 15:07:19.389222+00:00
1598636773273280512,ukraine-de,True,True,False,False,False,False,False,False,False,False,2022-12-02 15:07:19.388972+00:00,2022-12-02 15:07:19.388972+00:00
1598636781183930368,ukraine-de,True,True,False,False,False,False,False,False,False,False,2022-12-02 15:07:19.388873+00:00,2022-12-02 15:07:19.388873+00:00
1598636813266165760,ukraine-de,True,True,False,False,False,False,False,False,False,False,2022-12-02 15:07:19.388772+00:00,2022-12-02 15:07:19.388772+00:00
1598636861408260097,ukraine-de,True,True,False,False,False,False,False,False,False,False,2022-12-02 15:07:19.388671+00:00,2022-12-02 15:07:19.388671+00:00
1598636862981095424,ukraine-de,True,True,False,False,False,False,False,False,False,False,2022-12-02 15:07:19.388568+00:00,2022-12-02 15:07:19.388568+00:00
1598636882040078336,ukraine-de,True,True,False,False,False,False,False,False,False,False,2022-12-02 15:07:19.388465+00:00,2022-12-02 15:07:19.388465+00:00
1598636904362266624,ukraine-de,True,False,False,False,False,False,False,False,False,False,2022-12-02 15:05:39.920959+00:00,2022-12-02 15:05:39.920959+00:00
1598636905410793472,ukraine-de,True,True,False,False,False,False,False,False,False,False,2022-12-02 15:07:19.388355+00:00,2022-12-02 15:07:19.388355+00:00
1598636945483046912,ukraine-de,True,True,False,False,False,False,False,False,False,False,2022-12-02 15:07:19.388201+00:00,2022-12-02 15:07:19.388201+00:00
1598636947794272259,ukraine-de,True,True,False,False,False,False,False,False,False,False,2022-12-02 15:07:19.387925+00:00,2022-12-02 15:07:19.387925+00:00
1598636950050590721,ukraine-de,True,True,False,False,False,False,False,False,False,False,2022-12-02 15:07:19.387824+00:00,2022-12-02 15:07:19.387824+00:00
1598636955406942208,ukraine-de,True,True,False,False,False,False,False,False,False,False,2022-12-02 15:07:19.387722+00:00,2022-12-02 15:07:19.387722+00:00
1598636956845453312,ukraine-de,True,False,False,False,False,False,False,False,False,False,2022-12-02 15:05:53.791995+00:00,2022-12-02 15:05:53.791995+00:00
1598636975195623424,ukraine-de,True,True,False,False,False,False,False,False,False,False,2022-12-02 15:07:19.387621+00:00,2022-12-02 15:07:19.387621+00:00
1598637061174546432,ukraine-de,True,True,False,False,False,False,False,False,False,False,2022-12-02 15:07:19.387498+00:00,2022-12-02 15:07:19.387498+00:00
1598637085866369024,ukraine-de,True,True,False,False,False,False,False,False,False,False,2022-12-02 15:05:53.786920+00:00,2022-12-02 15:07:19.387395+00:00
1598637090618675202,ukraine-de,True,True,False,False,False,False,False,False,False,False,2022-12-02 15:07:19.387269+00:00,2022-12-02 15:07:19.387269+00:00
1598637114299662341,ukraine-de,True,True,False,False,False,False,False,False,False,False,2022-12-02 15:07:19.387162+00:00,2022-12-02 15:07:19.387162+00:00
1598637123132968963,ukraine-de,True,True,False,False,False,False,False,False,False,False,2022-12-02 15:07:19.386994+00:00,2022-12-02 15:07:19.386994+00:00
1598637131995512839,ukraine-de,True,True,False,False,False,False,False,False,False,False,2022-12-02 15:07:19.386874+00:00,2022-12-02 15:07:19.386874+00:00
1598637132033269760,ukraine-de,True,True,False,False,False,False,False,False,False,False,2022-12-02 15:07:19.386751+00:00,2022-12-02 15:07:19.386751+00:00
1598637153923260418,ukraine-de,True,True,False,False,False,False,False,False,False,False,2022-12-02 15:01:05.641444+00:00,2022-12-02 15:07:19.386627+00:00
1598637194050240512,ukraine-de,True,True,False,False,False,False,False,False,False,False,2022-12-02 15:07:19.386512+00:00,2022-12-02 15:07:19.386512+00:00
1598637220507930630,ukraine-de,True,True,False,False,False,False,False,False,False,False,2022-12-02 15:07:19.386406+00:00,2022-12-02 15:07:19.386406+00:00
1598637231710904320,ukraine-de,True,True,False,False,False,False,False,False,False,False,2022-12-02 15:01:05.654120+00:00,2022-12-02 15:07:19.386298+00:00
1598637235477291008,ukraine-de,True,True,False,False,False,False,False,False,False,False,2022-12-02 15:07:19.386162+00:00,2022-12-02 15:07:19.386162+00:00
1598637262752944130,ukraine-de,True,True,False,False,False,False,False,False,False,False,2022-12-02 15:07:19.385935+00:00,2022-12-02 15:07:19.385935+00:00
1598637275352547329,ukraine-de,True,True,False,False,False,False,False,False,False,False,2022-12-02 15:07:19.385792+00:00,2022-12-02 15:07:19.385792+00:00
1598637288636157954,ukraine-de,True,True,False,False,False,False,False,False,False,False,2022-12-02 15:07:19.384917+00:00,2022-12-02 15:07:19.384917+00:00
1598637374694719488,ukraine-de,True,True,False,False,False,False,False,False,False,False,2022-12-02 15:07:19.384803+00:00,2022-12-02 15:07:19.384803+00:00
1598637394651119618,ukraine-de,True,True,False,False,False,False,False,False,False,False,2022-12-02 15:07:19.384575+00:00,2022-12-02 15:07:19.384575+00:00
1598637413047439360,ukraine-de,True,True,False,False,False,False,False,False,False,False,2022-12-02 15:07:19.384470+00:00,2022-12-02 15:07:19.384470+00:00
1598637420513296385,ukraine-de,True,True,False,False,False,False,False,False,False,False,2022-12-02 15:07:19.384357+00:00,2022-12-02 15:07:19.384357+00:00
1598637424174940163,ukraine-de,True,True,False,False,False,False,False,False,False,False,2022-12-02 15:07:19.384076+00:00,2022-12-02 15:07:19.384076+00:00
1598637433846988800,ukraine-de,True,True,False,False,False,False,False,False,False,False,2022-12-02 15:07:19.383831+00:00,2022-12-02 15:07:19.383831+00:00
1598637437420445697,ukraine-de,True,True,False,False,False,False,False,False,False,False,2022-12-02 15:07:19.383703+00:00,2022-12-02 15:07:19.383703+00:00
1598637470672982018,ukraine-de,True,False,False,False,False,False,False,False,False,False,2022-12-02 19:50:36.516684+00:00,2022-12-02 19:50:36.516684+00:00
1598637474997145600,ukraine-de,True,True,False,False,False,False,False,False,False,False,2022-12-02 15:07:19.383404+00:00,2022-12-02 15:07:19.383404+00:00
1598637478130352136,ukraine-de,True,True,False,False,False,False,False,False,False,False,2022-12-02 15:07:19.383248+00:00,2022-12-02 15:07:19.383248+00:00
1598637512225918977,ukraine-de,True,True,False,False,False,False,False,False,False,False,2022-12-02 15:07:19.382897+00:00,2022-12-02 15:07:19.382897+00:00
1598637535655333893,ukraine-de,True,False,False,False,False,False,False,False,False,False,2022-12-02 22:35:17.195011+00:00,2022-12-02 22:35:17.195011+00:00
1598637538893172736,ukraine-de,True,True,False,False,False,False,False,False,False,False,2022-12-02 15:07:19.382674+00:00,2022-12-02 15:07:19.382674+00:00
1598637552252211200,ukraine-de,True,True,False,False,False,False,False,False,False,False,2022-12-02 15:07:19.382552+00:00,2022-12-02 15:07:19.382552+00:00
1598637576335785984,ukraine-de,True,True,False,False,False,False,False,False,False,False,2022-12-02 15:07:19.382444+00:00,2022-12-02 15:07:19.382444+00:00
1598637591686877184,ukraine-de,True,True,False,False,False,False,False,False,False,False,2022-12-02 15:07:19.382313+00:00,2022-12-02 15:07:19.382313+00:00
1598637604857155586,ukraine-de,True,True,False,False,False,False,False,False,False,False,2022-12-02 15:07:19.382197+00:00,2022-12-02 15:07:19.382197+00:00
1598637625178456064,ukraine-de,True,False,False,False,False,False,False,False,False,False,2022-12-02 19:50:36.493270+00:00,2022-12-02 19:50:36.493270+00:00
1598637656489041920,ukraine-de,True,True,False,False,False,False,False,False,False,False,2022-12-02 15:07:19.381904+00:00,2022-12-02 15:07:19.381904+00:00
1598637713464475652,ukraine-de,True,True,False,False,False,False,False,False,False,False,2022-12-02 15:07:19.381638+00:00,2022-12-02 15:07:19.381638+00:00
1598637743093022720,ukraine-de,True,True,False,False,False,False,False,False,False,False,2022-12-02 15:07:19.381512+00:00,2022-12-02 15:07:19.381512+00:00
1598637745978556416,ukraine-de,True,True,False,False,False,False,False,False,False,False,2022-12-02 15:07:19.381347+00:00,2022-12-02 15:07:19.381347+00:00
1598637758876188673,ukraine-de,True,True,False,False,False,False,False,False,False,False,2022-12-02 15:07:19.381241+00:00,2022-12-02 15:07:19.381241+00:00
1598637782960046083,ukraine-de,True,True,False,False,False,False,False,False,False,False,2022-12-02 15:07:19.381113+00:00,2022-12-02 15:07:19.381113+00:00
1598637811753680898,ukraine-de,True,True,False,False,False,False,False,False,False,False,2022-12-02 15:07:19.380838+00:00,2022-12-02 15:07:19.380838+00:00
1598637814064652288,ukraine-de,True,True,False,False,False,False,False,False,False,False,2022-12-02 15:05:53.794087+00:00,2022-12-02 15:07:19.380569+00:00
1598637819735310336,ukraine-de,True,True,False,False,False,False,False,False,False,False,2022-12-02 15:05:53.776789+00:00,2022-12-02 15:07:19.380422+00:00
1598637821782204416,ukraine-de,True,False,False,False,False,False,False,False,False,False,2022-12-02 15:01:30.387617+00:00,2022-12-02 15:01:30.387617+00:00
1598637831500361728,ukraine-de,True,True,False,False,False,False,False,False,False,False,2022-12-02 15:07:19.380079+00:00,2022-12-02 15:07:19.380079+00:00
1598637834033831940,ukraine-de,True,True,False,False,False,False,False,False,False,False,2022-12-02 15:07:19.379917+00:00,2022-12-02 15:07:19.379917+00:00
1598637856234299392,ukraine-de,True,True,False,False,False,False,False,False,False,False,2022-12-02 15:07:19.379807+00:00,2022-12-02 15:07:19.379807+00:00
1598637864165728257,ukraine-de,True,True,False,False,False,False,False,False,False,False,2022-12-02 15:07:19.379682+00:00,2022-12-02 15:07:19.379682+00:00
1598637884311207938,ukraine-de,True,True,False,False,False,False,False,False,False,False,2022-12-02 15:07:19.379412+00:00,2022-12-02 15:07:19.379412+00:00
1598637889616683008,ukraine-de,True,True,False,False,False,False,False,False,False,False,2022-12-02 15:07:19.379272+00:00,2022-12-02 15:07:19.379272+00:00
1598637890795364353,ukraine-de,True,True,False,False,False,False,False,False,False,False,2022-12-02 15:07:19.378870+00:00,2022-12-02 15:07:19.378870+00:00
1598637921480757248,ukraine-de,True,True,False,False,False,False,False,False,False,False,2022-12-02 15:07:19.378552+00:00,2022-12-02 15:07:19.378552+00:00
1598637929143816195,ukraine-de,True,True,False,False,False,False,False,False,False,False,2022-12-02 15:07:19.378308+00:00,2022-12-02 15:07:19.378308+00:00
1598637959984594947,ukraine-de,True,True,False,False,False,False,False,False,False,False,2022-12-02 15:07:19.378193+00:00,2022-12-02 15:07:19.378193+00:00
1598637965173047296,ukraine-de,True,True,False,False,False,False,False,False,False,False,2022-12-02 15:07:19.377974+00:00,2022-12-02 15:07:19.377974+00:00
1598637983070142464,ukraine-de,True,False,False,False,False,False,False,False,False,False,2022-12-02 15:05:53.793347+00:00,2022-12-02 15:05:53.793347+00:00
1598638005174018049,ukraine-de,True,True,False,False,False,False,False,False,False,False,2022-12-02 15:04:13.037626+00:00,2022-12-02 15:07:19.377706+00:00
1598638025235480576,ukraine-de,True,True,False,False,False,False,False,False,False,False,2022-12-02 15:07:19.376791+00:00,2022-12-02 15:07:19.376791+00:00
1598638032290283520,ukraine-de,True,True,False,False,False,False,False,False,False,False,2022-12-02 15:07:19.376537+00:00,2022-12-02 15:07:19.376537+00:00
1598638052376616961,ukraine-de,True,True,False,False,False,False,False,False,False,False,2022-12-02 15:07:19.376426+00:00,2022-12-02 15:07:19.376426+00:00
1598638066259951617,ukraine-de,True,True,False,False,False,False,False,False,False,False,2022-12-02 15:07:19.376305+00:00,2022-12-02 15:07:19.376305+00:00
1598638079270699011,ukraine-de,True,True,False,False,False,False,False,False,False,False,2022-12-02 15:07:19.376101+00:00,2022-12-02 15:07:19.376101+00:00
1598638084215558144,ukraine-de,True,True,False,False,False,False,False,False,False,False,2022-12-02 15:07:19.374610+00:00,2022-12-02 15:07:19.374610+00:00
1598638100544192512,ukraine-de,True,True,False,False,False,False,False,False,False,False,2022-12-02 15:07:19.374452+00:00,2022-12-02 15:07:19.374452+00:00
1598638101370474496,ukraine-de,True,True,False,False,False,False,False,False,False,False,2022-12-02 15:07:19.373306+00:00,2022-12-02 15:07:19.373306+00:00
1598638128247496704,ukraine-de,True,True,False,False,False,False,False,False,False,False,2022-12-02 15:07:19.373180+00:00,2022-12-02 15:07:19.373180+00:00
1598638169452412928,ukraine-de,True,True,False,False,False,False,False,False,False,False,2022-12-02 15:07:19.372463+00:00,2022-12-02 15:07:19.372463+00:00
1598638185202032641,ukraine-de,True,True,False,False,False,False,False,False,False,False,2022-12-02 15:07:19.372332+00:00,2022-12-02 15:07:19.372332+00:00
1598638185315291137,ukraine-de,True,True,False,False,False,False,False,False,False,False,2022-12-02 15:07:19.371439+00:00,2022-12-02 15:07:19.371439+00:00
1598638186401603585,ukraine-de,True,True,False,False,False,False,False,False,False,False,2022-12-02 15:07:19.371329+00:00,2022-12-02 15:07:19.371329+00:00
1598638188318396416,ukraine-de,True,True,False,False,False,False,False,False,False,False,2022-12-02 15:07:19.371200+00:00,2022-12-02 15:07:19.371200+00:00
1598638210183307265,ukraine-de,True,True,False,False,False,False,False,False,False,False,2022-12-02 15:07:19.370378+00:00,2022-12-02 15:07:19.370378+00:00
1598638222124400640,ukraine-de,True,True,False,False,False,False,False,False,False,False,2022-12-02 15:07:19.370234+00:00,2022-12-02 15:07:19.370234+00:00
1598638225622503424,ukraine-de,True,True,False,False,False,False,False,False,False,False,2022-12-02 15:07:19.368976+00:00,2022-12-02 15:07:19.368976+00:00
1598638226255712258,ukraine-de,True,True,False,False,False,False,False,False,False,False,2022-12-02 15:07:19.368857+00:00,2022-12-02 15:07:19.368857+00:00
1598638240369704967,ukraine-de,True,True,False,False,False,False,False,False,False,False,2022-12-02 15:04:13.042877+00:00,2022-12-02 15:07:19.368679+00:00
1598638265954861056,ukraine-de,True,True,False,False,False,False,False,False,False,False,2022-12-02 15:07:19.367454+00:00,2022-12-02 15:07:19.367454+00:00
1598638273018085376,ukraine-de,True,True,False,False,False,False,False,False,False,False,2022-12-02 15:07:19.364903+00:00,2022-12-02 15:07:19.364903+00:00
1598638287794716674,ukraine-de,True,False,False,False,False,False,False,False,False,False,2022-12-02 15:05:53.794672+00:00,2022-12-02 15:05:53.794672+00:00
1598638287832248321,ukraine-de,True,True,False,False,False,False,False,False,False,False,2022-12-02 15:07:19.364798+00:00,2022-12-02 15:07:19.364798+00:00
1598638317733568513,ukraine-de,True,True,False,False,False,False,False,False,False,False,2022-12-02 15:07:19.364690+00:00,2022-12-02 15:07:19.364690+00:00
1598638328668164097,ukraine-de,True,False,False,False,False,False,False,False,False,False,2022-12-02 15:05:53.793062+00:00,2022-12-02 15:05:53.793062+00:00
1598638346309451779,ukraine-de,True,False,False,False,False,False,False,False,False,False,2022-12-02 15:05:53.765118+00:00,2022-12-02 15:05:53.765118+00:00
1598638365770817536,ukraine-de,True,True,False,False,False,False,False,False,False,False,2022-12-02 15:07:19.364578+00:00,2022-12-02 15:07:19.364578+00:00
1598638369231147008,ukraine-de,True,True,False,False,False,False,False,False,False,False,2022-12-02 15:07:19.364434+00:00,2022-12-02 15:07:19.364434+00:00
1598638385450598400,ukraine-de,True,True,False,False,False,False,False,False,False,False,2022-12-02 15:07:19.361899+00:00,2022-12-02 15:07:19.361899+00:00
1598638433026523136,ukraine-de,True,True,False,False,False,False,False,False,False,False,2022-12-02 15:05:53.763665+00:00,2022-12-02 15:05:53.763665+00:00
1598638442040139778,ukraine-de,True,False,False,False,False,False,False,False,False,False,2022-12-02 15:05:53.793548+00:00,2022-12-02 15:05:53.793548+00:00
1598638461300400130,ukraine-de,True,True,False,False,False,False,False,False,False,False,2022-12-02 15:01:30.385641+00:00,2022-12-02 15:05:53.763552+00:00
1598638503306432513,ukraine-de,True,True,False,False,False,False,False,False,False,False,2022-12-02 15:05:53.763426+00:00,2022-12-02 15:05:53.763426+00:00
1598638532972748800,ukraine-de,True,True,False,False,False,False,False,False,False,False,2022-12-02 15:05:53.763209+00:00,2022-12-02 15:05:53.763209+00:00
1598638550332882945,ukraine-de,True,True,False,False,False,False,False,False,False,False,2022-12-02 15:05:53.763018+00:00,2022-12-02 15:05:53.763018+00:00
1598638596361277441,ukraine-de,True,True,False,False,False,False,False,False,False,False,2022-12-02 15:05:53.762917+00:00,2022-12-02 15:05:53.762917+00:00
1598638627055181825,ukraine-de,True,False,False,False,False,False,False,False,False,False,2022-12-02 19:51:41.481616+00:00,2022-12-02 19:51:41.481616+00:00
1598638643991793664,ukraine-de,True,True,False,False,False,False,False,False,False,False,2022-12-02 15:05:53.762808+00:00,2022-12-02 15:05:53.762808+00:00
1598638649809199105,ukraine-de,True,True,False,False,False,False,False,False,False,False,2022-12-02 15:05:53.762690+00:00,2022-12-02 15:05:53.762690+00:00
1598638650119667714,ukraine-de,True,True,False,False,False,False,False,False,False,False,2022-12-02 15:05:53.762590+00:00,2022-12-02 15:05:53.762590+00:00
1598638653592305664,ukraine-de,True,True,False,False,False,False,False,False,False,False,2022-12-02 15:05:53.762491+00:00,2022-12-02 15:05:53.762491+00:00
1598638662610206721,ukraine-de,True,True,False,False,False,False,False,False,False,False,2022-12-02 15:05:53.762391+00:00,2022-12-02 15:05:53.762391+00:00
1598638705786380291,ukraine-de,True,True,False,False,False,False,False,False,False,False,2022-12-02 15:05:53.762292+00:00,2022-12-02 15:05:53.762292+00:00
1598638708152045569,ukraine-de,True,True,False,False,False,False,False,False,False,False,2022-12-02 15:05:53.762191+00:00,2022-12-02 15:05:53.762191+00:00
1598638723658293249,ukraine-de,True,True,False,False,False,False,False,False,False,False,2022-12-02 15:05:53.762088+00:00,2022-12-02 15:05:53.762088+00:00
1598638734861373441,ukraine-de,True,False,False,False,False,False,False,False,False,False,2022-12-02 15:05:53.780785+00:00,2022-12-02 15:05:53.780785+00:00
1598638744944480256,ukraine-de,True,False,False,False,False,False,False,False,False,False,2022-12-02 19:51:41.472579+00:00,2022-12-02 19:51:41.472579+00:00
1598638758898946049,ukraine-de,True,True,False,False,False,False,False,False,False,False,2022-12-02 15:05:53.761961+00:00,2022-12-02 15:05:53.761961+00:00
1598638767299997696,ukraine-de,True,True,False,False,False,False,False,False,False,False,2022-12-02 15:05:53.761805+00:00,2022-12-02 15:05:53.761805+00:00
1598638768369459201,ukraine-de,True,True,False,False,False,False,False,False,False,False,2022-12-02 15:05:53.761684+00:00,2022-12-02 15:05:53.761684+00:00
1598638793476648960,ukraine-de,True,True,False,False,False,False,False,False,False,False,2022-12-02 15:05:53.761560+00:00,2022-12-02 15:05:53.761560+00:00
1598638828201431040,ukraine-de,True,True,False,False,False,False,False,False,False,False,2022-12-02 15:05:53.761395+00:00,2022-12-02 15:05:53.761395+00:00
1598638846299676672,ukraine-de,True,True,False,False,False,False,False,False,False,False,2022-12-02 15:05:53.761296+00:00,2022-12-02 15:05:53.761296+00:00
1598638860245794816,ukraine-de,True,True,False,False,False,False,False,False,False,False,2022-12-02 15:05:53.761196+00:00,2022-12-02 15:05:53.761196+00:00
1598638860724047873,ukraine-de,True,True,False,False,False,False,False,False,False,False,2022-12-02 15:01:30.393742+00:00,2022-12-02 15:05:53.761094+00:00
1598638860753375233,ukraine-de,True,True,False,False,False,False,False,False,False,False,2022-12-02 15:05:53.760968+00:00,2022-12-02 15:05:53.760968+00:00
1598638869762613248,ukraine-de,True,True,False,False,False,False,False,False,False,False,2022-12-02 15:05:53.760867+00:00,2022-12-02 15:05:53.760867+00:00
1598638878793031680,ukraine-de,True,False,False,False,False,False,False,False,False,False,2022-12-02 15:05:53.792860+00:00,2022-12-02 15:05:53.792860+00:00
1598638892227469312,ukraine-de,True,True,False,False,False,False,False,False,False,False,2022-12-02 15:05:53.760765+00:00,2022-12-02 15:05:53.760765+00:00
1598638897742761985,ukraine-de,True,True,False,False,False,False,False,False,False,False,2022-12-02 15:05:53.760659+00:00,2022-12-02 15:05:53.760659+00:00
1598638905980502016,ukraine-de,True,True,False,False,False,False,False,False,False,False,2022-12-02 15:05:53.760432+00:00,2022-12-02 15:05:53.760432+00:00
1598638915392606208,ukraine-de,True,True,False,False,False,False,False,False,False,False,2022-12-02 15:05:53.760326+00:00,2022-12-02 15:05:53.760326+00:00
1598638938012491777,ukraine-de,True,True,False,False,False,False,False,False,False,False,2022-12-02 15:05:53.760149+00:00,2022-12-02 15:05:53.760149+00:00
1598638938670907392,ukraine-de,True,True,False,False,False,False,False,False,False,False,2022-12-02 15:05:53.760045+00:00,2022-12-02 15:05:53.760045+00:00
1598638953124564998,ukraine-de,True,True,False,False,False,False,False,False,False,False,2022-12-02 15:05:53.759930+00:00,2022-12-02 15:05:53.759930+00:00
1598638953862762496,ukraine-de,True,True,False,False,False,False,False,False,False,False,2022-12-02 15:05:53.759723+00:00,2022-12-02 15:05:53.759723+00:00
1598638978349109249,ukraine-de,True,True,False,False,False,False,False,False,False,False,2022-12-02 15:05:53.759455+00:00,2022-12-02 15:05:53.759455+00:00
1598638999186415619,ukraine-de,True,True,False,False,False,False,False,False,False,False,2022-12-02 15:05:53.759352+00:00,2022-12-02 15:05:53.759352+00:00
1598639017137938433,ukraine-de,True,True,False,False,False,False,False,False,False,False,2022-12-02 15:01:05.656450+00:00,2022-12-02 15:05:53.759241+00:00
1598639021483335682,ukraine-de,True,True,False,False,False,False,False,False,False,False,2022-12-02 15:05:39.939188+00:00,2022-12-02 15:05:53.759123+00:00
1598639034183651331,ukraine-de,True,True,False,False,False,False,False,False,False,False,2022-12-02 15:05:53.758990+00:00,2022-12-02 15:05:53.758990+00:00
1598639035219582981,ukraine-de,True,True,False,False,False,False,False,False,False,False,2022-12-02 15:05:53.758871+00:00,2022-12-02 15:05:53.758871+00:00
1598639046732828672,ukraine-de,True,True,False,False,False,False,False,False,False,False,2022-12-02 15:05:53.758699+00:00,2022-12-02 15:05:53.758699+00:00
1598639059588595713,ukraine-de,True,True,False,False,False,False,False,False,False,False,2022-12-02 15:05:53.758556+00:00,2022-12-02 15:05:53.758556+00:00
1598639072389603331,ukraine-de,True,True,False,False,False,False,False,False,False,False,2022-12-02 15:05:53.758453+00:00,2022-12-02 15:05:53.758453+00:00
1598639081528954881,ukraine-de,True,True,False,False,False,False,False,False,False,False,2022-12-02 15:05:53.758350+00:00,2022-12-02 15:05:53.758350+00:00
1598639083382775816,ukraine-de,True,True,False,False,False,False,False,False,False,False,2022-12-02 15:05:53.758232+00:00,2022-12-02 15:05:53.758232+00:00
1598639083680518144,ukraine-de,True,True,False,False,False,False,False,False,False,False,2022-12-02 15:04:30.436744+00:00,2022-12-02 15:05:53.758110+00:00
1598639145756151809,ukraine-de,True,True,False,False,False,False,False,False,False,False,2022-12-02 15:05:53.757971+00:00,2022-12-02 15:05:53.757971+00:00
1598639150931902464,ukraine-de,True,False,False,False,False,False,False,False,False,False,2022-12-02 15:01:30.380558+00:00,2022-12-02 15:01:30.380558+00:00
1598639174436982785,ukraine-de,True,True,False,False,False,False,False,False,False,False,2022-12-02 15:05:53.757867+00:00,2022-12-02 15:05:53.757867+00:00
1598639181462241285,ukraine-de,True,True,False,False,False,False,False,False,False,False,2022-12-02 15:05:53.757745+00:00,2022-12-02 15:05:53.757745+00:00
1598639185530798081,ukraine-de,True,True,False,False,False,False,False,False,False,False,2022-12-02 15:05:53.757512+00:00,2022-12-02 15:05:53.757512+00:00
1598639193055543296,ukraine-de,True,True,False,False,False,False,False,False,False,False,2022-12-02 15:05:53.757285+00:00,2022-12-02 15:05:53.757285+00:00
1598639199791480832,ukraine-de,True,True,False,False,False,False,False,False,False,False,2022-12-02 15:05:53.757099+00:00,2022-12-02 15:05:53.757099+00:00
1598639211095248897,ukraine-de,True,False,False,False,False,False,False,False,False,False,2022-12-02 19:50:36.486382+00:00,2022-12-02 19:50:36.486382+00:00
1598639218716278849,ukraine-de,True,True,False,False,False,False,False,False,False,False,2022-12-02 15:05:53.756860+00:00,2022-12-02 15:05:53.756860+00:00
1598639267537887233,ukraine-de,True,True,False,False,False,False,False,False,False,False,2022-12-02 15:05:53.756721+00:00,2022-12-02 15:05:53.756721+00:00
1598639275377102855,ukraine-de,True,True,False,False,False,False,False,False,False,False,2022-12-02 15:05:53.756313+00:00,2022-12-02 15:05:53.756313+00:00
1598639296134660098,ukraine-de,True,True,False,False,False,False,False,False,False,False,2022-12-02 15:05:53.756114+00:00,2022-12-02 15:05:53.756114+00:00
1598639374589198337,ukraine-de,True,True,False,False,False,False,False,False,False,False,2022-12-02 15:05:53.756014+00:00,2022-12-02 15:05:53.756014+00:00
1598639377470611458,ukraine-de,True,True,False,False,False,False,False,False,False,False,2022-12-02 15:05:53.755912+00:00,2022-12-02 15:05:53.755912+00:00
1598639382927376385,ukraine-de,True,True,False,False,False,False,False,False,False,False,2022-12-02 15:05:53.755807+00:00,2022-12-02 15:05:53.755807+00:00
1598639391932547073,ukraine-de,True,True,False,False,False,False,False,False,False,False,2022-12-02 15:05:53.755693+00:00,2022-12-02 15:05:53.755693+00:00
1598639404389736450,ukraine-de,True,True,False,False,False,False,False,False,False,False,2022-12-02 15:05:53.755338+00:00,2022-12-02 15:05:53.755338+00:00
1598639405316677633,ukraine-de,True,True,False,False,False,False,False,False,False,False,2022-12-02 15:05:53.755228+00:00,2022-12-02 15:05:53.755228+00:00
1598639416486072320,ukraine-de,True,True,False,False,False,False,False,False,False,False,2022-12-02 15:05:53.755125+00:00,2022-12-02 15:05:53.755125+00:00
1598639433120731137,ukraine-de,True,True,False,False,False,False,False,False,False,False,2022-12-02 15:05:53.755005+00:00,2022-12-02 15:05:53.755005+00:00
1598639447838449665,ukraine-de,True,False,False,False,False,False,False,False,False,False,2022-12-02 15:05:53.784844+00:00,2022-12-02 15:05:53.784844+00:00
1598639484165300225,ukraine-de,True,True,False,False,False,False,False,False,False,False,2022-12-02 15:05:53.754897+00:00,2022-12-02 15:05:53.754897+00:00
1598639519229743110,ukraine-de,True,True,False,False,False,False,False,False,False,False,2022-12-02 15:05:53.754763+00:00,2022-12-02 15:05:53.754763+00:00
1598639549390807040,ukraine-de,True,False,False,False,False,False,False,False,False,False,2022-12-02 15:05:53.787684+00:00,2022-12-02 15:05:53.787684+00:00
1598639553916518400,ukraine-de,True,True,False,False,False,False,False,False,False,False,2022-12-02 15:05:53.754578+00:00,2022-12-02 15:05:53.754578+00:00
1598639554092736512,ukraine-de,True,True,False,False,False,False,False,False,False,False,2022-12-02 15:05:53.754447+00:00,2022-12-02 15:05:53.754447+00:00
1598639562087026688,ukraine-de,True,True,False,False,False,False,False,False,False,False,2022-12-02 15:05:53.754062+00:00,2022-12-02 15:05:53.754062+00:00
1598639581829529602,ukraine-de,True,True,False,False,False,False,False,False,False,False,2022-12-02 15:05:53.753962+00:00,2022-12-02 15:05:53.753962+00:00
1598639587454324736,ukraine-de,True,True,False,False,False,False,False,False,False,False,2022-12-02 15:05:53.753861+00:00,2022-12-02 15:05:53.753861+00:00
1598639597092741120,ukraine-de,True,True,False,False,False,False,False,False,False,False,2022-12-02 15:05:53.753759+00:00,2022-12-02 15:05:53.753759+00:00
1598639600494383105,ukraine-de,True,True,False,False,False,False,False,False,False,False,2022-12-02 15:05:53.753656+00:00,2022-12-02 15:05:53.753656+00:00
1598639607209463809,ukraine-de,True,True,False,False,False,False,False,False,False,False,2022-12-02 15:05:53.753472+00:00,2022-12-02 15:05:53.753472+00:00
1598639622258675716,ukraine-de,True,True,False,False,False,False,False,False,False,False,2022-12-02 15:05:53.753358+00:00,2022-12-02 15:05:53.753358+00:00
1598639637681082369,ukraine-de,True,True,False,False,False,False,False,False,False,False,2022-12-02 15:05:53.753239+00:00,2022-12-02 15:05:53.753239+00:00
1598639639669227522,ukraine-de,True,False,False,False,False,False,False,False,False,False,2022-12-02 15:05:53.773343+00:00,2022-12-02 15:05:53.773343+00:00
1598639653334106112,ukraine-de,True,True,False,False,False,False,False,False,False,False,2022-12-02 15:05:53.752884+00:00,2022-12-02 15:05:53.752884+00:00
1598639654819045376,ukraine-de,True,True,False,False,False,False,False,False,False,False,2022-12-02 15:05:53.752783+00:00,2022-12-02 15:05:53.752783+00:00
1598639669092253697,ukraine-de,True,True,False,False,False,False,False,False,False,False,2022-12-02 15:05:53.752681+00:00,2022-12-02 15:05:53.752681+00:00
1598639685403828224,ukraine-de,True,True,False,False,False,False,False,False,False,False,2022-12-02 15:05:53.752561+00:00,2022-12-02 15:05:53.752561+00:00
1598639685433171968,ukraine-de,True,True,False,False,False,False,False,False,False,False,2022-12-02 15:05:53.752459+00:00,2022-12-02 15:05:53.752459+00:00
1598639694933331970,ukraine-de,True,False,False,False,False,False,False,False,False,False,2022-12-02 19:51:22.130367+00:00,2022-12-02 19:51:22.130367+00:00
1598639698116808705,ukraine-de,True,True,False,False,False,False,False,False,False,False,2022-12-02 15:05:53.752355+00:00,2022-12-02 15:05:53.752355+00:00
1598639714738782211,ukraine-de,True,True,False,False,False,False,False,False,False,False,2022-12-02 15:05:53.752163+00:00,2022-12-02 15:05:53.752163+00:00
1598639763036200961,ukraine-de,True,True,False,False,False,False,False,False,False,False,2022-12-02 15:05:53.752048+00:00,2022-12-02 15:05:53.752048+00:00
1598639783227670528,ukraine-de,True,True,False,False,False,False,False,False,False,False,2022-12-02 15:05:53.751900+00:00,2022-12-02 15:05:53.751900+00:00
1598639788860395520,ukraine-de,True,True,False,False,False,False,False,False,False,False,2022-12-02 15:05:53.751796+00:00,2022-12-02 15:05:53.751796+00:00
1598639790974504961,ukraine-de,True,True,False,False,False,False,False,False,False,False,2022-12-02 15:05:53.751620+00:00,2022-12-02 15:05:53.751620+00:00
1598639808389201920,ukraine-de,True,True,False,False,False,False,False,False,False,False,2022-12-02 15:05:39.931950+00:00,2022-12-02 15:05:53.751520+00:00
1598639811476299776,ukraine-de,True,True,False,False,False,False,False,False,False,False,2022-12-02 15:05:53.751419+00:00,2022-12-02 15:05:53.751419+00:00
1598639812482850816,ukraine-de,True,True,False,False,False,False,False,False,False,False,2022-12-02 15:01:30.395431+00:00,2022-12-02 15:05:53.751306+00:00
1598639825317404672,ukraine-de,True,True,False,False,False,False,False,False,False,False,2022-12-02 15:05:53.751194+00:00,2022-12-02 15:05:53.751194+00:00
1598639829515964416,ukraine-de,True,True,False,False,False,False,False,False,False,False,2022-12-02 15:05:53.751090+00:00,2022-12-02 15:05:53.751090+00:00
1598639834444320768,ukraine-de,True,True,False,False,False,False,False,False,False,False,2022-12-02 15:05:53.750935+00:00,2022-12-02 15:05:53.750935+00:00
1598639855520587776,ukraine-de,True,True,False,False,False,False,False,False,False,False,2022-12-02 15:05:53.750757+00:00,2022-12-02 15:05:53.750757+00:00
1598639856674013185,ukraine-de,True,True,False,False,False,False,False,False,False,False,2022-12-02 15:05:53.750655+00:00,2022-12-02 15:05:53.750655+00:00
1598639859819859968,ukraine-de,True,False,False,False,False,False,False,False,False,False,2022-12-02 19:51:30.198631+00:00,2022-12-02 19:51:30.198631+00:00
1598639864206880768,ukraine-de,True,True,False,False,False,False,False,False,False,False,2022-12-02 15:05:53.750554+00:00,2022-12-02 15:05:53.750554+00:00
1598639864903192576,ukraine-de,True,False,False,False,False,False,False,False,False,False,2022-12-02 15:05:39.926172+00:00,2022-12-02 15:05:39.926172+00:00
1598639886986203137,ukraine-de,True,True,False,False,False,False,False,False,False,False,2022-12-02 15:05:53.750450+00:00,2022-12-02 15:05:53.750450+00:00
1598639905084784641,ukraine-de,True,True,False,False,False,False,False,False,False,False,2022-12-02 15:05:53.750348+00:00,2022-12-02 15:05:53.750348+00:00
1598639912881950727,ukraine-de,True,True,False,False,False,False,False,False,False,False,2022-12-02 15:05:53.750234+00:00,2022-12-02 15:05:53.750234+00:00
1598639915356528640,ukraine-de,True,True,False,False,False,False,False,False,False,False,2022-12-02 15:05:53.750131+00:00,2022-12-02 15:05:53.750131+00:00
1598639919240454144,ukraine-de,True,True,False,False,False,False,False,False,False,False,2022-12-02 15:05:53.750031+00:00,2022-12-02 15:05:53.750031+00:00
1598639929847910403,ukraine-de,True,True,False,False,False,False,False,False,False,False,2022-12-02 15:05:53.749913+00:00,2022-12-02 15:05:53.749913+00:00
1598639949833699329,ukraine-de,True,True,False,False,False,False,False,False,False,False,2022-12-02 15:05:53.749763+00:00,2022-12-02 15:05:53.749763+00:00
1598639973485248513,ukraine-de,True,True,False,False,False,False,False,False,False,False,2022-12-02 15:05:53.749647+00:00,2022-12-02 15:05:53.749647+00:00
1598640002564431872,ukraine-de,True,False,False,False,False,False,False,False,False,False,2022-12-02 15:05:53.786195+00:00,2022-12-02 15:05:53.786195+00:00
1598640008595906561,ukraine-de,True,True,False,False,False,False,False,False,False,False,2022-12-02 15:05:53.749532+00:00,2022-12-02 15:05:53.749532+00:00
1598640052610822144,ukraine-de,True,True,False,False,False,False,False,False,False,False,2022-12-02 15:05:53.749434+00:00,2022-12-02 15:05:53.749434+00:00
1598640070109499392,ukraine-de,True,True,False,False,False,False,False,False,False,False,2022-12-02 15:05:53.749337+00:00,2022-12-02 15:05:53.749337+00:00
1598640096810618881,ukraine-de,True,True,False,False,False,False,False,False,False,False,2022-12-02 15:05:53.749236+00:00,2022-12-02 15:05:53.749236+00:00
1598640098018562048,ukraine-de,True,True,False,False,False,False,False,False,False,False,2022-12-02 15:05:53.749063+00:00,2022-12-02 15:05:53.749063+00:00
1598640098945310720,ukraine-de,True,False,False,False,False,False,False,False,False,False,2022-12-02 15:05:53.770038+00:00,2022-12-02 15:05:53.770038+00:00
1598640108479168513,ukraine-de,True,True,False,False,False,False,False,False,False,False,2022-12-02 15:05:53.748960+00:00,2022-12-02 15:05:53.748960+00:00
1598640124572540928,ukraine-de,True,True,False,False,False,False,False,False,False,False,2022-12-02 15:05:53.748840+00:00,2022-12-02 15:05:53.748840+00:00
1598640131711590401,ukraine-de,True,True,False,False,False,False,False,False,False,False,2022-12-02 15:05:53.748634+00:00,2022-12-02 15:05:53.748634+00:00
1598640139143725058,ukraine-de,True,True,False,False,False,False,False,False,False,False,2022-12-02 15:05:53.748465+00:00,2022-12-02 15:05:53.748465+00:00
1598640140003704832,ukraine-de,True,True,False,False,False,False,False,False,False,False,2022-12-02 15:05:53.748362+00:00,2022-12-02 15:05:53.748362+00:00
1598640165693448192,ukraine-de,True,True,False,False,False,False,False,False,False,False,2022-12-02 15:05:53.748230+00:00,2022-12-02 15:05:53.748230+00:00
1598640173188894721,ukraine-de,True,True,False,False,False,False,False,False,False,False,2022-12-02 15:05:53.748054+00:00,2022-12-02 15:05:53.748054+00:00
1598640195670315010,ukraine-de,True,False,False,False,False,False,False,False,False,False,2022-12-02 19:51:30.193961+00:00,2022-12-02 19:51:30.193961+00:00
1598640197855375360,ukraine-de,True,True,False,False,False,False,False,False,False,False,2022-12-02 15:05:53.747954+00:00,2022-12-02 15:05:53.747954+00:00
1598640220181700608,ukraine-de,True,True,False,False,False,False,False,False,False,False,2022-12-02 15:05:53.747852+00:00,2022-12-02 15:05:53.747852+00:00
1598640226271895552,ukraine-de,True,False,False,False,False,False,False,False,False,False,2022-12-02 22:35:54.175748+00:00,2022-12-02 22:35:54.175748+00:00
1598640229132292096,ukraine-de,True,False,False,False,False,False,False,False,False,False,2022-12-02 15:05:53.777505+00:00,2022-12-02 15:05:53.777505+00:00
1598640234513563648,ukraine-de,True,True,False,False,False,False,False,False,False,False,2022-12-02 15:05:53.747730+00:00,2022-12-02 15:05:53.747730+00:00
1598640258530222080,ukraine-de,True,True,False,False,False,False,False,False,False,False,2022-12-02 15:05:53.747508+00:00,2022-12-02 15:05:53.747508+00:00
1598640264788135936,ukraine-de,True,True,False,False,False,False,False,False,False,False,2022-12-02 15:05:53.747406+00:00,2022-12-02 15:05:53.747406+00:00
1598640266268884994,ukraine-de,True,True,False,False,False,False,False,False,False,False,2022-12-02 15:05:53.747296+00:00,2022-12-02 15:05:53.747296+00:00
1598640274619539457,ukraine-de,True,True,False,False,False,False,False,False,False,False,2022-12-02 15:05:53.747186+00:00,2022-12-02 15:05:53.747186+00:00
1598640300674662400,ukraine-de,True,True,False,False,False,False,False,False,False,False,2022-12-02 15:05:53.747066+00:00,2022-12-02 15:05:53.747066+00:00
1598640301119250432,ukraine-de,True,True,False,False,False,False,False,False,False,False,2022-12-02 15:05:53.746928+00:00,2022-12-02 15:05:53.746928+00:00
1598640311181639680,ukraine-de,True,True,False,False,False,False,False,False,False,False,2022-12-02 15:05:53.746726+00:00,2022-12-02 15:05:53.746726+00:00
1598640312175497216,ukraine-de,True,True,False,False,False,False,False,False,False,False,2022-12-02 15:05:53.746611+00:00,2022-12-02 15:05:53.746611+00:00
1598640315199414272,ukraine-de,True,False,False,False,False,False,False,False,False,False,2022-12-02 15:05:53.786595+00:00,2022-12-02 15:05:53.786595+00:00
1598640334245924864,ukraine-de,True,True,False,False,False,False,False,False,False,False,2022-12-02 15:05:53.746509+00:00,2022-12-02 15:05:53.746509+00:00
1598640337043480579,ukraine-de,True,False,False,False,False,False,False,False,False,False,2022-12-02 15:05:53.780397+00:00,2022-12-02 15:05:53.780397+00:00
1598640359818596354,ukraine-de,True,True,False,False,False,False,False,False,False,False,2022-12-02 15:05:53.746393+00:00,2022-12-02 15:05:53.746393+00:00
1598640400750747648,ukraine-de,True,True,False,False,False,False,False,False,False,False,2022-12-02 15:05:53.746293+00:00,2022-12-02 15:05:53.746293+00:00
1598640415627874304,ukraine-de,True,True,False,False,False,False,False,False,False,False,2022-12-02 15:05:53.746191+00:00,2022-12-02 15:05:53.746191+00:00
1598640416311713794,ukraine-de,True,True,False,False,False,False,False,False,False,False,2022-12-02 15:05:53.746091+00:00,2022-12-02 15:05:53.746091+00:00
1598640434724556800,ukraine-de,True,True,False,False,False,False,False,False,False,False,2022-12-02 15:05:53.745982+00:00,2022-12-02 15:05:53.745982+00:00
1598640443050401793,ukraine-de,True,True,False,False,False,False,False,False,False,False,2022-12-02 15:05:53.745868+00:00,2022-12-02 15:05:53.745868+00:00
1598640497559588866,ukraine-de,True,True,False,False,False,False,False,False,False,False,2022-12-02 15:05:53.745750+00:00,2022-12-02 15:05:53.745750+00:00
1598640509156823041,ukraine-de,True,True,False,False,False,False,False,False,False,False,2022-12-02 15:05:53.745609+00:00,2022-12-02 15:05:53.745609+00:00
1598640524558303232,ukraine-de,True,True,False,False,False,False,False,False,False,False,2022-12-02 15:05:53.745487+00:00,2022-12-02 15:05:53.745487+00:00
1598640549178769408,ukraine-de,True,True,False,False,False,False,False,False,False,False,2022-12-02 15:05:53.745385+00:00,2022-12-02 15:05:53.745385+00:00
1598640571857489921,ukraine-de,True,True,False,False,False,False,False,False,False,False,2022-12-02 15:05:53.745273+00:00,2022-12-02 15:05:53.745273+00:00
1598640589330780160,ukraine-de,True,True,False,False,False,False,False,False,False,False,2022-12-02 15:05:53.745055+00:00,2022-12-02 15:05:53.745055+00:00
1598640615977353218,ukraine-de,True,True,False,False,False,False,False,False,False,False,2022-12-02 15:05:53.744953+00:00,2022-12-02 15:05:53.744953+00:00
1598640622084263938,ukraine-de,True,True,False,False,False,False,False,False,False,False,2022-12-02 15:01:30.406955+00:00,2022-12-02 15:05:53.744853+00:00
1598640624139313153,ukraine-de,True,False,False,False,False,False,False,False,False,False,2022-12-02 19:50:59.823992+00:00,2022-12-02 19:50:59.823992+00:00
1598640652329287680,ukraine-de,True,True,False,False,False,False,False,False,False,False,2022-12-02 15:05:53.744750+00:00,2022-12-02 15:05:53.744750+00:00
1598640691969679360,ukraine-de,True,True,False,False,False,False,False,False,False,False,2022-12-02 15:05:53.744637+00:00,2022-12-02 15:05:53.744637+00:00
1598640701041934336,ukraine-de,True,True,False,False,False,False,False,False,False,False,2022-12-02 15:05:53.744535+00:00,2022-12-02 15:05:53.744535+00:00
1598640725402476544,ukraine-de,True,True,False,False,False,False,False,False,False,False,2022-12-02 15:05:53.744430+00:00,2022-12-02 15:05:53.744430+00:00
1598640772554887168,ukraine-de,True,True,False,False,False,False,False,False,False,False,2022-12-02 15:05:53.744325+00:00,2022-12-02 15:05:53.744325+00:00
1598640783300579328,ukraine-de,True,True,False,False,False,False,False,False,False,False,2022-12-02 15:05:53.744142+00:00,2022-12-02 15:05:53.744142+00:00
1598640828527828999,ukraine-de,True,False,False,False,False,False,False,False,False,False,2022-12-02 15:05:53.784209+00:00,2022-12-02 15:05:53.784209+00:00
1598640899319283712,ukraine-de,True,True,False,False,False,False,False,False,False,False,2022-12-02 15:05:53.743943+00:00,2022-12-02 15:05:53.743943+00:00
1598640930197622784,ukraine-de,True,True,False,False,False,False,False,False,False,False,2022-12-02 15:05:53.743838+00:00,2022-12-02 15:05:53.743838+00:00
1598640935256166400,ukraine-de,True,True,False,False,False,False,False,False,False,False,2022-12-02 15:05:53.743697+00:00,2022-12-02 15:05:53.743697+00:00
1598640949214707717,ukraine-de,True,True,False,False,False,False,False,False,False,False,2022-12-02 15:05:53.743540+00:00,2022-12-02 15:05:53.743540+00:00
1598640950330417152,ukraine-de,True,True,False,False,False,False,False,False,False,False,2022-12-02 15:05:53.743439+00:00,2022-12-02 15:05:53.743439+00:00
1598640956378603520,ukraine-de,True,True,False,False,False,False,False,False,False,False,2022-12-02 15:05:53.743312+00:00,2022-12-02 15:05:53.743312+00:00
1598640957959929856,ukraine-de,True,True,False,False,False,False,False,False,False,False,2022-12-02 15:05:53.743202+00:00,2022-12-02 15:05:53.743202+00:00
1598640970525982726,ukraine-de,True,False,False,False,False,False,False,False,False,False,2022-12-02 15:05:39.932059+00:00,2022-12-02 15:05:39.932059+00:00
1598640987240382464,ukraine-de,True,True,False,False,False,False,False,False,False,False,2022-12-02 15:01:05.642009+00:00,2022-12-02 15:05:53.743100+00:00
1598640991711465474,ukraine-de,True,True,False,False,False,False,False,False,False,False,2022-12-02 15:05:39.924737+00:00,2022-12-02 15:05:53.742981+00:00
1598641034040430594,ukraine-de,True,True,False,False,False,False,False,False,False,False,2022-12-02 15:05:53.742771+00:00,2022-12-02 15:05:53.742771+00:00
1598641078441320451,ukraine-de,True,True,False,False,False,False,False,False,False,False,2022-12-02 15:05:53.742662+00:00,2022-12-02 15:05:53.742662+00:00
1598641109789466625,ukraine-de,True,True,False,False,False,False,False,False,False,False,2022-12-02 15:05:53.742501+00:00,2022-12-02 15:05:53.742501+00:00
1598641111332970497,ukraine-de,True,True,False,False,False,False,False,False,False,False,2022-12-02 15:05:53.742383+00:00,2022-12-02 15:05:53.742383+00:00
1598641149933232128,ukraine-de,True,True,False,False,False,False,False,False,False,False,2022-12-02 15:05:53.742268+00:00,2022-12-02 15:05:53.742268+00:00
1598641158086750208,ukraine-de,True,True,False,False,False,False,False,False,False,False,2022-12-02 15:05:53.742159+00:00,2022-12-02 15:05:53.742159+00:00
1598641169684111363,ukraine-de,True,True,False,False,False,False,False,False,False,False,2022-12-02 15:05:53.742058+00:00,2022-12-02 15:05:53.742058+00:00
1598641174138560513,ukraine-de,True,True,False,False,False,False,False,False,False,False,2022-12-02 15:05:53.741957+00:00,2022-12-02 15:05:53.741957+00:00
1598641182493450240,ukraine-de,True,True,False,False,False,False,False,False,False,False,2022-12-02 15:05:53.741856+00:00,2022-12-02 15:05:53.741856+00:00
1598641200713633792,ukraine-de,True,False,False,False,False,False,False,False,False,False,2022-12-02 15:05:53.771837+00:00,2022-12-02 15:05:53.771837+00:00
1598641208376582146,ukraine-de,True,True,False,False,False,False,False,False,False,False,2022-12-02 15:05:53.741752+00:00,2022-12-02 15:05:53.741752+00:00
1598641227817271297,ukraine-de,True,False,False,False,False,False,False,False,False,False,2022-12-03 08:10:46.221060+00:00,2022-12-03 08:10:46.221060+00:00
1598641245672316928,ukraine-de,True,True,False,False,False,False,False,False,False,False,2022-12-02 15:05:53.741647+00:00,2022-12-02 15:05:53.741647+00:00
1598641256720015360,ukraine-de,True,True,False,False,False,False,False,False,False,False,2022-12-02 15:05:53.741492+00:00,2022-12-02 15:05:53.741492+00:00
1598641277205200896,ukraine-de,True,False,False,False,False,False,False,False,False,False,2022-12-02 15:05:53.780985+00:00,2022-12-02 15:05:53.780985+00:00
1598641281286262791,ukraine-de,True,True,False,False,False,False,False,False,False,False,2022-12-02 15:05:53.741370+00:00,2022-12-02 15:05:53.741370+00:00
1598641305139249153,ukraine-de,True,False,False,False,False,False,False,False,False,False,2022-12-02 15:05:39.931636+00:00,2022-12-02 15:05:39.931636+00:00
1598641308217679873,ukraine-de,True,False,False,False,False,False,False,False,False,False,2022-12-02 19:51:08.499186+00:00,2022-12-02 19:51:08.499186+00:00
1598641310788788226,ukraine-de,True,True,False,False,False,False,False,False,False,False,2022-12-02 15:05:53.741219+00:00,2022-12-02 15:05:53.741219+00:00
1598641369790091264,ukraine-de,True,True,False,False,False,False,False,False,False,False,2022-12-02 15:05:53.740892+00:00,2022-12-02 15:05:53.740892+00:00
1598641377168003072,ukraine-de,True,False,False,False,False,False,False,False,False,False,2022-12-02 15:01:05.646252+00:00,2022-12-02 15:01:05.646252+00:00
1598641387997569024,ukraine-de,True,True,False,False,False,False,False,False,False,False,2022-12-02 15:05:53.740792+00:00,2022-12-02 15:05:53.740792+00:00
1598641404850348033,ukraine-de,True,True,False,False,False,False,False,False,False,False,2022-12-02 15:05:53.740692+00:00,2022-12-02 15:05:53.740692+00:00
1598641427701014531,ukraine-de,True,True,False,False,False,False,False,False,False,False,2022-12-02 15:05:39.939881+00:00,2022-12-02 15:05:53.740592+00:00
1598641438627078144,ukraine-de,True,True,False,False,False,False,False,False,False,False,2022-12-02 15:05:53.740490+00:00,2022-12-02 15:05:53.740490+00:00
1598641460726956032,ukraine-de,True,True,False,False,False,False,False,False,False,False,2022-12-02 15:05:53.740383+00:00,2022-12-02 15:05:53.740383+00:00
1598641469883129857,ukraine-de,True,True,False,False,False,False,False,False,False,False,2022-12-02 15:05:53.740143+00:00,2022-12-02 15:05:53.740143+00:00
1598641504922357764,ukraine-de,True,True,False,False,False,False,False,False,False,False,2022-12-02 15:05:53.740045+00:00,2022-12-02 15:05:53.740045+00:00
1598641517773586432,ukraine-de,True,True,False,False,False,False,False,False,False,False,2022-12-02 15:05:53.739946+00:00,2022-12-02 15:05:53.739946+00:00
1598641520722198529,ukraine-de,True,True,False,False,False,False,False,False,False,False,2022-12-02 15:05:53.739846+00:00,2022-12-02 15:05:53.739846+00:00
1598641538300612608,ukraine-de,True,True,False,False,False,False,False,False,False,False,2022-12-02 15:05:53.739740+00:00,2022-12-02 15:05:53.739740+00:00
1598641540762636288,ukraine-de,True,True,False,False,False,False,False,False,False,False,2022-12-02 15:05:53.739579+00:00,2022-12-02 15:05:53.739579+00:00
1598641549109338113,ukraine-de,True,True,False,False,False,False,False,False,False,False,2022-12-02 15:05:53.739470+00:00,2022-12-02 15:05:53.739470+00:00
1598641556474499072,ukraine-de,True,True,False,False,False,False,False,False,False,False,2022-12-02 15:05:53.739367+00:00,2022-12-02 15:05:53.739367+00:00
1598641560207310848,ukraine-de,True,True,False,False,False,False,False,False,False,False,2022-12-02 15:05:53.739251+00:00,2022-12-02 15:05:53.739251+00:00
1598641585977143296,ukraine-de,True,True,False,False,False,False,False,False,False,False,2022-12-02 15:05:53.739139+00:00,2022-12-02 15:05:53.739139+00:00
1598641671285211140,ukraine-de,True,True,False,False,False,False,False,False,False,False,2022-12-02 15:05:53.739035+00:00,2022-12-02 15:05:53.739035+00:00
1598641689102622721,ukraine-de,True,True,False,False,False,False,False,False,False,False,2022-12-02 15:05:53.738931+00:00,2022-12-02 15:05:53.738931+00:00
1598641713337319424,ukraine-de,True,True,False,False,False,False,False,False,False,False,2022-12-02 15:05:53.738809+00:00,2022-12-02 15:05:53.738809+00:00
1598641715782500352,ukraine-de,True,True,False,False,False,False,False,False,False,False,2022-12-02 15:05:53.738692+00:00,2022-12-02 15:05:53.738692+00:00
1598641723470659586,ukraine-de,True,True,False,False,False,False,False,False,False,False,2022-12-02 15:05:53.738576+00:00,2022-12-02 15:05:53.738576+00:00
1598641725643309056,ukraine-de,True,False,False,False,False,False,False,False,False,False,2022-12-03 01:30:18.807407+00:00,2022-12-03 01:30:18.807407+00:00
1598641761580097536,ukraine-de,True,True,False,False,False,False,False,False,False,False,2022-12-02 15:05:53.738197+00:00,2022-12-02 15:05:53.738197+00:00
1598641769754812416,ukraine-de,True,True,False,False,False,False,False,False,False,False,2022-12-02 15:05:53.738086+00:00,2022-12-02 15:05:53.738086+00:00
1598641795323219969,ukraine-de,True,True,False,False,False,False,False,False,False,False,2022-12-02 15:05:53.737972+00:00,2022-12-02 15:05:53.737972+00:00
1598641797055627265,ukraine-de,True,False,False,False,False,False,False,False,False,False,2022-12-02 15:05:53.767566+00:00,2022-12-02 15:05:53.767566+00:00
1598641846833614857,ukraine-de,True,True,False,False,False,False,False,False,False,False,2022-12-02 15:05:53.737842+00:00,2022-12-02 15:05:53.737842+00:00
1598641855834505221,ukraine-de,True,True,False,False,False,False,False,False,False,False,2022-12-02 15:05:53.737741+00:00,2022-12-02 15:05:53.737741+00:00
1598641873504989184,ukraine-de,True,True,False,False,False,False,False,False,False,False,2022-12-02 15:05:53.737639+00:00,2022-12-02 15:05:53.737639+00:00
1598641878030770176,ukraine-de,True,True,False,False,False,False,False,False,False,False,2022-12-02 15:05:53.737519+00:00,2022-12-02 15:05:53.737519+00:00
1598641884708085761,ukraine-de,True,False,False,False,False,False,False,False,False,False,2022-12-02 15:05:53.778529+00:00,2022-12-02 15:05:53.778529+00:00
1598641890085244929,ukraine-de,True,True,False,False,False,False,False,False,False,False,2022-12-02 15:05:53.737417+00:00,2022-12-02 15:05:53.737417+00:00
1598641897001701377,ukraine-de,True,True,False,False,False,False,False,False,False,False,2022-12-02 15:05:53.737314+00:00,2022-12-02 15:05:53.737314+00:00
1598641908926103553,ukraine-de,True,True,False,False,False,False,False,False,False,False,2022-12-02 15:05:53.737208+00:00,2022-12-02 15:05:53.737208+00:00
1598641962076311552,ukraine-de,True,True,False,False,False,False,False,False,False,False,2022-12-02 15:05:53.737050+00:00,2022-12-02 15:05:53.737050+00:00
1598641965695991808,ukraine-de,True,True,False,False,False,False,False,False,False,False,2022-12-02 15:05:53.736937+00:00,2022-12-02 15:05:53.736937+00:00
1598641968258621440,ukraine-de,True,True,False,False,False,False,False,False,False,False,2022-12-02 15:05:53.736818+00:00,2022-12-02 15:05:53.736818+00:00
1598641969625956353,ukraine-de,True,True,False,False,False,False,False,False,False,False,2022-12-02 15:05:53.736681+00:00,2022-12-02 15:05:53.736681+00:00
1598641976974446596,ukraine-de,True,True,False,False,False,False,False,False,False,False,2022-12-02 15:05:53.736437+00:00,2022-12-02 15:05:53.736437+00:00
1598641985455267841,ukraine-de,True,True,False,False,False,False,False,False,False,False,2022-12-02 15:05:53.736269+00:00,2022-12-02 15:05:53.736269+00:00
1598642015918444545,ukraine-de,True,True,False,False,False,False,False,False,False,False,2022-12-02 15:05:53.736105+00:00,2022-12-02 15:05:53.736105+00:00
1598642016707137536,ukraine-de,True,True,False,False,False,False,False,False,False,False,2022-12-02 15:05:53.736001+00:00,2022-12-02 15:05:53.736001+00:00
1598642017835302912,ukraine-de,True,False,False,False,False,False,False,False,False,False,2022-12-02 15:05:39.927725+00:00,2022-12-02 15:05:39.927725+00:00
1598642027830267904,ukraine-de,True,True,False,False,False,False,False,False,False,False,2022-12-02 15:05:53.735883+00:00,2022-12-02 15:05:53.735883+00:00
1598642028425973765,ukraine-de,True,True,False,False,False,False,False,False,False,False,2022-12-02 15:05:53.735752+00:00,2022-12-02 15:05:53.735752+00:00
1598642063486107649,ukraine-de,True,True,False,False,False,False,False,False,False,False,2022-12-02 15:05:53.735537+00:00,2022-12-02 15:05:53.735537+00:00
1598642068133404672,ukraine-de,True,True,False,False,False,False,False,False,False,False,2022-12-02 15:05:53.735413+00:00,2022-12-02 15:05:53.735413+00:00
1598642069601386497,ukraine-de,True,True,False,False,False,False,False,False,False,False,2022-12-02 15:05:53.735291+00:00,2022-12-02 15:05:53.735291+00:00
1598642103097212929,ukraine-de,True,True,False,False,False,False,False,False,False,False,2022-12-02 15:05:53.735169+00:00,2022-12-02 15:05:53.735169+00:00
1598642111125098498,ukraine-de,True,True,False,False,False,False,False,False,False,False,2022-12-02 15:05:53.734980+00:00,2022-12-02 15:05:53.734980+00:00
1598642131974750208,ukraine-de,True,True,False,False,False,False,False,False,False,False,2022-12-02 15:05:53.734710+00:00,2022-12-02 15:05:53.734710+00:00
1598642150215925760,ukraine-de,True,True,False,False,False,False,False,False,False,False,2022-12-02 15:05:53.734520+00:00,2022-12-02 15:05:53.734520+00:00
1598642155202936836,ukraine-de,True,True,False,False,False,False,False,False,False,False,2022-12-02 15:05:53.734407+00:00,2022-12-02 15:05:53.734407+00:00
1598642197880094721,ukraine-de,True,True,False,False,False,False,False,False,False,False,2022-12-02 15:05:53.734303+00:00,2022-12-02 15:05:53.734303+00:00
1598642208600735747,ukraine-de,True,True,False,False,False,False,False,False,False,False,2022-12-02 15:05:53.734180+00:00,2022-12-02 15:05:53.734180+00:00
1598642227298947072,ukraine-de,True,True,False,False,False,False,False,False,False,False,2022-12-02 15:05:53.734066+00:00,2022-12-02 15:05:53.734066+00:00
1598642264938520577,ukraine-de,True,True,False,False,False,False,False,False,False,False,2022-12-02 15:05:53.733860+00:00,2022-12-02 15:05:53.733860+00:00
1598642305711456257,ukraine-de,True,True,False,False,False,False,False,False,False,False,2022-12-02 15:05:53.733759+00:00,2022-12-02 15:05:53.733759+00:00
1598642308311916544,ukraine-de,True,True,False,False,False,False,False,False,False,False,2022-12-02 15:01:30.396874+00:00,2022-12-02 15:05:53.733652+00:00
1598642329363124224,ukraine-de,True,True,False,False,False,False,False,False,False,False,2022-12-02 15:05:53.733512+00:00,2022-12-02 15:05:53.733512+00:00
1598642358953861120,ukraine-de,True,True,False,False,False,False,False,False,False,False,2022-12-02 15:05:53.733411+00:00,2022-12-02 15:05:53.733411+00:00
1598642364800802820,ukraine-de,True,True,False,False,False,False,False,False,False,False,2022-12-02 15:05:53.733309+00:00,2022-12-02 15:05:53.733309+00:00
1598642370148536321,ukraine-de,True,True,False,False,False,False,False,False,False,False,2022-12-02 15:05:53.733197+00:00,2022-12-02 15:05:53.733197+00:00
1598642384228712449,ukraine-de,True,True,False,False,False,False,False,False,False,False,2022-12-02 15:05:53.733078+00:00,2022-12-02 15:05:53.733078+00:00
1598642397356892161,ukraine-de,True,True,False,False,False,False,False,False,False,False,2022-12-02 15:05:53.732973+00:00,2022-12-02 15:05:53.732973+00:00
1598642418097655808,ukraine-de,True,False,False,False,False,False,False,False,False,False,2022-12-02 15:01:05.653784+00:00,2022-12-02 15:01:05.653784+00:00
1598642418529619969,ukraine-de,True,True,False,False,False,False,False,False,False,False,2022-12-02 15:05:53.732847+00:00,2022-12-02 15:05:53.732847+00:00
1598642419544662016,ukraine-de,True,True,False,False,False,False,False,False,False,False,2022-12-02 15:05:53.732652+00:00,2022-12-02 15:05:53.732652+00:00
1598642436343009280,ukraine-de,True,True,False,False,False,False,False,False,False,False,2022-12-02 15:05:53.732515+00:00,2022-12-02 15:05:53.732515+00:00
1598642450876227589,ukraine-de,True,True,False,False,False,False,False,False,False,False,2022-12-02 15:05:53.732339+00:00,2022-12-02 15:05:53.732339+00:00
1598642487723270144,ukraine-de,True,True,False,False,False,False,False,False,False,False,2022-12-02 15:05:53.732158+00:00,2022-12-02 15:05:53.732158+00:00
1598642527577546752,ukraine-de,True,False,False,False,False,False,False,False,False,False,2022-12-02 15:01:05.653257+00:00,2022-12-02 15:01:05.653257+00:00
1598642545596239872,ukraine-de,True,True,False,False,False,False,False,False,False,False,2022-12-02 15:05:53.731976+00:00,2022-12-02 15:05:53.731976+00:00
1598642580023087109,ukraine-de,True,True,False,False,False,False,False,False,False,False,2022-12-02 15:01:05.659765+00:00,2022-12-02 15:05:53.731845+00:00
1598642603259580417,ukraine-de,True,True,False,False,False,False,False,False,False,False,2022-12-02 15:05:53.731611+00:00,2022-12-02 15:05:53.731611+00:00
1598642613329985539,ukraine-de,True,False,False,False,False,False,False,False,False,False,2022-12-02 15:01:30.391779+00:00,2022-12-02 15:01:30.391779+00:00
1598642625061568513,ukraine-de,True,False,False,False,False,False,False,False,False,False,2022-12-02 15:05:53.776172+00:00,2022-12-02 15:05:53.776172+00:00
1598642626026262528,ukraine-de,True,True,False,False,False,False,False,False,False,False,2022-12-02 15:05:53.731388+00:00,2022-12-02 15:05:53.731388+00:00
1598642629222072320,ukraine-de,True,False,False,False,False,False,False,False,False,False,2022-12-02 15:05:39.935285+00:00,2022-12-02 15:05:39.935285+00:00
1598642634901241858,ukraine-de,True,True,False,False,False,False,False,False,False,False,2022-12-02 15:05:53.731181+00:00,2022-12-02 15:05:53.731181+00:00
1598642639213035520,ukraine-de,True,False,False,False,False,False,False,False,False,False,2022-12-02 15:05:39.922835+00:00,2022-12-02 15:05:39.922835+00:00
1598642651527618561,ukraine-de,True,True,False,False,False,False,False,False,False,False,2022-12-02 15:05:53.730979+00:00,2022-12-02 15:05:53.730979+00:00
1598642669927923714,ukraine-de,True,False,False,False,False,False,False,False,False,False,2022-12-02 15:05:53.771097+00:00,2022-12-02 15:05:53.771097+00:00
1598642679411245056,ukraine-de,True,True,False,False,False,False,False,False,False,False,2022-12-02 15:05:53.730871+00:00,2022-12-02 15:05:53.730871+00:00
1598642740165840896,ukraine-de,True,True,False,False,False,False,False,False,False,False,2022-12-02 15:05:53.730740+00:00,2022-12-02 15:05:53.730740+00:00
1598642750861152256,ukraine-de,True,True,False,False,False,False,False,False,False,False,2022-12-02 15:05:53.730535+00:00,2022-12-02 15:05:53.730535+00:00
1598642758515818498,ukraine-de,True,True,False,False,False,False,False,False,False,False,2022-12-02 15:05:53.730437+00:00,2022-12-02 15:05:53.730437+00:00
1598642806754525186,ukraine-de,True,True,False,False,False,False,False,False,False,False,2022-12-02 15:05:53.730331+00:00,2022-12-02 15:05:53.730331+00:00
1598642825884745728,ukraine-de,True,False,False,False,False,False,False,False,False,False,2022-12-03 03:40:14.817232+00:00,2022-12-03 03:40:14.817232+00:00
1598642832167804930,ukraine-de,True,False,False,False,False,False,False,False,False,False,2022-12-02 15:05:39.938242+00:00,2022-12-02 15:05:39.938242+00:00
1598642841273921536,ukraine-de,True,True,False,False,False,False,False,False,False,False,2022-12-02 15:05:53.730178+00:00,2022-12-02 15:05:53.730178+00:00
1598642863448940545,ukraine-de,True,True,False,False,False,False,False,False,False,False,2022-12-02 15:05:53.730064+00:00,2022-12-02 15:05:53.730064+00:00
1598642887352279040,ukraine-de,True,False,False,False,False,False,False,False,False,False,2022-12-02 15:01:30.394178+00:00,2022-12-02 15:01:30.394178+00:00
1598642901998743552,ukraine-de,True,True,False,False,False,False,False,False,False,False,2022-12-02 15:05:53.729956+00:00,2022-12-02 15:05:53.729956+00:00
1598642943719575553,ukraine-de,True,True,False,False,False,False,False,False,False,False,2022-12-02 15:05:53.729845+00:00,2022-12-02 15:05:53.729845+00:00
1598642947741786112,ukraine-de,True,False,False,False,False,False,False,False,False,False,2022-12-02 15:01:05.659883+00:00,2022-12-02 15:01:05.659883+00:00
1598642971636809729,ukraine-de,True,False,False,False,False,False,False,False,False,False,2022-12-02 15:05:39.930749+00:00,2022-12-02 15:05:39.930749+00:00
1598642972903452672,ukraine-de,True,True,False,False,False,False,False,False,False,False,2022-12-02 15:05:53.729726+00:00,2022-12-02 15:05:53.729726+00:00
1598642976577798144,ukraine-de,True,False,False,False,False,False,False,False,False,False,2022-12-02 15:05:53.778725+00:00,2022-12-02 15:05:53.778725+00:00
1598643030596194304,ukraine-de,True,True,False,False,False,False,False,False,False,False,2022-12-02 15:05:53.728907+00:00,2022-12-02 15:05:53.728907+00:00
1598643034413043719,ukraine-de,True,True,False,False,False,False,False,False,False,False,2022-12-02 15:05:53.728795+00:00,2022-12-02 15:05:53.728795+00:00
1598643069359779841,ukraine-de,True,True,False,False,False,False,False,False,False,False,2022-12-02 15:05:53.728416+00:00,2022-12-02 15:05:53.728416+00:00
1598643074091065344,ukraine-de,True,True,False,False,False,False,False,False,False,False,2022-12-02 15:05:53.728274+00:00,2022-12-02 15:05:53.728274+00:00
1598643094794149890,ukraine-de,True,True,False,False,False,False,False,False,False,False,2022-12-02 15:05:53.727595+00:00,2022-12-02 15:05:53.727595+00:00
1598643137605472258,ukraine-de,True,True,False,False,False,False,False,False,False,False,2022-12-02 15:05:53.727482+00:00,2022-12-02 15:05:53.727482+00:00
1598643158396682243,ukraine-de,True,True,False,False,False,False,False,False,False,False,2022-12-02 15:05:53.727378+00:00,2022-12-02 15:05:53.727378+00:00
1598643193087774722,ukraine-de,True,True,False,False,False,False,False,False,False,False,2022-12-02 15:01:30.406418+00:00,2022-12-02 15:05:53.727260+00:00
1598643198599090178,ukraine-de,True,False,False,False,False,False,False,False,False,False,2022-12-02 15:05:39.916616+00:00,2022-12-02 15:05:39.916616+00:00
1598643216835907584,ukraine-de,True,True,False,False,False,False,False,False,False,False,2022-12-02 15:05:53.727078+00:00,2022-12-02 15:05:53.727078+00:00
1598643225862238209,ukraine-de,True,True,False,False,False,False,False,False,False,False,2022-12-02 15:05:53.726977+00:00,2022-12-02 15:05:53.726977+00:00
1598643243389943808,ukraine-de,True,True,False,False,False,False,False,False,False,False,2022-12-02 15:05:53.726873+00:00,2022-12-02 15:05:53.726873+00:00
1598643245076078594,ukraine-de,True,True,False,False,False,False,False,False,False,False,2022-12-02 15:05:53.726770+00:00,2022-12-02 15:05:53.726770+00:00
1598643262029537282,ukraine-de,True,False,False,False,False,False,False,False,False,False,2022-12-02 15:05:39.936853+00:00,2022-12-02 15:05:39.936853+00:00
1598643276650643456,ukraine-de,True,True,False,False,False,False,False,False,False,False,2022-12-02 15:05:53.726664+00:00,2022-12-02 15:05:53.726664+00:00
1598643277497917440,ukraine-de,True,False,False,False,False,False,False,False,False,False,2022-12-02 15:05:39.919342+00:00,2022-12-02 15:05:39.919342+00:00
1598643280589524992,ukraine-de,True,True,False,False,False,False,False,False,False,False,2022-12-02 15:05:53.726556+00:00,2022-12-02 15:05:53.726556+00:00
1598643339737309191,ukraine-de,True,True,False,False,False,False,False,False,False,False,2022-12-02 15:05:53.726414+00:00,2022-12-02 15:05:53.726414+00:00
1598643353842843648,ukraine-de,True,True,False,False,False,False,False,False,False,False,2022-12-02 15:05:53.726294+00:00,2022-12-02 15:05:53.726294+00:00
1598643386650591233,ukraine-de,True,True,False,False,False,False,False,False,False,False,2022-12-02 15:05:53.724435+00:00,2022-12-02 15:05:53.724435+00:00
1598643390194802688,ukraine-de,True,True,False,False,False,False,False,False,False,False,2022-12-02 15:05:53.724311+00:00,2022-12-02 15:05:53.724311+00:00
1598643394645041153,ukraine-de,True,False,False,False,False,False,False,False,False,False,2022-12-02 15:04:13.025395+00:00,2022-12-02 15:04:13.025395+00:00
1598643409975230464,ukraine-de,True,True,False,False,False,False,False,False,False,False,2022-12-02 15:05:53.724198+00:00,2022-12-02 15:05:53.724198+00:00
1598643414043570176,ukraine-de,True,False,False,False,False,False,False,False,False,False,2022-12-02 15:05:53.778205+00:00,2022-12-02 15:05:53.778205+00:00
1598643414421016576,ukraine-de,True,True,False,False,False,False,False,False,False,False,2022-12-02 15:01:05.636206+00:00,2022-12-02 15:05:53.724047+00:00
1598643415532584967,ukraine-de,True,True,False,False,False,False,False,False,False,False,2022-12-02 15:05:53.723734+00:00,2022-12-02 15:05:53.723734+00:00
1598643418539999233,ukraine-de,True,False,False,False,False,False,False,False,False,False,2022-12-02 15:05:53.778042+00:00,2022-12-02 15:05:53.778042+00:00
1598643421765201922,ukraine-de,True,True,False,False,False,False,False,False,False,False,2022-12-02 15:05:53.722495+00:00,2022-12-02 15:05:53.722495+00:00
1598643425452212226,ukraine-de,True,False,False,False,False,False,False,False,False,False,2022-12-02 15:05:53.777930+00:00,2022-12-02 15:05:53.777930+00:00
1598643429084233728,ukraine-de,True,True,False,False,False,False,False,False,False,False,2022-12-02 15:05:53.722393+00:00,2022-12-02 15:05:53.722393+00:00
1598643435099291648,ukraine-de,True,True,False,False,False,False,False,False,False,False,2022-12-02 15:05:53.722292+00:00,2022-12-02 15:05:53.722292+00:00
1598643437913489411,ukraine-de,True,True,False,False,False,False,False,False,False,False,2022-12-02 15:05:53.722178+00:00,2022-12-02 15:05:53.722178+00:00
1598643461271461888,ukraine-de,True,False,False,False,False,False,False,False,False,False,2022-12-02 15:05:39.934374+00:00,2022-12-02 15:05:39.934374+00:00
1598643465558102016,ukraine-de,True,True,False,False,False,False,False,False,False,False,2022-12-02 15:05:53.722047+00:00,2022-12-02 15:05:53.722047+00:00
1598643471165841408,ukraine-de,True,True,False,False,False,False,False,False,False,False,2022-12-02 15:05:53.721943+00:00,2022-12-02 15:05:53.721943+00:00
1598643483400699904,ukraine-de,True,True,False,False,False,False,False,False,False,False,2022-12-02 15:05:53.721836+00:00,2022-12-02 15:05:53.721836+00:00
1598643489541079040,ukraine-de,True,False,False,False,False,False,False,False,False,False,2022-12-02 15:04:13.038041+00:00,2022-12-02 15:04:13.038041+00:00
1598643507270455296,ukraine-de,True,True,False,False,False,False,False,False,False,False,2022-12-02 15:05:53.721720+00:00,2022-12-02 15:05:53.721720+00:00
1598643507425591298,ukraine-de,True,False,False,False,False,False,False,False,False,False,2022-12-02 19:51:41.476864+00:00,2022-12-02 19:51:41.476864+00:00
1598643524416815105,ukraine-de,True,True,False,False,False,False,False,False,False,False,2022-12-02 15:05:53.721532+00:00,2022-12-02 15:05:53.721532+00:00
1598643552094937090,ukraine-de,True,True,False,False,False,False,False,False,False,False,2022-12-02 15:05:53.715085+00:00,2022-12-02 15:05:53.715085+00:00
1598643564321333248,ukraine-de,True,False,False,False,False,False,False,False,False,False,2022-12-02 15:05:53.776382+00:00,2022-12-02 15:05:53.776382+00:00
1598643620734722050,ukraine-de,True,True,False,False,False,False,False,False,False,False,2022-12-02 15:05:53.714985+00:00,2022-12-02 15:05:53.714985+00:00
1598643631958552577,ukraine-de,True,True,False,False,False,False,False,False,False,False,2022-12-02 15:05:53.714885+00:00,2022-12-02 15:05:53.714885+00:00
1598643641655824385,ukraine-de,True,True,False,False,False,False,False,False,False,False,2022-12-02 15:05:53.714785+00:00,2022-12-02 15:05:53.714785+00:00
1598643641798561792,ukraine-de,True,True,False,False,False,False,False,False,False,False,2022-12-02 15:05:53.714683+00:00,2022-12-02 15:05:53.714683+00:00
1598643642867978241,ukraine-de,True,True,False,False,False,False,False,False,False,False,2022-12-02 15:05:53.714563+00:00,2022-12-02 15:05:53.714563+00:00
1598643660295475200,ukraine-de,True,True,False,False,False,False,False,False,False,False,2022-12-02 15:05:53.714449+00:00,2022-12-02 15:05:53.714449+00:00
1598643660454875137,ukraine-de,True,False,False,False,False,False,False,False,False,False,2022-12-02 19:51:08.491833+00:00,2022-12-02 19:51:08.491833+00:00
1598643685318692865,ukraine-de,True,True,False,False,False,False,False,False,False,False,2022-12-02 15:05:53.714347+00:00,2022-12-02 15:05:53.714347+00:00
1598643691601727496,ukraine-de,True,True,False,False,False,False,False,False,False,False,2022-12-02 15:05:53.714229+00:00,2022-12-02 15:05:53.714229+00:00
1598643694357315585,ukraine-de,True,True,False,False,False,False,False,False,False,False,2022-12-02 15:05:53.714125+00:00,2022-12-02 15:05:53.714125+00:00
1598643709775646721,ukraine-de,True,True,False,False,False,False,False,False,False,False,2022-12-02 15:05:53.714020+00:00,2022-12-02 15:05:53.714020+00:00
1598643720613666817,ukraine-de,True,True,False,False,False,False,False,False,False,False,2022-12-02 15:05:53.713880+00:00,2022-12-02 15:05:53.713880+00:00
1598643722282991617,ukraine-de,True,True,False,False,False,False,False,False,False,False,2022-12-02 15:05:53.713657+00:00,2022-12-02 15:05:53.713657+00:00
1598643723117613056,ukraine-de,True,True,False,False,False,False,False,False,False,False,2022-12-02 15:05:53.713540+00:00,2022-12-02 15:05:53.713540+00:00
1598643745359945728,ukraine-de,True,True,False,False,False,False,False,False,False,False,2022-12-02 15:05:53.713440+00:00,2022-12-02 15:05:53.713440+00:00
1598643764435853313,ukraine-de,True,True,False,False,False,False,False,False,False,False,2022-12-02 15:01:30.406744+00:00,2022-12-02 15:05:53.713328+00:00
1598643781913419777,ukraine-de,True,True,False,False,False,False,False,False,False,False,2022-12-02 15:05:53.713219+00:00,2022-12-02 15:05:53.713219+00:00
1598643784270610432,ukraine-de,True,True,False,False,False,False,False,False,False,False,2022-12-02 15:05:53.713118+00:00,2022-12-02 15:05:53.713118+00:00
1598643788288868352,ukraine-de,True,True,False,False,False,False,False,False,False,False,2022-12-02 15:05:53.713015+00:00,2022-12-02 15:05:53.713015+00:00
1598643788661915648,ukraine-de,True,False,False,False,False,False,False,False,False,False,2022-12-02 15:05:39.942266+00:00,2022-12-02 15:05:39.942266+00:00
1598643800947232768,ukraine-de,True,True,False,False,False,False,False,False,False,False,2022-12-02 15:05:53.712899+00:00,2022-12-02 15:05:53.712899+00:00
1598643807217754113,ukraine-de,True,True,False,False,False,False,False,False,False,False,2022-12-02 15:04:13.010462+00:00,2022-12-02 15:05:53.712798+00:00
1598643830940540928,ukraine-de,True,False,False,False,False,False,False,False,False,False,2022-12-02 15:05:39.936952+00:00,2022-12-02 15:05:39.936952+00:00
1598643846858084361,ukraine-de,True,True,False,False,False,False,False,False,False,False,2022-12-02 15:05:53.712694+00:00,2022-12-02 15:05:53.712694+00:00
1598643854424637442,ukraine-de,True,True,False,False,False,False,False,False,False,False,2022-12-02 15:05:53.712572+00:00,2022-12-02 15:05:53.712572+00:00
1598643901933445123,ukraine-de,True,True,False,False,False,False,False,False,False,False,2022-12-02 15:05:53.712357+00:00,2022-12-02 15:05:53.712357+00:00
1598643935496339456,ukraine-de,True,True,False,False,False,False,False,False,False,False,2022-12-02 15:05:53.712250+00:00,2022-12-02 15:05:53.712250+00:00
1598643964659191808,ukraine-de,True,True,False,False,False,False,False,False,False,False,2022-12-02 15:05:53.712093+00:00,2022-12-02 15:05:53.712093+00:00
1598643972309749762,ukraine-de,True,True,False,False,False,False,False,False,False,False,2022-12-02 15:01:30.400260+00:00,2022-12-02 15:05:53.711992+00:00
1598643979502895104,ukraine-de,True,True,False,False,False,False,False,False,False,False,2022-12-02 15:05:53.711883+00:00,2022-12-02 15:05:53.711883+00:00
1598643991779713027,ukraine-de,True,True,False,False,False,False,False,False,False,False,2022-12-02 15:05:53.711782+00:00,2022-12-02 15:05:53.711782+00:00
1598644011711057922,ukraine-de,True,True,False,False,False,False,False,False,False,False,2022-12-02 15:05:53.711673+00:00,2022-12-02 15:05:53.711673+00:00
1598644013753679872,ukraine-de,True,False,False,False,False,False,False,False,False,False,2022-12-02 15:04:30.422046+00:00,2022-12-02 15:04:30.422046+00:00
1598644032376377345,ukraine-de,True,True,False,False,False,False,False,False,False,False,2022-12-02 15:01:30.381318+00:00,2022-12-02 15:05:53.711571+00:00
1598644054908194816,ukraine-de,True,True,False,False,False,False,False,False,False,False,2022-12-02 15:05:53.711450+00:00,2022-12-02 15:05:53.711450+00:00
1598644082640932864,ukraine-de,True,False,False,False,False,False,False,False,False,False,2022-12-02 15:04:13.020564+00:00,2022-12-02 15:04:13.020564+00:00
1598644087107854337,ukraine-de,True,True,False,False,False,False,False,False,False,False,2022-12-02 15:05:53.711334+00:00,2022-12-02 15:05:53.711334+00:00
1598644123673792512,ukraine-de,True,False,False,False,False,False,False,False,False,False,2022-12-02 15:05:53.772333+00:00,2022-12-02 15:05:53.772333+00:00
1598644124218957824,ukraine-de,True,True,False,False,False,False,False,False,False,False,2022-12-02 15:05:53.711120+00:00,2022-12-02 15:05:53.711120+00:00
1598644128706953217,ukraine-de,True,True,False,False,False,False,False,False,False,False,2022-12-02 15:05:53.711004+00:00,2022-12-02 15:05:53.711004+00:00
1598644140765478914,ukraine-de,True,True,False,False,False,False,False,False,False,False,2022-12-02 15:05:53.710902+00:00,2022-12-02 15:05:53.710902+00:00
1598644165067284480,ukraine-de,True,True,False,False,False,False,False,False,False,False,2022-12-02 15:05:53.710784+00:00,2022-12-02 15:05:53.710784+00:00
1598644170557628418,ukraine-de,True,True,False,False,False,False,False,False,False,False,2022-12-02 15:05:53.710656+00:00,2022-12-02 15:05:53.710656+00:00
1598644182691741696,ukraine-de,True,False,False,False,False,False,False,False,False,False,2022-12-02 15:05:53.767782+00:00,2022-12-02 15:05:53.767782+00:00
1598644186877771776,ukraine-de,True,True,False,False,False,False,False,False,False,False,2022-12-02 15:05:53.710532+00:00,2022-12-02 15:05:53.710532+00:00
1598644222957158401,ukraine-de,True,True,False,False,False,False,False,False,False,False,2022-12-02 15:05:53.710430+00:00,2022-12-02 15:05:53.710430+00:00
1598644246503833600,ukraine-de,True,True,False,False,False,False,False,False,False,False,2022-12-02 15:05:53.710315+00:00,2022-12-02 15:05:53.710315+00:00
1598644258990428161,ukraine-de,True,True,False,False,False,False,False,False,False,False,2022-12-02 15:05:53.710021+00:00,2022-12-02 15:05:53.710021+00:00
1598644263264219136,ukraine-de,True,True,False,False,False,False,False,False,False,False,2022-12-02 15:05:53.709865+00:00,2022-12-02 15:05:53.709865+00:00
1598644267479711746,ukraine-de,True,True,False,False,False,False,False,False,False,False,2022-12-02 15:05:53.709700+00:00,2022-12-02 15:05:53.709700+00:00
1598644271179042816,ukraine-de,True,True,False,False,False,False,False,False,False,False,2022-12-02 15:05:53.709427+00:00,2022-12-02 15:05:53.709427+00:00
1598644298966245376,ukraine-de,True,True,False,False,False,False,False,False,False,False,2022-12-02 15:05:53.709248+00:00,2022-12-02 15:05:53.709248+00:00
1598644331350577152,ukraine-de,True,True,False,False,False,False,False,False,False,False,2022-12-02 15:05:53.709141+00:00,2022-12-02 15:05:53.709141+00:00
1598644335020474369,ukraine-de,True,True,False,False,False,False,False,False,False,False,2022-12-02 15:05:53.708944+00:00,2022-12-02 15:05:53.708944+00:00
1598644357506088960,ukraine-de,True,True,False,False,False,False,False,False,False,False,2022-12-02 15:04:13.026996+00:00,2022-12-02 15:05:53.708808+00:00
1598644373507297281,ukraine-de,True,True,False,False,False,False,False,False,False,False,2022-12-02 15:05:53.708707+00:00,2022-12-02 15:05:53.708707+00:00
1598644374660730880,ukraine-de,True,True,False,False,False,False,False,False,False,False,2022-12-02 15:05:53.708602+00:00,2022-12-02 15:05:53.708602+00:00
1598644376002928640,ukraine-de,True,True,False,False,False,False,False,False,False,False,2022-12-02 15:05:53.708420+00:00,2022-12-02 15:05:53.708420+00:00
1598644386392317952,ukraine-de,True,True,False,False,False,False,False,False,False,False,2022-12-02 15:05:53.708314+00:00,2022-12-02 15:05:53.708314+00:00
1598644390649470976,ukraine-de,True,True,False,False,False,False,False,False,False,False,2022-12-02 15:05:53.708115+00:00,2022-12-02 15:05:53.708115+00:00
1598644396362240000,ukraine-de,True,True,False,False,False,False,False,False,False,False,2022-12-02 15:05:53.708015+00:00,2022-12-02 15:05:53.708015+00:00
1598644419321896960,ukraine-de,True,True,False,False,False,False,False,False,False,False,2022-12-02 15:01:05.640247+00:00,2022-12-02 15:05:53.707914+00:00
1598644432164749313,ukraine-de,True,True,False,False,False,False,False,False,False,False,2022-12-02 15:05:53.707795+00:00,2022-12-02 15:05:53.707795+00:00
1598644455913005056,ukraine-de,True,True,False,False,False,False,False,False,False,False,2022-12-02 15:05:53.707696+00:00,2022-12-02 15:05:53.707696+00:00
1598644524804251648,ukraine-de,True,True,False,False,False,False,False,False,False,False,2022-12-02 15:05:39.938815+00:00,2022-12-02 15:05:53.707595+00:00
1598644546409201665,ukraine-de,True,True,False,False,False,False,False,False,False,False,2022-12-02 15:05:53.707494+00:00,2022-12-02 15:05:53.707494+00:00
1598644548770619397,ukraine-de,True,True,False,False,False,False,False,False,False,False,2022-12-02 15:05:53.707393+00:00,2022-12-02 15:05:53.707393+00:00
1598644550385504256,ukraine-de,True,True,False,False,False,False,False,False,False,False,2022-12-02 15:05:53.707281+00:00,2022-12-02 15:05:53.707281+00:00
1598644556756668419,ukraine-de,True,True,False,False,False,False,False,False,False,False,2022-12-02 15:05:53.707180+00:00,2022-12-02 15:05:53.707180+00:00
1598644592097665024,ukraine-de,True,True,False,False,False,False,False,False,False,False,2022-12-02 15:05:53.707078+00:00,2022-12-02 15:05:53.707078+00:00
1598644596912816128,ukraine-de,True,True,False,False,False,False,False,False,False,False,2022-12-02 15:05:53.706953+00:00,2022-12-02 15:05:53.706953+00:00
1598644601237082112,ukraine-de,True,True,False,False,False,False,False,False,False,False,2022-12-02 15:05:53.706842+00:00,2022-12-02 15:05:53.706842+00:00
1598644646275579904,ukraine-de,True,True,False,False,False,False,False,False,False,False,2022-12-02 15:05:53.706725+00:00,2022-12-02 15:05:53.706725+00:00
1598644652055400449,ukraine-de,True,True,False,False,False,False,False,False,False,False,2022-12-02 15:05:53.706517+00:00,2022-12-02 15:05:53.706517+00:00
1598644657503756288,ukraine-de,True,True,False,False,False,False,False,False,False,False,2022-12-02 15:05:53.706417+00:00,2022-12-02 15:05:53.706417+00:00
1598644678857199616,ukraine-de,True,True,False,False,False,False,False,False,False,False,2022-12-02 15:05:53.706315+00:00,2022-12-02 15:05:53.706315+00:00
1598644709173477377,ukraine-de,True,True,False,False,False,False,False,False,False,False,2022-12-02 15:05:53.706207+00:00,2022-12-02 15:05:53.706207+00:00
1598644713686450177,ukraine-de,True,True,False,False,False,False,False,False,False,False,2022-12-02 15:05:53.706109+00:00,2022-12-02 15:05:53.706109+00:00
1598644745856614400,ukraine-de,True,True,False,False,False,False,False,False,False,False,2022-12-02 15:05:53.706009+00:00,2022-12-02 15:05:53.706009+00:00
1598644754627104770,ukraine-de,True,True,False,False,False,False,False,False,False,False,2022-12-02 15:05:53.705908+00:00,2022-12-02 15:05:53.705908+00:00
1598644776152227840,ukraine-de,True,True,False,False,False,False,False,False,False,False,2022-12-02 15:05:53.705763+00:00,2022-12-02 15:05:53.705763+00:00
1598644786566778881,ukraine-de,True,True,False,False,False,False,False,False,False,False,2022-12-02 15:05:53.705649+00:00,2022-12-02 15:05:53.705649+00:00
1598644787871203329,ukraine-de,True,True,False,False,False,False,False,False,False,False,2022-12-02 15:05:53.705531+00:00,2022-12-02 15:05:53.705531+00:00
1598644788110262277,ukraine-de,True,True,False,False,False,False,False,False,False,False,2022-12-02 15:05:53.705418+00:00,2022-12-02 15:05:53.705418+00:00
1598644800819019776,ukraine-de,True,True,False,False,False,False,False,False,False,False,2022-12-02 15:05:53.705317+00:00,2022-12-02 15:05:53.705317+00:00
1598644822897827840,ukraine-de,True,True,False,False,False,False,False,False,False,False,2022-12-02 15:05:53.705196+00:00,2022-12-02 15:05:53.705196+00:00
1598644839662379011,ukraine-de,True,True,False,False,False,False,False,False,False,False,2022-12-02 15:05:53.705095+00:00,2022-12-02 15:05:53.705095+00:00
1598644842749386755,ukraine-de,True,False,False,False,False,False,False,False,False,False,2022-12-02 19:50:27.696327+00:00,2022-12-02 19:50:27.696327+00:00
1598644848461955073,ukraine-de,True,True,False,False,False,False,False,False,False,False,2022-12-02 15:05:53.704992+00:00,2022-12-02 15:05:53.704992+00:00
1598644853352681472,ukraine-de,True,False,False,False,False,False,False,False,False,False,2022-12-02 15:04:13.056086+00:00,2022-12-02 15:04:13.056086+00:00
1598644854971670529,ukraine-de,True,False,False,False,False,False,False,False,False,False,2022-12-02 15:05:53.770861+00:00,2022-12-02 15:05:53.770861+00:00
1598644893303316480,ukraine-de,True,True,False,False,False,False,False,False,False,False,2022-12-02 15:05:53.704827+00:00,2022-12-02 15:05:53.704827+00:00
1598644906377068544,ukraine-de,True,True,False,False,False,False,False,False,False,False,2022-12-02 15:04:30.420059+00:00,2022-12-02 15:05:53.704719+00:00
1598644960965836806,ukraine-de,True,True,False,False,False,False,False,False,False,False,2022-12-02 15:05:53.704409+00:00,2022-12-02 15:05:53.704409+00:00
1598644966657429504,ukraine-de,True,True,False,False,False,False,False,False,False,False,2022-12-02 15:05:53.704311+00:00,2022-12-02 15:05:53.704311+00:00
1598644966737076224,ukraine-de,True,True,False,False,False,False,False,False,False,False,2022-12-02 15:05:53.704211+00:00,2022-12-02 15:05:53.704211+00:00
1598644975260106754,ukraine-de,True,True,False,False,False,False,False,False,False,False,2022-12-02 15:05:53.704109+00:00,2022-12-02 15:05:53.704109+00:00
1598644985473089536,ukraine-de,True,True,False,False,False,False,False,False,False,False,2022-12-02 15:01:05.648465+00:00,2022-12-02 15:05:53.704008+00:00
1598644988065325056,ukraine-de,True,True,False,False,False,False,False,False,False,False,2022-12-02 15:05:53.703904+00:00,2022-12-02 15:05:53.703904+00:00
1598645029085454336,ukraine-de,True,True,False,False,False,False,False,False,False,False,2022-12-02 15:05:53.703791+00:00,2022-12-02 15:05:53.703791+00:00
1598645030910140416,ukraine-de,True,False,False,False,False,False,False,False,False,False,2022-12-02 15:01:05.655275+00:00,2022-12-02 15:01:05.655275+00:00
1598645031962759169,ukraine-de,True,False,False,False,False,False,False,False,False,False,2022-12-02 15:05:53.769054+00:00,2022-12-02 15:05:53.769054+00:00
1598645038203822081,ukraine-de,True,True,False,False,False,False,False,False,False,False,2022-12-02 15:05:53.703561+00:00,2022-12-02 15:05:53.703561+00:00
1598645039248220167,ukraine-de,True,True,False,False,False,False,False,False,False,False,2022-12-02 15:05:53.703436+00:00,2022-12-02 15:05:53.703436+00:00
1598645041928368129,ukraine-de,True,True,False,False,False,False,False,False,False,False,2022-12-02 15:05:53.703329+00:00,2022-12-02 15:05:53.703329+00:00
1598645054821703680,ukraine-de,True,True,False,False,False,False,False,False,False,False,2022-12-02 15:05:53.703126+00:00,2022-12-02 15:05:53.703126+00:00
1598645064317767683,ukraine-de,True,True,False,False,False,False,False,False,False,False,2022-12-02 15:05:53.703026+00:00,2022-12-02 15:05:53.703026+00:00
1598645064883920896,ukraine-de,True,True,False,False,False,False,False,False,False,False,2022-12-02 15:05:53.702926+00:00,2022-12-02 15:05:53.702926+00:00
1598645084689399811,ukraine-de,True,True,False,False,False,False,False,False,False,False,2022-12-02 15:05:53.702825+00:00,2022-12-02 15:05:53.702825+00:00
1598645084886532096,ukraine-de,True,True,False,False,False,False,False,False,False,False,2022-12-02 15:05:53.702723+00:00,2022-12-02 15:05:53.702723+00:00
1598645091932979200,ukraine-de,True,True,False,False,False,False,False,False,False,False,2022-12-02 15:05:53.702605+00:00,2022-12-02 15:05:53.702605+00:00
1598645095309385729,ukraine-de,True,True,False,False,False,False,False,False,False,False,2022-12-02 15:05:53.702479+00:00,2022-12-02 15:05:53.702479+00:00
1598645123595657218,ukraine-de,True,False,False,False,False,False,False,False,False,False,2022-12-02 15:04:13.008920+00:00,2022-12-02 15:04:13.008920+00:00
1598645127848787968,ukraine-de,True,True,False,False,False,False,False,False,False,False,2022-12-02 15:05:53.702291+00:00,2022-12-02 15:05:53.702291+00:00
1598645155644559361,ukraine-de,True,False,False,False,False,False,False,False,False,False,2022-12-02 15:05:39.937823+00:00,2022-12-02 15:05:39.937823+00:00
1598645167300427777,ukraine-de,True,True,False,False,False,False,False,False,False,False,2022-12-02 15:05:53.702185+00:00,2022-12-02 15:05:53.702185+00:00
1598645177396109317,ukraine-de,True,True,False,False,False,False,False,False,False,False,2022-12-02 15:05:53.701998+00:00,2022-12-02 15:05:53.701998+00:00
1598645182454456320,ukraine-de,True,True,False,False,False,False,False,False,False,False,2022-12-02 15:05:53.701900+00:00,2022-12-02 15:05:53.701900+00:00
1598645200846462976,ukraine-de,True,True,False,False,False,False,False,False,False,False,2022-12-02 15:05:53.701800+00:00,2022-12-02 15:05:53.701800+00:00
1598645201983135747,ukraine-de,True,False,False,False,False,False,False,False,False,False,2022-12-02 15:05:53.765522+00:00,2022-12-02 15:05:53.765522+00:00
1598645244190511105,ukraine-de,True,True,False,False,False,False,False,False,False,False,2022-12-02 15:05:53.701672+00:00,2022-12-02 15:05:53.701672+00:00
1598645265199759362,ukraine-de,True,True,False,False,False,False,False,False,False,False,2022-12-02 15:05:53.701540+00:00,2022-12-02 15:05:53.701540+00:00
1598645270333489160,ukraine-de,True,True,False,False,False,False,False,False,False,False,2022-12-02 15:05:53.701444+00:00,2022-12-02 15:05:53.701444+00:00
1598645278340534273,ukraine-de,True,True,False,False,False,False,False,False,False,False,2022-12-02 15:05:53.701347+00:00,2022-12-02 15:05:53.701347+00:00
1598645306861690880,ukraine-de,True,True,False,False,False,False,False,False,False,False,2022-12-02 15:05:53.701240+00:00,2022-12-02 15:05:53.701240+00:00
1598645335794094080,ukraine-de,True,False,False,False,False,False,False,False,False,False,2022-12-02 15:05:39.924165+00:00,2022-12-02 15:05:39.924165+00:00
1598645353825329158,ukraine-de,True,True,False,False,False,False,False,False,False,False,2022-12-02 15:05:53.701142+00:00,2022-12-02 15:05:53.701142+00:00
1598645356690022402,ukraine-de,True,True,False,False,False,False,False,False,False,False,2022-12-02 15:05:53.701044+00:00,2022-12-02 15:05:53.701044+00:00
1598645358845988865,ukraine-de,True,True,False,False,False,False,False,False,False,False,2022-12-02 15:05:53.700944+00:00,2022-12-02 15:05:53.700944+00:00
1598645379062325248,ukraine-de,True,False,False,False,False,False,False,False,False,False,2022-12-02 15:05:39.939410+00:00,2022-12-02 15:05:39.939410+00:00
1598645388105465856,ukraine-de,True,True,False,False,False,False,False,False,False,False,2022-12-02 15:05:53.700841+00:00,2022-12-02 15:05:53.700841+00:00
1598645396124803072,ukraine-de,True,False,False,False,False,False,False,False,False,False,2022-12-02 15:01:30.397571+00:00,2022-12-02 15:01:30.397571+00:00
1598645397164957696,ukraine-de,True,True,False,False,False,False,False,False,False,False,2022-12-02 15:05:53.700710+00:00,2022-12-02 15:05:53.700710+00:00
1598645426470748161,ukraine-de,True,True,False,False,False,False,False,False,False,False,2022-12-02 15:05:53.700597+00:00,2022-12-02 15:05:53.700597+00:00
1598645456564895745,ukraine-de,True,True,False,False,False,False,False,False,False,False,2022-12-02 15:05:53.700394+00:00,2022-12-02 15:05:53.700394+00:00
1598645478056464384,ukraine-de,True,True,False,False,False,False,False,False,False,False,2022-12-02 15:05:53.700024+00:00,2022-12-02 15:05:53.700024+00:00
1598645507563323393,ukraine-de,True,True,False,False,False,False,False,False,False,False,2022-12-02 15:05:53.699922+00:00,2022-12-02 15:05:53.699922+00:00
1598645508330950657,ukraine-de,True,True,False,False,False,False,False,False,False,False,2022-12-02 15:05:53.699815+00:00,2022-12-02 15:05:53.699815+00:00
1598645513586462720,ukraine-de,True,True,False,False,False,False,False,False,False,False,2022-12-02 15:05:53.699606+00:00,2022-12-02 15:05:53.699606+00:00
1598645513850703874,ukraine-de,True,True,False,False,False,False,False,False,False,False,2022-12-02 15:05:53.699487+00:00,2022-12-02 15:05:53.699487+00:00
1598645514626510848,ukraine-de,True,True,False,False,False,False,False,False,False,False,2022-12-02 15:05:53.699385+00:00,2022-12-02 15:05:53.699385+00:00
1598645573065887744,ukraine-de,True,True,False,False,False,False,False,False,False,False,2022-12-02 15:05:53.699274+00:00,2022-12-02 15:05:53.699274+00:00
1598645576916033536,ukraine-de,True,True,False,False,False,False,False,False,False,False,2022-12-02 15:05:53.699172+00:00,2022-12-02 15:05:53.699172+00:00
1598645611431075842,ukraine-de,True,True,False,False,False,False,False,False,False,False,2022-12-02 15:05:53.699065+00:00,2022-12-02 15:05:53.699065+00:00
1598645642691330050,ukraine-de,True,True,False,False,False,False,False,False,False,False,2022-12-02 15:05:53.698931+00:00,2022-12-02 15:05:53.698931+00:00
1598645646390661120,ukraine-de,True,True,False,False,False,False,False,False,False,False,2022-12-02 15:05:53.698821+00:00,2022-12-02 15:05:53.698821+00:00
1598645687733960704,ukraine-de,True,True,False,False,False,False,False,False,False,False,2022-12-02 15:05:53.698692+00:00,2022-12-02 15:05:53.698692+00:00
1598645688379793411,ukraine-de,True,True,False,False,False,False,False,False,False,False,2022-12-02 15:05:53.698488+00:00,2022-12-02 15:05:53.698488+00:00
1598645688723771394,ukraine-de,True,False,False,False,False,False,False,False,False,False,2022-12-02 15:05:39.941289+00:00,2022-12-02 15:05:39.941289+00:00
1598645712975269889,ukraine-de,True,True,False,False,False,False,False,False,False,False,2022-12-02 15:05:53.697808+00:00,2022-12-02 15:05:53.697808+00:00
1598645717328961539,ukraine-de,True,True,False,False,False,False,False,False,False,False,2022-12-02 15:05:53.697705+00:00,2022-12-02 15:05:53.697705+00:00
1598645718583050242,ukraine-de,True,True,False,False,False,False,False,False,False,False,2022-12-02 15:05:53.697567+00:00,2022-12-02 15:05:53.697567+00:00
1598645726183030784,ukraine-de,True,True,False,False,False,False,False,False,False,False,2022-12-02 15:05:53.697463+00:00,2022-12-02 15:05:53.697463+00:00
1598645739269267456,ukraine-de,True,True,False,False,False,False,False,False,False,False,2022-12-02 15:05:53.697329+00:00,2022-12-02 15:05:53.697329+00:00
1598645745493557250,ukraine-de,True,False,False,False,False,False,False,False,False,False,2022-12-02 19:51:30.190630+00:00,2022-12-02 19:51:30.190630+00:00
1598645748316397568,ukraine-de,True,True,False,False,False,False,False,False,False,False,2022-12-02 15:05:53.697208+00:00,2022-12-02 15:05:53.697208+00:00
1598645755794817027,ukraine-de,True,True,False,False,False,False,False,False,False,False,2022-12-02 15:05:53.697110+00:00,2022-12-02 15:05:53.697110+00:00
1598645760391872516,ukraine-de,True,True,False,False,False,False,False,False,False,False,2022-12-02 15:05:53.697010+00:00,2022-12-02 15:05:53.697010+00:00
1598645764930027520,ukraine-de,True,False,False,False,False,False,False,False,False,False,2022-12-02 15:05:53.765326+00:00,2022-12-02 15:05:53.765326+00:00
1598645765320347650,ukraine-de,True,True,False,False,False,False,False,False,False,False,2022-12-02 15:05:53.696909+00:00,2022-12-02 15:05:53.696909+00:00
1598645768801304576,ukraine-de,True,True,False,False,False,False,False,False,False,False,2022-12-02 15:05:53.696796+00:00,2022-12-02 15:05:53.696796+00:00
1598645792939687937,ukraine-de,True,True,False,False,False,False,False,False,False,False,2022-12-02 15:05:53.696638+00:00,2022-12-02 15:05:53.696638+00:00
1598645826418507776,ukraine-de,True,True,False,False,False,False,False,False,False,False,2022-12-02 15:05:53.696523+00:00,2022-12-02 15:05:53.696523+00:00
1598645849738735616,ukraine-de,True,True,False,False,False,False,False,False,False,False,2022-12-02 15:05:53.696419+00:00,2022-12-02 15:05:53.696419+00:00
1598645859574480899,ukraine-de,True,True,False,False,False,False,False,False,False,False,2022-12-02 15:05:53.696301+00:00,2022-12-02 15:05:53.696301+00:00
1598645863227744256,ukraine-de,True,True,False,False,False,False,False,False,False,False,2022-12-02 15:05:53.696201+00:00,2022-12-02 15:05:53.696201+00:00
1598645869011664897,ukraine-de,True,True,False,False,False,False,False,False,False,False,2022-12-02 15:05:53.696100+00:00,2022-12-02 15:05:53.696100+00:00
1598645878872453120,ukraine-de,True,True,False,False,False,False,False,False,False,False,2022-12-02 15:05:53.695999+00:00,2022-12-02 15:05:53.695999+00:00
1598645891807707136,ukraine-de,True,True,False,False,False,False,False,False,False,False,2022-12-02 15:05:53.695898+00:00,2022-12-02 15:05:53.695898+00:00
1598645910983958528,ukraine-de,True,True,False,False,False,False,False,False,False,False,2022-12-02 15:05:53.695796+00:00,2022-12-02 15:05:53.695796+00:00
1598645919637020672,ukraine-de,True,True,False,False,False,False,False,False,False,False,2022-12-02 15:05:53.695674+00:00,2022-12-02 15:05:53.695674+00:00
1598645957708898306,ukraine-de,True,True,False,False,False,False,False,False,False,False,2022-12-02 15:05:53.695557+00:00,2022-12-02 15:05:53.695557+00:00
1598645958635659264,ukraine-de,True,True,False,False,False,False,False,False,False,False,2022-12-02 15:05:53.695456+00:00,2022-12-02 15:05:53.695456+00:00
1598645962221572097,ukraine-de,True,False,False,False,False,False,False,False,False,False,2022-12-02 19:50:17.501533+00:00,2022-12-02 19:50:17.501533+00:00
1598646017515298817,ukraine-de,True,True,False,False,False,False,False,False,False,False,2022-12-02 15:05:53.695356+00:00,2022-12-02 15:05:53.695356+00:00
1598646033248096257,ukraine-de,True,True,False,False,False,False,False,False,False,False,2022-12-02 15:05:53.695249+00:00,2022-12-02 15:05:53.695249+00:00
1598646076856303616,ukraine-de,True,True,False,False,False,False,False,False,False,False,2022-12-02 15:05:53.695144+00:00,2022-12-02 15:05:53.695144+00:00
1598646077040652288,ukraine-de,True,True,False,False,False,False,False,False,False,False,2022-12-02 15:05:53.694949+00:00,2022-12-02 15:05:53.694949+00:00
1598646092807258112,ukraine-de,True,True,False,False,False,False,False,False,False,False,2022-12-02 15:05:53.694829+00:00,2022-12-02 15:05:53.694829+00:00
1598646114713993218,ukraine-de,True,True,False,False,False,False,False,False,False,False,2022-12-02 15:05:53.694669+00:00,2022-12-02 15:05:53.694669+00:00
1598646130576920578,ukraine-de,True,True,False,False,False,False,False,False,False,False,2022-12-02 15:05:53.694560+00:00,2022-12-02 15:05:53.694560+00:00
1598646131830886400,ukraine-de,True,True,False,False,False,False,False,False,False,False,2022-12-02 15:05:53.694459+00:00,2022-12-02 15:05:53.694459+00:00
1598646157902684161,ukraine-de,True,False,False,False,False,False,False,False,False,False,2022-12-02 19:50:27.692436+00:00,2022-12-02 19:50:27.692436+00:00
1598646163774836736,ukraine-de,True,True,False,False,False,False,False,False,False,False,2022-12-02 15:05:53.694356+00:00,2022-12-02 15:05:53.694356+00:00
1598646170582130689,ukraine-de,True,True,False,False,False,False,False,False,False,False,2022-12-02 15:05:53.694233+00:00,2022-12-02 15:05:53.694233+00:00
1598646180149444608,ukraine-de,True,True,False,False,False,False,False,False,False,False,2022-12-02 15:05:53.694113+00:00,2022-12-02 15:05:53.694113+00:00
1598646208905478145,ukraine-de,True,True,False,False,False,False,False,False,False,False,2022-12-02 15:05:53.694009+00:00,2022-12-02 15:05:53.694009+00:00
1598646213699592193,ukraine-de,True,True,False,False,False,False,False,False,False,False,2022-12-02 15:05:53.693838+00:00,2022-12-02 15:05:53.693838+00:00
1598646217961095168,ukraine-de,True,True,False,False,False,False,False,False,False,False,2022-12-02 15:05:53.693716+00:00,2022-12-02 15:05:53.693716+00:00
1598646221756932101,ukraine-de,True,True,False,False,False,False,False,False,False,False,2022-12-02 15:05:53.693467+00:00,2022-12-02 15:05:53.693467+00:00
1598646236072103937,ukraine-de,True,True,False,False,False,False,False,False,False,False,2022-12-02 15:05:53.693358+00:00,2022-12-02 15:05:53.693358+00:00
1598646260856078336,ukraine-de,True,True,False,False,False,False,False,False,False,False,2022-12-02 15:05:53.693258+00:00,2022-12-02 15:05:53.693258+00:00
1598646281165066242,ukraine-de,True,True,False,False,False,False,False,False,False,False,2022-12-02 15:01:30.406009+00:00,2022-12-02 15:05:53.693157+00:00
1598646295928995851,ukraine-de,True,True,False,False,False,False,False,False,False,False,2022-12-02 15:05:53.693056+00:00,2022-12-02 15:05:53.693056+00:00
1598646306532364288,ukraine-de,True,True,False,False,False,False,False,False,False,False,2022-12-02 15:05:53.692953+00:00,2022-12-02 15:05:53.692953+00:00
1598646314509778944,ukraine-de,True,True,False,False,False,False,False,False,False,False,2022-12-02 15:05:53.692843+00:00,2022-12-02 15:05:53.692843+00:00
1598646319337205761,ukraine-de,True,True,False,False,False,False,False,False,False,False,2022-12-02 15:05:53.692742+00:00,2022-12-02 15:05:53.692742+00:00
1598646337922387972,ukraine-de,True,True,False,False,False,False,False,False,False,False,2022-12-02 15:05:53.692639+00:00,2022-12-02 15:05:53.692639+00:00
1598646371535376384,ukraine-de,True,True,False,False,False,False,False,False,False,False,2022-12-02 15:05:53.692538+00:00,2022-12-02 15:05:53.692538+00:00
1598646397040922625,ukraine-de,True,False,False,False,False,False,False,False,False,False,2022-12-02 15:01:30.401506+00:00,2022-12-02 15:01:30.401506+00:00
1598646398815199234,ukraine-de,True,True,False,False,False,False,False,False,False,False,2022-12-02 15:05:53.692433+00:00,2022-12-02 15:05:53.692433+00:00
1598646399549276162,ukraine-de,True,True,False,False,False,False,False,False,False,False,2022-12-02 15:05:53.692241+00:00,2022-12-02 15:05:53.692241+00:00
1598646436127805441,ukraine-de,True,True,False,False,False,False,False,False,False,False,2022-12-02 15:05:53.692081+00:00,2022-12-02 15:05:53.692081+00:00
1598646439407665152,ukraine-de,True,True,False,False,False,False,False,False,False,False,2022-12-02 15:05:53.691980+00:00,2022-12-02 15:05:53.691980+00:00
1598646454733733889,ukraine-de,True,True,False,False,False,False,False,False,False,False,2022-12-02 15:05:53.691869+00:00,2022-12-02 15:05:53.691869+00:00
1598646471351476225,ukraine-de,True,False,False,False,False,False,False,False,False,False,2022-12-02 15:05:39.939979+00:00,2022-12-02 15:05:39.939979+00:00
1598646484379090946,ukraine-de,True,True,False,False,False,False,False,False,False,False,2022-12-02 15:05:53.691758+00:00,2022-12-02 15:05:53.691758+00:00
1598646490691678208,ukraine-de,True,True,False,False,False,False,False,False,False,False,2022-12-02 15:05:53.691659+00:00,2022-12-02 15:05:53.691659+00:00
1598646501273632769,ukraine-de,True,True,False,False,False,False,False,False,False,False,2022-12-02 15:05:53.691560+00:00,2022-12-02 15:05:53.691560+00:00
1598646511704817664,ukraine-de,True,True,False,False,False,False,False,False,False,False,2022-12-02 15:05:53.691461+00:00,2022-12-02 15:05:53.691461+00:00
1598646536551817217,ukraine-de,True,False,False,False,False,False,False,False,False,False,2022-12-02 15:05:39.936296+00:00,2022-12-02 15:05:39.936296+00:00
1598646568516714496,ukraine-de,True,True,False,False,False,False,False,False,False,False,2022-12-02 15:05:53.691360+00:00,2022-12-02 15:05:53.691360+00:00
1598646571188776961,ukraine-de,True,False,False,False,False,False,False,False,False,False,2022-12-02 15:05:39.941983+00:00,2022-12-02 15:05:39.941983+00:00
1598646589106569216,ukraine-de,True,False,False,False,False,False,False,False,False,False,2022-12-02 15:01:30.403065+00:00,2022-12-02 15:01:30.403065+00:00
1598646595662249984,ukraine-de,True,True,False,False,False,False,False,False,False,False,2022-12-02 15:05:53.691249+00:00,2022-12-02 15:05:53.691249+00:00
1598646596387889154,ukraine-de,True,True,False,False,False,False,False,False,False,False,2022-12-02 15:05:53.691126+00:00,2022-12-02 15:05:53.691126+00:00
1598646637252919297,ukraine-de,True,False,False,False,False,False,False,False,False,False,2022-12-03 04:25:14.050615+00:00,2022-12-03 04:25:14.050615+00:00
1598646680383094784,ukraine-de,True,True,False,False,False,False,False,False,False,False,2022-12-02 15:05:53.690930+00:00,2022-12-02 15:05:53.690930+00:00
1598646687441879041,ukraine-de,True,True,False,False,False,False,False,False,False,False,2022-12-02 15:05:53.690829+00:00,2022-12-02 15:05:53.690829+00:00
1598646710875688960,ukraine-de,True,True,False,False,False,False,False,False,False,False,2022-12-02 15:05:53.690719+00:00,2022-12-02 15:05:53.690719+00:00
1598646736398032902,ukraine-de,True,True,False,False,False,False,False,False,False,False,2022-12-02 15:05:53.690618+00:00,2022-12-02 15:05:53.690618+00:00
1598646738759213056,ukraine-de,True,True,False,False,False,False,False,False,False,False,2022-12-02 15:05:53.690514+00:00,2022-12-02 15:05:53.690514+00:00
1598646745352781825,ukraine-de,True,True,False,False,False,False,False,False,False,False,2022-12-02 15:05:53.690380+00:00,2022-12-02 15:05:53.690380+00:00
1598646750746550273,ukraine-de,True,True,False,False,False,False,False,False,False,False,2022-12-02 15:05:53.690279+00:00,2022-12-02 15:05:53.690279+00:00
1598646766328434688,ukraine-de,True,True,False,False,False,False,False,False,False,False,2022-12-02 15:05:53.690178+00:00,2022-12-02 15:05:53.690178+00:00
1598646782103273473,ukraine-de,True,True,False,False,False,False,False,False,False,False,2022-12-02 15:05:53.690079+00:00,2022-12-02 15:05:53.690079+00:00
1598646787169955841,ukraine-de,True,True,False,False,False,False,False,False,False,False,2022-12-02 15:05:53.689978+00:00,2022-12-02 15:05:53.689978+00:00
1598646803234099200,ukraine-de,True,True,False,False,False,False,False,False,False,False,2022-12-02 15:05:53.689877+00:00,2022-12-02 15:05:53.689877+00:00
1598646804433747972,ukraine-de,True,True,False,False,False,False,False,False,False,False,2022-12-02 15:05:53.689776+00:00,2022-12-02 15:05:53.689776+00:00
1598646813292216321,ukraine-de,True,True,False,False,False,False,False,False,False,False,2022-12-02 15:05:53.689675+00:00,2022-12-02 15:05:53.689675+00:00
1598646819948580867,ukraine-de,True,True,False,False,False,False,False,False,False,False,2022-12-02 15:05:53.689558+00:00,2022-12-02 15:05:53.689558+00:00
1598646835857571844,ukraine-de,True,True,False,False,False,False,False,False,False,False,2022-12-02 15:05:53.689458+00:00,2022-12-02 15:05:53.689458+00:00
1598646896385466368,ukraine-de,True,True,False,False,False,False,False,False,False,False,2022-12-02 15:05:53.689357+00:00,2022-12-02 15:05:53.689357+00:00
1598646902777692161,ukraine-de,True,True,False,False,False,False,False,False,False,False,2022-12-02 15:05:53.689254+00:00,2022-12-02 15:05:53.689254+00:00
1598646906325975040,ukraine-de,True,True,False,False,False,False,False,False,False,False,2022-12-02 15:05:53.689080+00:00,2022-12-02 15:05:53.689080+00:00
1598646911120072705,ukraine-de,True,True,False,False,False,False,False,False,False,False,2022-12-02 15:05:53.688962+00:00,2022-12-02 15:05:53.688962+00:00
1598646916392267776,ukraine-de,True,True,False,False,False,False,False,False,False,False,2022-12-02 15:05:53.688858+00:00,2022-12-02 15:05:53.688858+00:00
1598646924055150592,ukraine-de,True,True,False,False,False,False,False,False,False,False,2022-12-02 15:05:53.688740+00:00,2022-12-02 15:05:53.688740+00:00
1598646937191944193,ukraine-de,True,True,False,False,False,False,False,False,False,False,2022-12-02 15:04:13.044522+00:00,2022-12-02 15:05:53.688635+00:00
1598646957676941313,ukraine-de,True,True,False,False,False,False,False,False,False,False,2022-12-02 15:05:53.688493+00:00,2022-12-02 15:05:53.688493+00:00
1598646961791541248,ukraine-de,True,True,False,False,False,False,False,False,False,False,2022-12-02 15:05:53.688392+00:00,2022-12-02 15:05:53.688392+00:00
1598646963414732801,ukraine-de,True,True,False,False,False,False,False,False,False,False,2022-12-02 15:05:53.688285+00:00,2022-12-02 15:05:53.688285+00:00
1598646973317390337,ukraine-de,True,True,False,False,False,False,False,False,False,False,2022-12-02 15:05:53.688118+00:00,2022-12-02 15:05:53.688118+00:00
1598646985896079360,ukraine-de,True,True,False,False,False,False,False,False,False,False,2022-12-02 15:05:53.688014+00:00,2022-12-02 15:05:53.688014+00:00
1598647026094333953,ukraine-de,True,True,False,False,False,False,False,False,False,False,2022-12-02 15:05:53.687906+00:00,2022-12-02 15:05:53.687906+00:00
1598647027801370624,ukraine-de,True,True,False,False,False,False,False,False,False,False,2022-12-02 15:05:53.687790+00:00,2022-12-02 15:05:53.687790+00:00
1598647042737315840,ukraine-de,True,True,False,False,False,False,False,False,False,False,2022-12-02 15:05:53.687542+00:00,2022-12-02 15:05:53.687542+00:00
1598647047258660865,ukraine-de,True,True,False,False,False,False,False,False,False,False,2022-12-02 15:05:39.911213+00:00,2022-12-02 15:05:39.911213+00:00
1598647083132940291,ukraine-de,True,True,False,False,False,False,False,False,False,False,2022-12-02 15:05:39.911112+00:00,2022-12-02 15:05:39.911112+00:00
1598647088174153731,ukraine-de,True,True,False,False,False,False,False,False,False,False,2022-12-02 15:05:39.911011+00:00,2022-12-02 15:05:39.911011+00:00
1598647117739868164,ukraine-de,True,True,False,False,False,False,False,False,False,False,2022-12-02 15:05:39.910912+00:00,2022-12-02 15:05:39.910912+00:00
1598647118650015746,ukraine-de,True,True,False,False,False,False,False,False,False,False,2022-12-02 15:05:39.910812+00:00,2022-12-02 15:05:39.910812+00:00
1598647203857190912,ukraine-de,True,True,False,False,False,False,False,False,False,False,2022-12-02 15:05:39.910700+00:00,2022-12-02 15:05:39.910700+00:00
1598647225575477248,ukraine-de,True,True,False,False,False,False,False,False,False,False,2022-12-02 15:05:39.910589+00:00,2022-12-02 15:05:39.910589+00:00
1598647226661801989,ukraine-de,True,True,False,False,False,False,False,False,False,False,2022-12-02 15:05:39.910471+00:00,2022-12-02 15:05:39.910471+00:00
1598647227169357824,ukraine-de,True,True,False,False,False,False,False,False,False,False,2022-12-02 15:05:39.910352+00:00,2022-12-02 15:05:39.910352+00:00
1598647229686099968,ukraine-de,True,True,False,False,False,False,False,False,False,False,2022-12-02 15:05:39.910237+00:00,2022-12-02 15:05:39.910237+00:00
1598647232726695936,ukraine-de,True,True,False,False,False,False,False,False,False,False,2022-12-02 15:05:39.910135+00:00,2022-12-02 15:05:39.910135+00:00
1598647258194608128,ukraine-de,True,True,False,False,False,False,False,False,False,False,2022-12-02 15:05:39.910035+00:00,2022-12-02 15:05:39.910035+00:00
1598647276871864320,ukraine-de,True,True,False,False,False,False,False,False,False,False,2022-12-02 15:05:39.909934+00:00,2022-12-02 15:05:39.909934+00:00
1598647307200774144,ukraine-de,True,True,False,False,False,False,False,False,False,False,2022-12-02 15:05:39.909831+00:00,2022-12-02 15:05:39.909831+00:00
1598647315761221632,ukraine-de,True,True,False,False,False,False,False,False,False,False,2022-12-02 15:05:39.909706+00:00,2022-12-02 15:05:39.909706+00:00
1598647336896323585,ukraine-de,True,False,False,False,False,False,False,False,False,False,2022-12-02 15:05:39.933388+00:00,2022-12-02 15:05:39.933388+00:00
1598647353279250432,ukraine-de,True,True,False,False,False,False,False,False,False,False,2022-12-02 15:05:39.909580+00:00,2022-12-02 15:05:39.909580+00:00
1598647355401723909,ukraine-de,True,True,False,False,False,False,False,False,False,False,2022-12-02 15:05:39.909465+00:00,2022-12-02 15:05:39.909465+00:00
1598647374813040640,ukraine-de,True,True,False,False,False,False,False,False,False,False,2022-12-02 15:05:39.909366+00:00,2022-12-02 15:05:39.909366+00:00
1598647394282807296,ukraine-de,True,True,False,False,False,False,False,False,False,False,2022-12-02 15:05:39.909265+00:00,2022-12-02 15:05:39.909265+00:00
1598647401010585601,ukraine-de,True,True,False,False,False,False,False,False,False,False,2022-12-02 15:05:39.909165+00:00,2022-12-02 15:05:39.909165+00:00
1598647421856350208,ukraine-de,True,True,False,False,False,False,False,False,False,False,2022-12-02 15:05:39.909049+00:00,2022-12-02 15:05:39.909049+00:00
1598647425522024448,ukraine-de,True,True,False,False,False,False,False,False,False,False,2022-12-02 15:05:39.908948+00:00,2022-12-02 15:05:39.908948+00:00
1598647428483321858,ukraine-de,True,True,False,False,False,False,False,False,False,False,2022-12-02 15:05:39.908847+00:00,2022-12-02 15:05:39.908847+00:00
1598647441275977728,ukraine-de,True,False,False,False,False,False,False,False,False,False,2022-12-02 19:50:17.518446+00:00,2022-12-02 19:50:17.518446+00:00
1598647444572708864,ukraine-de,True,True,False,False,False,False,False,False,False,False,2022-12-02 15:05:39.908746+00:00,2022-12-02 15:05:39.908746+00:00
1598647445587517441,ukraine-de,True,True,False,False,False,False,False,False,False,False,2022-12-02 15:05:39.908644+00:00,2022-12-02 15:05:39.908644+00:00
1598647466634657792,ukraine-de,True,True,False,False,False,False,False,False,False,False,2022-12-02 15:05:39.908542+00:00,2022-12-02 15:05:39.908542+00:00
1598647470694834177,ukraine-de,True,True,False,False,False,False,False,False,False,False,2022-12-02 15:05:39.908414+00:00,2022-12-02 15:05:39.908414+00:00
1598647493750923264,ukraine-de,True,True,False,False,False,False,False,False,False,False,2022-12-02 15:05:39.908296+00:00,2022-12-02 15:05:39.908296+00:00
1598647519378128896,ukraine-de,True,True,False,False,False,False,False,False,False,False,2022-12-02 15:05:39.908160+00:00,2022-12-02 15:05:39.908160+00:00
1598647543793065989,ukraine-de,True,True,False,False,False,False,False,False,False,False,2022-12-02 15:05:39.908038+00:00,2022-12-02 15:05:39.908038+00:00
1598647569244360704,ukraine-de,True,True,False,False,False,False,False,False,False,False,2022-12-02 15:05:39.907936+00:00,2022-12-02 15:05:39.907936+00:00
1598647590832201728,ukraine-de,True,True,False,False,False,False,False,False,False,False,2022-12-02 15:05:39.907834+00:00,2022-12-02 15:05:39.907834+00:00
1598647626131537920,ukraine-de,True,True,False,False,False,False,False,False,False,False,2022-12-02 15:05:39.907731+00:00,2022-12-02 15:05:39.907731+00:00
1598647627607953409,ukraine-de,True,False,False,False,False,False,False,False,False,False,2022-12-02 15:05:39.940173+00:00,2022-12-02 15:05:39.940173+00:00
1598647637070200833,ukraine-de,True,True,False,False,False,False,False,False,False,False,2022-12-02 15:05:39.907628+00:00,2022-12-02 15:05:39.907628+00:00
1598647644330479616,ukraine-de,True,True,False,False,False,False,False,False,False,False,2022-12-02 15:05:39.907523+00:00,2022-12-02 15:05:39.907523+00:00
1598647649598525440,ukraine-de,True,True,False,False,False,False,False,False,False,False,2022-12-02 15:05:39.907398+00:00,2022-12-02 15:05:39.907398+00:00
1598647669722865664,ukraine-de,True,True,False,False,False,False,False,False,False,False,2022-12-02 15:05:39.907201+00:00,2022-12-02 15:05:39.907201+00:00
1598647683022987264,ukraine-de,True,True,False,False,False,False,False,False,False,False,2022-12-02 15:05:39.907095+00:00,2022-12-02 15:05:39.907095+00:00
1598647689960357888,ukraine-de,True,False,False,False,False,False,False,False,False,False,2022-12-02 15:04:30.439196+00:00,2022-12-02 15:04:30.439196+00:00
1598647699980656640,ukraine-de,True,True,False,False,False,False,False,False,False,False,2022-12-02 15:01:05.641330+00:00,2022-12-02 15:05:39.906990+00:00
1598647705353555969,ukraine-de,True,True,False,False,False,False,False,False,False,False,2022-12-02 15:05:39.906873+00:00,2022-12-02 15:05:39.906873+00:00
1598647713515687936,ukraine-de,True,True,False,False,False,False,False,False,False,False,2022-12-02 15:05:39.906745+00:00,2022-12-02 15:05:39.906745+00:00
1598647715730104320,ukraine-de,True,True,False,False,False,False,False,False,False,False,2022-12-02 15:05:39.906513+00:00,2022-12-02 15:05:39.906513+00:00
1598647786873896960,ukraine-de,True,False,False,False,False,False,False,False,False,False,2022-12-02 15:04:30.430613+00:00,2022-12-02 15:04:30.430613+00:00
1598647802468392960,ukraine-de,True,True,False,False,False,False,False,False,False,False,2022-12-02 15:05:39.906401+00:00,2022-12-02 15:05:39.906401+00:00
1598647802879508480,ukraine-de,True,True,False,False,False,False,False,False,False,False,2022-12-02 15:05:39.906274+00:00,2022-12-02 15:05:39.906274+00:00
1598647810672545793,ukraine-de,True,False,False,False,False,False,False,False,False,False,2022-12-02 15:05:39.939057+00:00,2022-12-02 15:05:39.939057+00:00
1598647835540324353,ukraine-de,True,True,False,False,False,False,False,False,False,False,2022-12-02 15:05:39.906085+00:00,2022-12-02 15:05:39.906085+00:00
1598647852447793152,ukraine-de,True,False,False,False,False,False,False,False,False,False,2022-12-02 15:05:39.918745+00:00,2022-12-02 15:05:39.918745+00:00
1598647854381219841,ukraine-de,True,True,False,False,False,False,False,False,False,False,2022-12-02 15:05:39.902544+00:00,2022-12-02 15:05:39.902544+00:00
1598647872060375042,ukraine-de,True,True,False,False,False,False,False,False,False,False,2022-12-02 15:05:39.902442+00:00,2022-12-02 15:05:39.902442+00:00
1598647886606381058,ukraine-de,True,True,False,False,False,False,False,False,False,False,2022-12-02 15:05:39.902340+00:00,2022-12-02 15:05:39.902340+00:00
1598647890724929536,ukraine-de,True,True,False,False,False,False,False,False,False,False,2022-12-02 15:05:39.902236+00:00,2022-12-02 15:05:39.902236+00:00
1598647964045430785,ukraine-de,True,True,False,False,False,False,False,False,False,False,2022-12-02 15:05:39.902117+00:00,2022-12-02 15:05:39.902117+00:00
1598647998883536896,ukraine-de,True,True,False,False,False,False,False,False,False,False,2022-12-02 15:05:39.902015+00:00,2022-12-02 15:05:39.902015+00:00
1598648017921384448,ukraine-de,True,True,False,False,False,False,False,False,False,False,2022-12-02 15:05:39.901911+00:00,2022-12-02 15:05:39.901911+00:00
1598648023734751235,ukraine-de,True,True,False,False,False,False,False,False,False,False,2022-12-02 15:01:05.638768+00:00,2022-12-02 15:05:39.901765+00:00
1598648066843754497,ukraine-de,True,False,False,False,False,False,False,False,False,False,2022-12-02 15:05:39.914880+00:00,2022-12-02 15:05:39.914880+00:00
1598648078742994944,ukraine-de,True,True,False,False,False,False,False,False,False,False,2022-12-02 15:05:39.901634+00:00,2022-12-02 15:05:39.901634+00:00
1598648081515532288,ukraine-de,True,True,False,False,False,False,False,False,False,False,2022-12-02 15:05:39.901509+00:00,2022-12-02 15:05:39.901509+00:00
1598648089858002949,ukraine-de,True,True,False,False,False,False,False,False,False,False,2022-12-02 15:05:39.901408+00:00,2022-12-02 15:05:39.901408+00:00
1598648102944112641,ukraine-de,True,True,False,False,False,False,False,False,False,False,2022-12-02 15:05:39.901306+00:00,2022-12-02 15:05:39.901306+00:00
1598648103585734657,ukraine-de,True,True,False,False,False,False,False,False,False,False,2022-12-02 15:05:39.901203+00:00,2022-12-02 15:05:39.901203+00:00
1598648135907250177,ukraine-de,True,True,False,False,False,False,False,False,False,False,2022-12-02 15:05:39.901098+00:00,2022-12-02 15:05:39.901098+00:00
1598648143402319873,ukraine-de,True,True,False,False,False,False,False,False,False,False,2022-12-02 15:05:39.900994+00:00,2022-12-02 15:05:39.900994+00:00
1598648174184259585,ukraine-de,True,True,False,False,False,False,False,False,False,False,2022-12-02 15:05:39.900885+00:00,2022-12-02 15:05:39.900885+00:00
1598648185508880384,ukraine-de,True,True,False,False,False,False,False,False,False,False,2022-12-02 15:04:13.054113+00:00,2022-12-02 15:05:39.900763+00:00
1598648191888818178,ukraine-de,True,False,False,False,False,False,False,False,False,False,2022-12-02 15:01:05.658337+00:00,2022-12-02 15:01:05.658337+00:00
1598648200537178113,ukraine-de,True,True,False,False,False,False,False,False,False,False,2022-12-02 15:05:39.900620+00:00,2022-12-02 15:05:39.900620+00:00
1598648208959459334,ukraine-de,True,False,False,False,False,False,False,False,False,False,2022-12-03 11:05:50.196282+00:00,2022-12-03 11:05:50.196282+00:00
1598648213191290881,ukraine-de,True,True,False,False,False,False,False,False,False,False,2022-12-02 15:05:39.899237+00:00,2022-12-02 15:05:39.899237+00:00
1598648225078059008,ukraine-de,True,True,False,False,False,False,False,False,False,False,2022-12-02 15:05:39.899136+00:00,2022-12-02 15:05:39.899136+00:00
1598648226810413057,ukraine-de,True,True,False,False,False,False,False,False,False,False,2022-12-02 15:05:39.899035+00:00,2022-12-02 15:05:39.899035+00:00
1598648234129367042,ukraine-de,True,True,False,False,False,False,False,False,False,False,2022-12-02 15:05:39.898929+00:00,2022-12-02 15:05:39.898929+00:00
1598648242861907970,ukraine-de,True,True,False,False,False,False,False,False,False,False,2022-12-02 15:05:39.898801+00:00,2022-12-02 15:05:39.898801+00:00
1598648261287768065,ukraine-de,True,True,False,False,False,False,False,False,False,False,2022-12-02 15:05:39.898695+00:00,2022-12-02 15:05:39.898695+00:00
1598648267528699904,ukraine-de,True,False,False,False,False,False,False,False,False,False,2022-12-02 15:01:05.656222+00:00,2022-12-02 15:01:05.656222+00:00
1598648282980536321,ukraine-de,True,True,False,False,False,False,False,False,False,False,2022-12-02 15:05:39.898587+00:00,2022-12-02 15:05:39.898587+00:00
1598648301523533825,ukraine-de,True,True,False,False,False,False,False,False,False,False,2022-12-02 15:05:39.898475+00:00,2022-12-02 15:05:39.898475+00:00
1598648312579723264,ukraine-de,True,True,False,False,False,False,False,False,False,False,2022-12-02 15:05:39.898339+00:00,2022-12-02 15:05:39.898339+00:00
1598648337091203073,ukraine-de,True,True,False,False,False,False,False,False,False,False,2022-12-02 15:05:39.898143+00:00,2022-12-02 15:05:39.898143+00:00
1598648350366105601,ukraine-de,True,False,False,False,False,False,False,False,False,False,2022-12-02 15:05:39.926364+00:00,2022-12-02 15:05:39.926364+00:00
1598648354191319041,ukraine-de,True,True,False,False,False,False,False,False,False,False,2022-12-02 15:05:39.896847+00:00,2022-12-02 15:05:39.896847+00:00
1598648361539850242,ukraine-de,True,False,False,False,False,False,False,False,False,False,2022-12-02 15:05:39.927431+00:00,2022-12-02 15:05:39.927431+00:00
1598648385900118016,ukraine-de,True,True,False,False,False,False,False,False,False,False,2022-12-02 15:05:39.896744+00:00,2022-12-02 15:05:39.896744+00:00
1598648389658443776,ukraine-de,True,False,False,False,False,False,False,False,False,False,2022-12-02 19:50:27.674534+00:00,2022-12-02 19:50:27.674534+00:00
1598648390199508992,ukraine-de,True,True,False,False,False,False,False,False,False,False,2022-12-02 15:05:39.896637+00:00,2022-12-02 15:05:39.896637+00:00
1598648393584283653,ukraine-de,True,True,False,False,False,False,False,False,False,False,2022-12-02 15:04:13.060488+00:00,2022-12-02 15:05:39.896524+00:00
1598648399560966145,ukraine-de,True,True,False,False,False,False,False,False,False,False,2022-12-02 15:05:39.896373+00:00,2022-12-02 15:05:39.896373+00:00
1598648422042566657,ukraine-de,True,True,False,False,False,False,False,False,False,False,2022-12-02 15:05:39.894228+00:00,2022-12-02 15:05:39.894228+00:00
1598648429105876992,ukraine-de,True,False,False,False,False,False,False,False,False,False,2022-12-02 19:50:59.832162+00:00,2022-12-02 19:50:59.832162+00:00
1598648432633139200,ukraine-de,True,True,False,False,False,False,False,False,False,False,2022-12-02 15:05:39.894113+00:00,2022-12-02 15:05:39.894113+00:00
1598648434071945217,ukraine-de,True,False,False,False,False,False,False,False,False,False,2022-12-02 15:05:39.931357+00:00,2022-12-02 15:05:39.931357+00:00
1598648447464140800,ukraine-de,True,True,False,False,False,False,False,False,False,False,2022-12-02 15:05:39.894011+00:00,2022-12-02 15:05:39.894011+00:00
1598648458700890112,ukraine-de,True,True,False,False,False,False,False,False,False,False,2022-12-02 15:05:39.893908+00:00,2022-12-02 15:05:39.893908+00:00
1598648460764381188,ukraine-de,True,True,False,False,False,False,False,False,False,False,2022-12-02 15:05:39.893770+00:00,2022-12-02 15:05:39.893770+00:00
1598648544310620160,ukraine-de,True,True,False,False,False,False,False,False,False,False,2022-12-02 15:05:39.893649+00:00,2022-12-02 15:05:39.893649+00:00
1598648564686561280,ukraine-de,True,True,False,False,False,False,False,False,False,False,2022-12-02 15:05:39.893527+00:00,2022-12-02 15:05:39.893527+00:00
1598648614317920258,ukraine-de,True,True,False,False,False,False,False,False,False,False,2022-12-02 15:05:39.893425+00:00,2022-12-02 15:05:39.893425+00:00
1598648634412630018,ukraine-de,True,True,False,False,False,False,False,False,False,False,2022-12-02 15:05:39.893321+00:00,2022-12-02 15:05:39.893321+00:00
1598648674791215104,ukraine-de,True,True,False,False,False,False,False,False,False,False,2022-12-02 15:05:39.893215+00:00,2022-12-02 15:05:39.893215+00:00
1598648678335512577,ukraine-de,True,True,False,False,False,False,False,False,False,False,2022-12-02 15:05:39.893106+00:00,2022-12-02 15:05:39.893106+00:00
1598648680613122048,ukraine-de,True,True,False,False,False,False,False,False,False,False,2022-12-02 15:05:39.892975+00:00,2022-12-02 15:05:39.892975+00:00
1598648682974515200,ukraine-de,True,True,False,False,False,False,False,False,False,False,2022-12-02 15:05:39.892830+00:00,2022-12-02 15:05:39.892830+00:00
1598648695854989313,ukraine-de,True,True,False,False,False,False,False,False,False,False,2022-12-02 15:05:39.891181+00:00,2022-12-02 15:05:39.891181+00:00
1598648715362930688,ukraine-de,True,True,False,False,False,False,False,False,False,False,2022-12-02 15:05:39.891078+00:00,2022-12-02 15:05:39.891078+00:00
1598648743632445440,ukraine-de,True,True,False,False,False,False,False,False,False,False,2022-12-02 15:05:39.890973+00:00,2022-12-02 15:05:39.890973+00:00
1598648747105218565,ukraine-de,True,False,False,False,False,False,False,False,False,False,2022-12-02 19:51:41.486127+00:00,2022-12-02 19:51:41.486127+00:00
1598648753094676480,ukraine-de,True,True,False,False,False,False,False,False,False,False,2022-12-02 15:05:39.890834+00:00,2022-12-02 15:05:39.890834+00:00
1598648764473913344,ukraine-de,True,True,False,False,False,False,False,False,False,False,2022-12-02 15:05:39.890733+00:00,2022-12-02 15:05:39.890733+00:00
1598648772040400897,ukraine-de,True,True,False,False,False,False,False,False,False,False,2022-12-02 15:05:39.890630+00:00,2022-12-02 15:05:39.890630+00:00
1598648781788139521,ukraine-de,True,True,False,False,False,False,False,False,False,False,2022-12-02 15:05:39.890528+00:00,2022-12-02 15:05:39.890528+00:00
1598648821835243526,ukraine-de,True,True,False,False,False,False,False,False,False,False,2022-12-02 15:05:39.890425+00:00,2022-12-02 15:05:39.890425+00:00
1598648826029518848,ukraine-de,True,True,False,False,False,False,False,False,False,False,2022-12-02 15:05:39.890319+00:00,2022-12-02 15:05:39.890319+00:00
1598648838398550016,ukraine-de,True,False,False,False,False,False,False,False,False,False,2022-12-02 15:05:39.914421+00:00,2022-12-02 15:05:39.914421+00:00
1598648856987815936,ukraine-de,True,False,False,False,False,False,False,False,False,False,2022-12-02 15:05:39.931504+00:00,2022-12-02 15:05:39.931504+00:00
1598648881167929349,ukraine-de,True,True,False,False,False,False,False,False,False,False,2022-12-02 15:05:39.890210+00:00,2022-12-02 15:05:39.890210+00:00
1598648893281034242,ukraine-de,True,True,False,False,False,False,False,False,False,False,2022-12-02 15:05:39.890084+00:00,2022-12-02 15:05:39.890084+00:00
1598648906610515977,ukraine-de,True,True,False,False,False,False,False,False,False,False,2022-12-02 15:05:39.888724+00:00,2022-12-02 15:05:39.888724+00:00
1598648908187680771,ukraine-de,True,True,False,False,False,False,False,False,False,False,2022-12-02 15:05:39.888613+00:00,2022-12-02 15:05:39.888613+00:00
1598648947375067139,ukraine-de,True,True,False,False,False,False,False,False,False,False,2022-12-02 15:05:39.888506+00:00,2022-12-02 15:05:39.888506+00:00
1598648950311030785,ukraine-de,True,True,False,False,False,False,False,False,False,False,2022-12-02 15:05:39.888395+00:00,2022-12-02 15:05:39.888395+00:00
1598648952772911105,ukraine-de,True,True,False,False,False,False,False,False,False,False,2022-12-02 15:05:39.888274+00:00,2022-12-02 15:05:39.888274+00:00
1598648962357018624,ukraine-de,True,True,False,False,False,False,False,False,False,False,2022-12-02 15:05:39.884717+00:00,2022-12-02 15:05:39.884717+00:00
1598648995777314817,ukraine-de,True,True,False,False,False,False,False,False,False,False,2022-12-02 15:05:39.884620+00:00,2022-12-02 15:05:39.884620+00:00
1598649002282651649,ukraine-de,True,True,False,False,False,False,False,False,False,False,2022-12-02 15:05:39.884507+00:00,2022-12-02 15:05:39.884507+00:00
1598649010293612544,ukraine-de,True,True,False,False,False,False,False,False,False,False,2022-12-02 15:05:39.884397+00:00,2022-12-02 15:05:39.884397+00:00
1598649019718418432,ukraine-de,True,False,False,False,False,False,False,False,False,False,2022-12-02 15:05:39.915626+00:00,2022-12-02 15:05:39.915626+00:00
1598649056502358043,ukraine-de,True,True,False,False,False,False,False,False,False,False,2022-12-02 15:05:39.884296+00:00,2022-12-02 15:05:39.884296+00:00
1598649064245133314,ukraine-de,True,True,False,False,False,False,False,False,False,False,2022-12-02 15:05:39.884179+00:00,2022-12-02 15:05:39.884179+00:00
1598649102656569345,ukraine-de,True,True,False,False,False,False,False,False,False,False,2022-12-02 15:05:39.884061+00:00,2022-12-02 15:05:39.884061+00:00
1598649102769610753,ukraine-de,True,True,False,False,False,False,False,False,False,False,2022-12-02 15:05:39.883962+00:00,2022-12-02 15:05:39.883962+00:00
1598649118519279617,ukraine-de,True,True,False,False,False,False,False,False,False,False,2022-12-02 15:05:39.883860+00:00,2022-12-02 15:05:39.883860+00:00
1598649148714123265,ukraine-de,True,False,False,False,False,False,False,False,False,False,2022-12-02 15:01:30.393389+00:00,2022-12-02 15:01:30.393389+00:00
1598649151096590337,ukraine-de,True,True,False,False,False,False,False,False,False,False,2022-12-02 15:05:39.883757+00:00,2022-12-02 15:05:39.883757+00:00
1598649155961823232,ukraine-de,True,True,False,False,False,False,False,False,False,False,2022-12-02 15:05:39.883635+00:00,2022-12-02 15:05:39.883635+00:00
1598649171732406272,ukraine-de,True,True,False,False,False,False,False,False,False,False,2022-12-02 15:05:39.883535+00:00,2022-12-02 15:05:39.883535+00:00
1598649177256431622,ukraine-de,True,True,False,False,False,False,False,False,False,False,2022-12-02 15:05:39.883427+00:00,2022-12-02 15:05:39.883427+00:00
1598649202980319232,ukraine-de,True,True,False,False,False,False,False,False,False,False,2022-12-02 15:05:39.883302+00:00,2022-12-02 15:05:39.883302+00:00
1598649203160489984,ukraine-de,True,True,False,False,False,False,False,False,False,False,2022-12-02 15:05:39.883181+00:00,2022-12-02 15:05:39.883181+00:00
1598649204603240448,ukraine-de,True,True,False,False,False,False,False,False,False,False,2022-12-02 15:05:39.883081+00:00,2022-12-02 15:05:39.883081+00:00
1598649231002288128,ukraine-de,True,True,False,False,False,False,False,False,False,False,2022-12-02 15:05:39.882978+00:00,2022-12-02 15:05:39.882978+00:00
1598649239143342084,ukraine-de,True,True,False,False,False,False,False,False,False,False,2022-12-02 15:05:39.882866+00:00,2022-12-02 15:05:39.882866+00:00
1598649249385910272,ukraine-de,True,True,False,False,False,False,False,False,False,False,2022-12-02 15:05:39.882761+00:00,2022-12-02 15:05:39.882761+00:00
1598649251810234368,ukraine-de,True,True,False,False,False,False,False,False,False,False,2022-12-02 15:05:39.882644+00:00,2022-12-02 15:05:39.882644+00:00
1598649296387129344,ukraine-de,True,False,False,False,False,False,False,False,False,False,2022-12-02 15:05:39.934581+00:00,2022-12-02 15:05:39.934581+00:00
1598649296642969600,ukraine-de,True,True,False,False,False,False,False,False,False,False,2022-12-02 15:05:39.882539+00:00,2022-12-02 15:05:39.882539+00:00
1598649340461023232,ukraine-de,True,True,False,False,False,False,False,False,False,False,2022-12-02 15:05:39.882419+00:00,2022-12-02 15:05:39.882419+00:00
1598649351710056451,ukraine-de,True,True,False,False,False,False,False,False,False,False,2022-12-02 15:05:39.882316+00:00,2022-12-02 15:05:39.882316+00:00
1598649370219520003,ukraine-de,True,True,False,False,False,False,False,False,False,False,2022-12-02 15:05:39.882211+00:00,2022-12-02 15:05:39.882211+00:00
1598649382391320577,ukraine-de,True,True,False,False,False,False,False,False,False,False,2022-12-02 15:05:39.882095+00:00,2022-12-02 15:05:39.882095+00:00
1598649382919872515,ukraine-de,True,False,False,False,False,False,False,False,False,False,2022-12-02 15:05:39.934484+00:00,2022-12-02 15:05:39.934484+00:00
1598649384023080960,ukraine-de,True,True,False,False,False,False,False,False,False,False,2022-12-02 15:05:39.881986+00:00,2022-12-02 15:05:39.881986+00:00
1598649428830740483,ukraine-de,True,True,False,False,False,False,False,False,False,False,2022-12-02 15:05:39.881862+00:00,2022-12-02 15:05:39.881862+00:00
1598649448481009664,ukraine-de,True,True,False,False,False,False,False,False,False,False,2022-12-02 15:05:39.881740+00:00,2022-12-02 15:05:39.881740+00:00
1598649454105460736,ukraine-de,True,False,False,False,False,False,False,False,False,False,2022-12-02 15:05:39.933932+00:00,2022-12-02 15:05:39.933932+00:00
1598649459436576769,ukraine-de,True,True,False,False,False,False,False,False,False,False,2022-12-02 15:05:39.879031+00:00,2022-12-02 15:05:39.879031+00:00
1598649465275031553,ukraine-de,True,True,False,False,False,False,False,False,False,False,2022-12-02 15:05:39.878930+00:00,2022-12-02 15:05:39.878930+00:00
1598649474221572096,ukraine-de,True,True,False,False,False,False,False,False,False,False,2022-12-02 15:05:39.878831+00:00,2022-12-02 15:05:39.878831+00:00
1598649475257565185,ukraine-de,True,True,False,False,False,False,False,False,False,False,2022-12-02 15:05:39.878731+00:00,2022-12-02 15:05:39.878731+00:00
1598649482081718272,ukraine-de,True,True,False,False,False,False,False,False,False,False,2022-12-02 15:05:39.878632+00:00,2022-12-02 15:05:39.878632+00:00
1598649487051747329,ukraine-de,True,True,False,False,False,False,False,False,False,False,2022-12-02 15:04:13.053275+00:00,2022-12-02 15:05:39.878530+00:00
1598649491355324416,ukraine-de,True,True,False,False,False,False,False,False,False,False,2022-12-02 15:05:39.878420+00:00,2022-12-02 15:05:39.878420+00:00
1598649514738548737,ukraine-de,True,True,False,False,False,False,False,False,False,False,2022-12-02 15:05:39.878318+00:00,2022-12-02 15:05:39.878318+00:00
1598649529896783873,ukraine-de,True,True,False,False,False,False,False,False,False,False,2022-12-02 15:05:39.878204+00:00,2022-12-02 15:05:39.878204+00:00
1598649542353850368,ukraine-de,True,True,False,False,False,False,False,False,False,False,2022-12-02 15:05:39.878093+00:00,2022-12-02 15:05:39.878093+00:00
1598649543121580032,ukraine-de,True,True,False,False,False,False,False,False,False,False,2022-12-02 15:05:39.877989+00:00,2022-12-02 15:05:39.877989+00:00
1598649580039479296,ukraine-de,True,False,False,False,False,False,False,False,False,False,2022-12-02 15:05:39.934790+00:00,2022-12-02 15:05:39.934790+00:00
1598649582879055873,ukraine-de,True,True,False,False,False,False,False,False,False,False,2022-12-02 15:05:39.877878+00:00,2022-12-02 15:05:39.877878+00:00
1598649601124204546,ukraine-de,True,True,False,False,False,False,False,False,False,False,2022-12-02 15:05:39.877774+00:00,2022-12-02 15:05:39.877774+00:00
1598649603414425600,ukraine-de,True,True,False,False,False,False,False,False,False,False,2022-12-02 15:05:39.877655+00:00,2022-12-02 15:05:39.877655+00:00
1598649607533350913,ukraine-de,True,False,False,False,False,False,False,False,False,False,2022-12-02 22:35:45.780881+00:00,2022-12-02 22:35:45.780881+00:00
1598649611421302785,ukraine-de,True,True,False,False,False,False,False,False,False,False,2022-12-02 15:05:39.877501+00:00,2022-12-02 15:05:39.877501+00:00
1598649625484722178,ukraine-de,True,True,False,False,False,False,False,False,False,False,2022-12-02 15:05:39.877396+00:00,2022-12-02 15:05:39.877396+00:00
1598649638101319682,ukraine-de,True,True,False,False,False,False,False,False,False,False,2022-12-02 15:05:39.877290+00:00,2022-12-02 15:05:39.877290+00:00
1598649644879294465,ukraine-de,True,True,False,False,False,False,False,False,False,False,2022-12-02 15:05:39.877168+00:00,2022-12-02 15:05:39.877168+00:00
1598649646867517443,ukraine-de,True,True,False,False,False,False,False,False,False,False,2022-12-02 15:05:39.877058+00:00,2022-12-02 15:05:39.877058+00:00
1598649654735872000,ukraine-de,True,True,False,False,False,False,False,False,False,False,2022-12-02 15:05:39.876942+00:00,2022-12-02 15:05:39.876942+00:00
1598649657521065986,ukraine-de,True,True,False,False,False,False,False,False,False,False,2022-12-02 15:05:39.876782+00:00,2022-12-02 15:05:39.876782+00:00
1598649675841736705,ukraine-de,True,True,False,False,False,False,False,False,False,False,2022-12-02 15:05:39.875716+00:00,2022-12-02 15:05:39.875716+00:00
1598649692535103489,ukraine-de,True,True,False,False,False,False,False,False,False,False,2022-12-02 15:05:39.875592+00:00,2022-12-02 15:05:39.875592+00:00
1598649704375517184,ukraine-de,True,True,False,False,False,False,False,False,False,False,2022-12-02 15:05:39.875485+00:00,2022-12-02 15:05:39.875485+00:00
1598649724348895232,ukraine-de,True,True,False,False,False,False,False,False,False,False,2022-12-02 15:05:39.875374+00:00,2022-12-02 15:05:39.875374+00:00
1598649734037635074,ukraine-de,True,True,False,False,False,False,False,False,False,False,2022-12-02 15:05:39.875230+00:00,2022-12-02 15:05:39.875230+00:00
1598649740526247938,ukraine-de,True,True,False,False,False,False,False,False,False,False,2022-12-02 15:05:39.875083+00:00,2022-12-02 15:05:39.875083+00:00
1598649756737314817,ukraine-de,True,True,False,False,False,False,False,False,False,False,2022-12-02 15:05:39.874400+00:00,2022-12-02 15:05:39.874400+00:00
1598649775443783680,ukraine-de,True,True,False,False,False,False,False,False,False,False,2022-12-02 15:05:39.874287+00:00,2022-12-02 15:05:39.874287+00:00
1598649787934457857,ukraine-de,True,True,False,False,False,False,False,False,False,False,2022-12-02 15:05:39.874147+00:00,2022-12-02 15:05:39.874147+00:00
1598649795706593280,ukraine-de,True,True,False,False,False,False,False,False,False,False,2022-12-02 15:05:39.873254+00:00,2022-12-02 15:05:39.873254+00:00
1598649795794567169,ukraine-de,True,True,False,False,False,False,False,False,False,False,2022-12-02 15:05:39.873128+00:00,2022-12-02 15:05:39.873128+00:00
1598649800349679616,ukraine-de,True,True,False,False,False,False,False,False,False,False,2022-12-02 15:05:39.873012+00:00,2022-12-02 15:05:39.873012+00:00
1598649822571278342,ukraine-de,True,True,False,False,False,False,False,False,False,False,2022-12-02 15:05:39.872843+00:00,2022-12-02 15:05:39.872843+00:00
1598649824420761600,ukraine-de,True,True,False,False,False,False,False,False,False,False,2022-12-02 15:05:39.871600+00:00,2022-12-02 15:05:39.871600+00:00
1598649845715292161,ukraine-de,True,True,False,False,False,False,False,False,False,False,2022-12-02 15:05:39.871472+00:00,2022-12-02 15:05:39.871472+00:00
1598649848739160066,ukraine-de,True,True,False,False,False,False,False,False,False,False,2022-12-02 15:05:39.871355+00:00,2022-12-02 15:05:39.871355+00:00
1598649850819739648,ukraine-de,True,True,False,False,False,False,False,False,False,False,2022-12-02 15:05:39.871214+00:00,2022-12-02 15:05:39.871214+00:00
1598649854573613061,ukraine-de,True,True,False,False,False,False,False,False,False,False,2022-12-02 15:05:39.867238+00:00,2022-12-02 15:05:39.867238+00:00
1598649855781519361,ukraine-de,True,True,False,False,False,False,False,False,False,False,2022-12-02 15:05:39.867137+00:00,2022-12-02 15:05:39.867137+00:00
1598649869354160128,ukraine-de,True,True,False,False,False,False,False,False,False,False,2022-12-02 15:05:39.867033+00:00,2022-12-02 15:05:39.867033+00:00
1598649878296645632,ukraine-de,True,True,False,False,False,False,False,False,False,False,2022-12-02 15:05:39.866803+00:00,2022-12-02 15:05:39.866803+00:00
1598649886265806848,ukraine-de,True,True,False,False,False,False,False,False,False,False,2022-12-02 15:05:39.866704+00:00,2022-12-02 15:05:39.866704+00:00
1598649901939937280,ukraine-de,True,True,False,False,False,False,False,False,False,False,2022-12-02 15:05:39.866604+00:00,2022-12-02 15:05:39.866604+00:00
1598649903416283136,ukraine-de,True,True,False,False,False,False,False,False,False,False,2022-12-02 15:05:39.866502+00:00,2022-12-02 15:05:39.866502+00:00
1598649905291182081,ukraine-de,True,True,False,False,False,False,False,False,False,False,2022-12-02 15:05:39.866392+00:00,2022-12-02 15:05:39.866392+00:00
1598649908449386496,ukraine-de,True,True,False,False,False,False,False,False,False,False,2022-12-02 15:05:39.866292+00:00,2022-12-02 15:05:39.866292+00:00
1598649937952210945,ukraine-de,True,True,False,False,False,False,False,False,False,False,2022-12-02 15:05:39.866193+00:00,2022-12-02 15:05:39.866193+00:00
1598649998165549057,ukraine-de,True,True,False,False,False,False,False,False,False,False,2022-12-02 15:05:39.866093+00:00,2022-12-02 15:05:39.866093+00:00
1598650030449008640,ukraine-de,True,True,False,False,False,False,False,False,False,False,2022-12-02 15:05:39.865992+00:00,2022-12-02 15:05:39.865992+00:00
1598650049373822977,ukraine-de,True,True,False,False,False,False,False,False,False,False,2022-12-02 15:05:39.865890+00:00,2022-12-02 15:05:39.865890+00:00
1598650070047621122,ukraine-de,True,True,False,False,False,False,False,False,False,False,2022-12-02 15:05:39.865788+00:00,2022-12-02 15:05:39.865788+00:00
1598650095213445120,ukraine-de,True,True,False,False,False,False,False,False,False,False,2022-12-02 15:05:39.865683+00:00,2022-12-02 15:05:39.865683+00:00
1598650107649527808,ukraine-de,True,True,False,False,False,False,False,False,False,False,2022-12-02 15:05:39.865562+00:00,2022-12-02 15:05:39.865562+00:00
1598650124259016706,ukraine-de,True,True,False,False,False,False,False,False,False,False,2022-12-02 15:05:39.865460+00:00,2022-12-02 15:05:39.865460+00:00
1598650178831097861,ukraine-de,True,False,False,False,False,False,False,False,False,False,2022-12-02 19:50:36.487564+00:00,2022-12-02 19:50:36.487564+00:00
1598650228638457856,ukraine-de,True,True,False,False,False,False,False,False,False,False,2022-12-02 15:05:39.865357+00:00,2022-12-02 15:05:39.865357+00:00
1598650238117486595,ukraine-de,True,True,False,False,False,False,False,False,False,False,2022-12-02 15:05:39.865254+00:00,2022-12-02 15:05:39.865254+00:00
1598650251698704386,ukraine-de,True,True,False,False,False,False,False,False,False,False,2022-12-02 15:05:39.865134+00:00,2022-12-02 15:05:39.865134+00:00
1598650260145987585,ukraine-de,True,True,False,False,False,False,False,False,False,False,2022-12-02 15:05:39.865022+00:00,2022-12-02 15:05:39.865022+00:00
1598650314168668160,ukraine-de,True,True,False,False,False,False,False,False,False,False,2022-12-02 15:05:39.864903+00:00,2022-12-02 15:05:39.864903+00:00
1598650329763045376,ukraine-de,True,True,False,False,False,False,False,False,False,False,2022-12-02 15:01:05.640642+00:00,2022-12-02 15:05:39.864799+00:00
1598650344933711873,ukraine-de,True,True,False,False,False,False,False,False,False,False,2022-12-02 15:05:39.864688+00:00,2022-12-02 15:05:39.864688+00:00
1598650356027752453,ukraine-de,True,True,False,False,False,False,False,False,False,False,2022-12-02 15:05:39.864586+00:00,2022-12-02 15:05:39.864586+00:00
1598650356417937411,ukraine-de,True,True,False,False,False,False,False,False,False,False,2022-12-02 15:05:39.864468+00:00,2022-12-02 15:05:39.864468+00:00
1598650384494501888,ukraine-de,True,True,False,False,False,False,False,False,False,False,2022-12-02 15:05:39.864349+00:00,2022-12-02 15:05:39.864349+00:00
1598650391243137026,ukraine-de,True,True,False,False,False,False,False,False,False,False,2022-12-02 15:05:39.864225+00:00,2022-12-02 15:05:39.864225+00:00
1598650431487582208,ukraine-de,True,True,False,False,False,False,False,False,False,False,2022-12-02 15:05:39.864124+00:00,2022-12-02 15:05:39.864124+00:00
1598650477767495681,ukraine-de,True,True,False,False,False,False,False,False,False,False,2022-12-02 15:05:39.864021+00:00,2022-12-02 15:05:39.864021+00:00
1598650490971201536,ukraine-de,True,True,False,False,False,False,False,False,False,False,2022-12-02 15:05:39.863918+00:00,2022-12-02 15:05:39.863918+00:00
1598650512123084801,ukraine-de,True,True,False,False,False,False,False,False,False,False,2022-12-02 15:05:39.863812+00:00,2022-12-02 15:05:39.863812+00:00
1598650555496177667,ukraine-de,True,True,False,False,False,False,False,False,False,False,2022-12-02 15:05:39.863701+00:00,2022-12-02 15:05:39.863701+00:00
1598650594159480832,ukraine-de,True,True,False,False,False,False,False,False,False,False,2022-12-02 15:05:39.863583+00:00,2022-12-02 15:05:39.863583+00:00
1598650604951404544,ukraine-de,True,True,False,False,False,False,False,False,False,False,2022-12-02 15:05:39.863370+00:00,2022-12-02 15:05:39.863370+00:00
1598650646022029312,ukraine-de,True,True,False,False,False,False,False,False,False,False,2022-12-02 15:05:39.859178+00:00,2022-12-02 15:05:39.859178+00:00
1598650664573235200,ukraine-de,True,False,False,False,False,False,False,False,False,False,2022-12-02 15:05:39.932742+00:00,2022-12-02 15:05:39.932742+00:00
1598650667249192960,ukraine-de,True,True,False,False,False,False,False,False,False,False,2022-12-02 15:05:39.859080+00:00,2022-12-02 15:05:39.859080+00:00
1598650701047107586,ukraine-de,True,True,False,False,False,False,False,False,False,False,2022-12-02 15:05:39.858981+00:00,2022-12-02 15:05:39.858981+00:00
1598650703257411586,ukraine-de,True,True,False,False,False,False,False,False,False,False,2022-12-02 15:05:39.858885+00:00,2022-12-02 15:05:39.858885+00:00
1598650705354448897,ukraine-de,True,True,False,False,False,False,False,False,False,False,2022-12-02 15:05:39.858787+00:00,2022-12-02 15:05:39.858787+00:00
1598650709716639744,ukraine-de,True,True,False,False,False,False,False,False,False,False,2022-12-02 15:05:39.858689+00:00,2022-12-02 15:05:39.858689+00:00
1598650738476998656,ukraine-de,True,True,False,False,False,False,False,False,False,False,2022-12-02 15:05:39.858571+00:00,2022-12-02 15:05:39.858571+00:00
1598650743715602432,ukraine-de,True,True,False,False,False,False,False,False,False,False,2022-12-02 15:05:39.858473+00:00,2022-12-02 15:05:39.858473+00:00
1598650753853390851,ukraine-de,True,True,False,False,False,False,False,False,False,False,2022-12-02 15:05:39.858374+00:00,2022-12-02 15:05:39.858374+00:00
1598650775206776832,ukraine-de,True,True,False,False,False,False,False,False,False,False,2022-12-02 15:05:39.858275+00:00,2022-12-02 15:05:39.858275+00:00
1598650780159864832,ukraine-de,True,True,False,False,False,False,False,False,False,False,2022-12-02 15:05:39.858178+00:00,2022-12-02 15:05:39.858178+00:00
1598650793653141506,ukraine-de,True,True,False,False,False,False,False,False,False,False,2022-12-02 15:05:39.858080+00:00,2022-12-02 15:05:39.858080+00:00
1598650794051571712,ukraine-de,True,True,False,False,False,False,False,False,False,False,2022-12-02 15:05:39.857966+00:00,2022-12-02 15:05:39.857966+00:00
1598650807460761600,ukraine-de,True,True,False,False,False,False,False,False,False,False,2022-12-02 15:05:39.857871+00:00,2022-12-02 15:05:39.857871+00:00
1598650809822093312,ukraine-de,True,True,False,False,False,False,False,False,False,False,2022-12-02 15:05:39.857775+00:00,2022-12-02 15:05:39.857775+00:00
1598650817174724608,ukraine-de,True,True,False,False,False,False,False,False,False,False,2022-12-02 15:05:39.857678+00:00,2022-12-02 15:05:39.857678+00:00
1598650821780070400,ukraine-de,True,True,False,False,False,False,False,False,False,False,2022-12-02 15:05:39.857566+00:00,2022-12-02 15:05:39.857566+00:00
1598650836527325185,ukraine-de,True,True,False,False,False,False,False,False,False,False,2022-12-02 15:05:39.857469+00:00,2022-12-02 15:05:39.857469+00:00
1598650837135335424,ukraine-de,True,True,False,False,False,False,False,False,False,False,2022-12-02 15:05:39.857372+00:00,2022-12-02 15:05:39.857372+00:00
1598650853082034176,ukraine-de,True,True,False,False,False,False,False,False,False,False,2022-12-02 15:05:39.857272+00:00,2022-12-02 15:05:39.857272+00:00
1598650854181044225,ukraine-de,True,True,False,False,False,False,False,False,False,False,2022-12-02 15:05:39.857159+00:00,2022-12-02 15:05:39.857159+00:00
1598650854856396802,ukraine-de,True,True,False,False,False,False,False,False,False,False,2022-12-02 15:05:39.857056+00:00,2022-12-02 15:05:39.857056+00:00
1598650856110440449,ukraine-de,True,False,False,False,False,False,False,False,False,False,2022-12-02 15:05:39.918603+00:00,2022-12-02 15:05:39.918603+00:00
1598650881175683073,ukraine-de,True,True,False,False,False,False,False,False,False,False,2022-12-02 15:05:39.856932+00:00,2022-12-02 15:05:39.856932+00:00
1598650887924338688,ukraine-de,True,True,False,False,False,False,False,False,False,False,2022-12-02 15:05:39.856828+00:00,2022-12-02 15:05:39.856828+00:00
1598650888582844416,ukraine-de,True,True,False,False,False,False,False,False,False,False,2022-12-02 15:05:39.856709+00:00,2022-12-02 15:05:39.856709+00:00
1598650901291360256,ukraine-de,True,True,False,False,False,False,False,False,False,False,2022-12-02 15:05:39.856604+00:00,2022-12-02 15:05:39.856604+00:00
1598650927287787520,ukraine-de,True,True,False,False,False,False,False,False,False,False,2022-12-02 15:05:39.856492+00:00,2022-12-02 15:05:39.856492+00:00
1598650942601191425,ukraine-de,True,True,False,False,False,False,False,False,False,False,2022-12-02 15:05:39.856353+00:00,2022-12-02 15:05:39.856353+00:00
1598650948389257217,ukraine-de,True,False,False,False,False,False,False,False,False,False,2022-12-02 15:01:05.651032+00:00,2022-12-02 15:01:05.651032+00:00
1598650973978734593,ukraine-de,True,True,False,False,False,False,False,False,False,False,2022-12-02 15:05:39.856234+00:00,2022-12-02 15:05:39.856234+00:00
1598650974616358912,ukraine-de,True,True,False,False,False,False,False,False,False,False,2022-12-02 15:05:39.856131+00:00,2022-12-02 15:05:39.856131+00:00
1598650980584902659,ukraine-de,True,True,False,False,False,False,False,False,False,False,2022-12-02 15:05:39.856028+00:00,2022-12-02 15:05:39.856028+00:00
1598650986402181120,ukraine-de,True,True,False,False,False,False,False,False,False,False,2022-12-02 15:05:39.855923+00:00,2022-12-02 15:05:39.855923+00:00
1598650991942848513,ukraine-de,True,True,False,False,False,False,False,False,False,False,2022-12-02 15:05:39.855812+00:00,2022-12-02 15:05:39.855812+00:00
1598651000587685888,ukraine-de,True,True,False,False,False,False,False,False,False,False,2022-12-02 15:05:39.855672+00:00,2022-12-02 15:05:39.855672+00:00
1598651004542717956,ukraine-de,True,False,False,False,False,False,False,False,False,False,2022-12-02 15:05:39.921634+00:00,2022-12-02 15:05:39.921634+00:00
1598651008460144640,ukraine-de,True,True,False,False,False,False,False,False,False,False,2022-12-02 15:05:39.855550+00:00,2022-12-02 15:05:39.855550+00:00
1598651025417797640,ukraine-de,True,True,False,False,False,False,False,False,False,False,2022-12-02 15:05:39.855358+00:00,2022-12-02 15:05:39.855358+00:00
1598651026105683969,ukraine-de,True,True,False,False,False,False,False,False,False,False,2022-12-02 15:05:39.851693+00:00,2022-12-02 15:05:39.851693+00:00
1598651037820198912,ukraine-de,True,True,False,False,False,False,False,False,False,False,2022-12-02 15:05:39.851575+00:00,2022-12-02 15:05:39.851575+00:00
1598651058250735616,ukraine-de,True,True,False,False,False,False,False,False,False,False,2022-12-02 15:05:39.851472+00:00,2022-12-02 15:05:39.851472+00:00
1598651069319417856,ukraine-de,True,True,False,False,False,False,False,False,False,False,2022-12-02 15:05:39.851356+00:00,2022-12-02 15:05:39.851356+00:00
1598651088865054720,ukraine-de,True,True,False,False,False,False,False,False,False,False,2022-12-02 15:05:39.851196+00:00,2022-12-02 15:05:39.851196+00:00
1598651119831490561,ukraine-de,True,True,False,False,False,False,False,False,False,False,2022-12-02 15:01:05.642120+00:00,2022-12-02 15:05:39.851073+00:00
1598651142799491072,ukraine-de,True,True,False,False,False,False,False,False,False,False,2022-12-02 15:05:39.850956+00:00,2022-12-02 15:05:39.850956+00:00
1598651161103695872,ukraine-de,True,True,False,False,False,False,False,False,False,False,2022-12-02 15:05:39.850856+00:00,2022-12-02 15:05:39.850856+00:00
1598651171538968579,ukraine-de,True,True,False,False,False,False,False,False,False,False,2022-12-02 15:05:39.850756+00:00,2022-12-02 15:05:39.850756+00:00
1598651176861458435,ukraine-de,True,True,False,False,False,False,False,False,False,False,2022-12-02 15:05:39.850656+00:00,2022-12-02 15:05:39.850656+00:00
1598651190216204288,ukraine-de,True,True,False,False,False,False,False,False,False,False,2022-12-02 15:01:05.650592+00:00,2022-12-02 15:05:39.850555+00:00
1598651199649349633,ukraine-de,True,True,False,False,False,False,False,False,False,False,2022-12-02 15:05:39.850454+00:00,2022-12-02 15:05:39.850454+00:00
1598651204447309825,ukraine-de,True,True,False,False,False,False,False,False,False,False,2022-12-02 15:05:39.850330+00:00,2022-12-02 15:05:39.850330+00:00
1598651214731747328,ukraine-de,True,True,False,False,False,False,False,False,False,False,2022-12-02 15:05:39.850226+00:00,2022-12-02 15:05:39.850226+00:00
1598651226882809856,ukraine-de,True,True,False,False,False,False,False,False,False,False,2022-12-02 15:05:39.850114+00:00,2022-12-02 15:05:39.850114+00:00
1598651241122381829,ukraine-de,True,True,False,False,False,False,False,False,False,False,2022-12-02 15:05:39.849806+00:00,2022-12-02 15:05:39.849806+00:00
1598651256221884418,ukraine-de,True,False,False,False,False,False,False,False,False,False,2022-12-02 15:04:30.427544+00:00,2022-12-02 15:04:30.427544+00:00
1598651273175134208,ukraine-de,True,True,False,False,False,False,False,False,False,False,2022-12-02 15:05:39.849708+00:00,2022-12-02 15:05:39.849708+00:00
1598651278002905089,ukraine-de,True,True,False,False,False,False,False,False,False,False,2022-12-02 15:05:39.849608+00:00,2022-12-02 15:05:39.849608+00:00
1598651294138470401,ukraine-de,True,True,False,False,False,False,False,False,False,False,2022-12-02 15:05:39.849495+00:00,2022-12-02 15:05:39.849495+00:00
1598651320956854277,ukraine-de,True,True,False,False,False,False,False,False,False,False,2022-12-02 15:05:39.849396+00:00,2022-12-02 15:05:39.849396+00:00
1598651325549449216,ukraine-de,True,False,False,False,False,False,False,False,False,False,2022-12-02 15:05:39.928372+00:00,2022-12-02 15:05:39.928372+00:00
1598651326782644225,ukraine-de,True,False,False,False,False,False,False,False,False,False,2022-12-02 15:01:05.633485+00:00,2022-12-02 15:01:05.633485+00:00
1598651328770842624,ukraine-de,True,True,False,False,False,False,False,False,False,False,2022-12-02 15:05:39.849297+00:00,2022-12-02 15:05:39.849297+00:00
1598651351256498182,ukraine-de,True,True,False,False,False,False,False,False,False,False,2022-12-02 15:05:39.849197+00:00,2022-12-02 15:05:39.849197+00:00
1598651377990991874,ukraine-de,True,True,False,False,False,False,False,False,False,False,2022-12-02 15:05:39.849097+00:00,2022-12-02 15:05:39.849097+00:00
1598651389852491778,ukraine-de,True,True,False,False,False,False,False,False,False,False,2022-12-02 15:05:39.848998+00:00,2022-12-02 15:05:39.848998+00:00
1598651393853730816,ukraine-de,True,True,False,False,False,False,False,False,False,False,2022-12-02 15:05:39.848897+00:00,2022-12-02 15:05:39.848897+00:00
1598651395548274690,ukraine-de,True,True,False,False,False,False,False,False,False,False,2022-12-02 15:05:39.848791+00:00,2022-12-02 15:05:39.848791+00:00
1598651408487694336,ukraine-de,True,True,False,False,False,False,False,False,False,False,2022-12-02 15:05:39.848671+00:00,2022-12-02 15:05:39.848671+00:00
1598651412052852737,ukraine-de,True,False,False,False,False,False,False,False,False,False,2022-12-02 15:04:13.059884+00:00,2022-12-02 15:04:13.059884+00:00
1598651423608213504,ukraine-de,True,True,False,False,False,False,False,False,False,False,2022-12-02 15:05:39.848569+00:00,2022-12-02 15:05:39.848569+00:00
1598651424061235201,ukraine-de,True,False,False,False,False,False,False,False,False,False,2022-12-02 15:05:39.925753+00:00,2022-12-02 15:05:39.925753+00:00
1598651429081817088,ukraine-de,True,True,False,False,False,False,False,False,False,False,2022-12-02 15:05:39.848452+00:00,2022-12-02 15:05:39.848452+00:00
1598651465836404737,ukraine-de,True,True,False,False,False,False,False,False,False,False,2022-12-02 15:05:39.848335+00:00,2022-12-02 15:05:39.848335+00:00
1598651484534620163,ukraine-de,True,True,False,False,False,False,False,False,False,False,2022-12-02 15:05:39.848235+00:00,2022-12-02 15:05:39.848235+00:00
1598651518546231298,ukraine-de,True,True,False,False,False,False,False,False,False,False,2022-12-02 15:05:39.848123+00:00,2022-12-02 15:05:39.848123+00:00
1598651519607390208,ukraine-de,True,True,False,False,False,False,False,False,False,False,2022-12-02 15:05:39.848022+00:00,2022-12-02 15:05:39.848022+00:00
1598651523076014080,ukraine-de,True,True,False,False,False,False,False,False,False,False,2022-12-02 15:05:39.847924+00:00,2022-12-02 15:05:39.847924+00:00
1598651536992862212,ukraine-de,True,True,False,False,False,False,False,False,False,False,2022-12-02 15:05:39.847825+00:00,2022-12-02 15:05:39.847825+00:00
1598651564025069569,ukraine-de,True,False,False,False,False,False,False,False,False,False,2022-12-02 15:05:39.921882+00:00,2022-12-02 15:05:39.921882+00:00
1598651574808711170,ukraine-de,True,True,False,False,False,False,False,False,False,False,2022-12-02 15:05:39.847727+00:00,2022-12-02 15:05:39.847727+00:00
1598651577195237377,ukraine-de,True,True,False,False,False,False,False,False,False,False,2022-12-02 15:05:39.847629+00:00,2022-12-02 15:05:39.847629+00:00
1598651577992384512,ukraine-de,True,True,False,False,False,False,False,False,False,False,2022-12-02 15:05:39.847530+00:00,2022-12-02 15:05:39.847530+00:00
1598651593393639426,ukraine-de,True,True,False,False,False,False,False,False,False,False,2022-12-02 15:05:39.847422+00:00,2022-12-02 15:05:39.847422+00:00
1598651598359519232,ukraine-de,True,True,False,False,False,False,False,False,False,False,2022-12-02 15:05:39.847314+00:00,2022-12-02 15:05:39.847314+00:00
1598651624288706561,ukraine-de,True,True,False,False,False,False,False,False,False,False,2022-12-02 15:05:39.847214+00:00,2022-12-02 15:05:39.847214+00:00
1598651642991083520,ukraine-de,True,True,False,False,False,False,False,False,False,False,2022-12-02 15:05:39.847115+00:00,2022-12-02 15:05:39.847115+00:00
1598651643150487552,ukraine-de,True,True,False,False,False,False,False,False,False,False,2022-12-02 15:05:39.847016+00:00,2022-12-02 15:05:39.847016+00:00
1598651646619226113,ukraine-de,True,True,False,False,False,False,False,False,False,False,2022-12-02 15:05:39.846916+00:00,2022-12-02 15:05:39.846916+00:00
1598651676197543939,ukraine-de,True,False,False,False,False,False,False,False,False,False,2022-12-02 15:05:39.926587+00:00,2022-12-02 15:05:39.926587+00:00
1598651676398825473,ukraine-de,True,True,False,False,False,False,False,False,False,False,2022-12-02 15:05:39.846810+00:00,2022-12-02 15:05:39.846810+00:00
1598651683864825856,ukraine-de,True,True,False,False,False,False,False,False,False,False,2022-12-02 15:05:39.846693+00:00,2022-12-02 15:05:39.846693+00:00
1598651701963231233,ukraine-de,True,True,False,False,False,False,False,False,False,False,2022-12-02 15:05:39.846548+00:00,2022-12-02 15:05:39.846548+00:00
1598651704081195008,ukraine-de,True,True,False,False,False,False,False,False,False,False,2022-12-02 15:05:39.846447+00:00,2022-12-02 15:05:39.846447+00:00
1598651717729542144,ukraine-de,True,True,False,False,False,False,False,False,False,False,2022-12-02 15:05:39.846317+00:00,2022-12-02 15:05:39.846317+00:00
1598651742190800896,ukraine-de,True,True,False,False,False,False,False,False,False,False,2022-12-02 15:05:39.846201+00:00,2022-12-02 15:05:39.846201+00:00
1598651764848353280,ukraine-de,True,True,False,False,False,False,False,False,False,False,2022-12-02 15:01:30.405807+00:00,2022-12-02 15:05:39.846094+00:00
1598651764860928001,ukraine-de,True,True,False,False,False,False,False,False,False,False,2022-12-02 15:05:39.845986+00:00,2022-12-02 15:05:39.845986+00:00
1598651768996601856,ukraine-de,True,False,False,False,False,False,False,False,False,False,2022-12-02 15:05:39.925968+00:00,2022-12-02 15:05:39.925968+00:00
1598651785199108096,ukraine-de,True,True,False,False,False,False,False,False,False,False,2022-12-02 15:05:39.845875+00:00,2022-12-02 15:05:39.845875+00:00
1598651788202082304,ukraine-de,True,True,False,False,False,False,False,False,False,False,2022-12-02 15:05:39.845777+00:00,2022-12-02 15:05:39.845777+00:00
1598651810587168774,ukraine-de,True,True,False,False,False,False,False,False,False,False,2022-12-02 15:05:39.845677+00:00,2022-12-02 15:05:39.845677+00:00
1598651815356047360,ukraine-de,True,True,False,False,False,False,False,False,False,False,2022-12-02 15:05:39.845562+00:00,2022-12-02 15:05:39.845562+00:00
1598651844263399425,ukraine-de,True,True,False,False,False,False,False,False,False,False,2022-12-02 15:05:39.845464+00:00,2022-12-02 15:05:39.845464+00:00
1598651846284935168,ukraine-de,True,True,False,False,False,False,False,False,False,False,2022-12-02 15:05:39.845364+00:00,2022-12-02 15:05:39.845364+00:00
1598651887686918144,ukraine-de,True,True,False,False,False,False,False,False,False,False,2022-12-02 15:05:39.845264+00:00,2022-12-02 15:05:39.845264+00:00
1598651915734245376,ukraine-de,True,True,False,False,False,False,False,False,False,False,2022-12-02 15:05:39.845163+00:00,2022-12-02 15:05:39.845163+00:00
1598651940627423233,ukraine-de,True,True,False,False,False,False,False,False,False,False,2022-12-02 15:05:39.845061+00:00,2022-12-02 15:05:39.845061+00:00
1598651948164534272,ukraine-de,True,True,False,False,False,False,False,False,False,False,2022-12-02 15:05:39.844941+00:00,2022-12-02 15:05:39.844941+00:00
1598651959279501316,ukraine-de,True,True,False,False,False,False,False,False,False,False,2022-12-02 15:04:30.441541+00:00,2022-12-02 15:05:39.844837+00:00
1598651960852373504,ukraine-de,True,True,False,False,False,False,False,False,False,False,2022-12-02 15:05:39.844635+00:00,2022-12-02 15:05:39.844635+00:00
1598651965327970305,ukraine-de,True,True,False,False,False,False,False,False,False,False,2022-12-02 15:05:39.844533+00:00,2022-12-02 15:05:39.844533+00:00
1598651970910289923,ukraine-de,True,True,False,False,False,False,False,False,False,False,2022-12-02 15:05:39.844414+00:00,2022-12-02 15:05:39.844414+00:00
1598652016254910466,ukraine-de,True,True,False,False,False,False,False,False,False,False,2022-12-02 15:05:39.844308+00:00,2022-12-02 15:05:39.844308+00:00
1598652018423275520,ukraine-de,True,True,False,False,False,False,False,False,False,False,2022-12-02 15:05:39.844141+00:00,2022-12-02 15:05:39.844141+00:00
1598652037721427971,ukraine-de,True,True,False,False,False,False,False,False,False,False,2022-12-02 15:05:39.844013+00:00,2022-12-02 15:05:39.844013+00:00
1598652054351880192,ukraine-de,True,True,False,False,False,False,False,False,False,False,2022-12-02 15:05:39.843906+00:00,2022-12-02 15:05:39.843906+00:00
1598652065038868482,ukraine-de,True,True,False,False,False,False,False,False,False,False,2022-12-02 15:05:39.843797+00:00,2022-12-02 15:05:39.843797+00:00
1598652080360751104,ukraine-de,True,True,False,False,False,False,False,False,False,False,2022-12-02 15:05:39.843697+00:00,2022-12-02 15:05:39.843697+00:00
1598652112409399297,ukraine-de,True,True,False,False,False,False,False,False,False,False,2022-12-02 15:05:39.843597+00:00,2022-12-02 15:05:39.843597+00:00
1598652117446787074,ukraine-de,True,True,False,False,False,False,False,False,False,False,2022-12-02 15:05:39.843496+00:00,2022-12-02 15:05:39.843496+00:00
1598652121779343360,ukraine-de,True,True,False,False,False,False,False,False,False,False,2022-12-02 15:05:39.843387+00:00,2022-12-02 15:05:39.843387+00:00
1598652160174161921,ukraine-de,True,True,False,False,False,False,False,False,False,False,2022-12-02 15:05:39.843276+00:00,2022-12-02 15:05:39.843276+00:00
1598652166620717061,ukraine-de,True,True,False,False,False,False,False,False,False,False,2022-12-02 15:05:39.843165+00:00,2022-12-02 15:05:39.843165+00:00
1598652178998116355,ukraine-de,True,True,False,False,False,False,False,False,False,False,2022-12-02 15:05:39.843066+00:00,2022-12-02 15:05:39.843066+00:00
1598652200745635841,ukraine-de,True,True,False,False,False,False,False,False,False,False,2022-12-02 15:05:39.842966+00:00,2022-12-02 15:05:39.842966+00:00
1598652227698053120,ukraine-de,True,False,False,False,False,False,False,False,False,False,2022-12-03 08:10:46.238574+00:00,2022-12-03 08:10:46.238574+00:00
1598652247432388608,ukraine-de,True,True,False,False,False,False,False,False,False,False,2022-12-02 15:05:39.842865+00:00,2022-12-02 15:05:39.842865+00:00
1598652262624141313,ukraine-de,True,True,False,False,False,False,False,False,False,False,2022-12-02 15:05:39.842763+00:00,2022-12-02 15:05:39.842763+00:00
1598652332249587712,ukraine-de,True,True,False,False,False,False,False,False,False,False,2022-12-02 15:05:39.842644+00:00,2022-12-02 15:05:39.842644+00:00
1598652337005862915,ukraine-de,True,True,False,False,False,False,False,False,False,False,2022-12-02 15:05:39.842536+00:00,2022-12-02 15:05:39.842536+00:00
1598652341594591232,ukraine-de,True,True,False,False,False,False,False,False,False,False,2022-12-02 15:04:30.439337+00:00,2022-12-02 15:05:39.842433+00:00
1598652355515338753,ukraine-de,True,False,False,False,False,False,False,False,False,False,2022-12-02 15:05:39.921770+00:00,2022-12-02 15:05:39.921770+00:00
1598652360594640896,ukraine-de,True,True,False,False,False,False,False,False,False,False,2022-12-02 15:05:39.842299+00:00,2022-12-02 15:05:39.842299+00:00
1598652432879271936,ukraine-de,True,True,False,False,False,False,False,False,False,False,2022-12-02 15:05:39.842180+00:00,2022-12-02 15:05:39.842180+00:00
1598652495580073984,ukraine-de,True,True,False,False,False,False,False,False,False,False,2022-12-02 15:05:39.842073+00:00,2022-12-02 15:05:39.842073+00:00
1598652528303931394,ukraine-de,True,True,False,False,False,False,False,False,False,False,2022-12-02 15:05:39.841973+00:00,2022-12-02 15:05:39.841973+00:00
1598652534553387009,ukraine-de,True,True,False,False,False,False,False,False,False,False,2022-12-02 15:05:39.841872+00:00,2022-12-02 15:05:39.841872+00:00
1598652573069852672,ukraine-de,True,False,False,False,False,False,False,False,False,False,2022-12-02 15:05:39.920843+00:00,2022-12-02 15:05:39.920843+00:00
1598652578161729538,ukraine-de,True,True,False,False,False,False,False,False,False,False,2022-12-02 15:05:39.841762+00:00,2022-12-02 15:05:39.841762+00:00
1598652581059776512,ukraine-de,True,True,False,False,False,False,False,False,False,False,2022-12-02 15:05:39.841662+00:00,2022-12-02 15:05:39.841662+00:00
1598652608733855744,ukraine-de,True,True,False,False,False,False,False,False,False,False,2022-12-02 15:05:39.841547+00:00,2022-12-02 15:05:39.841547+00:00
1598652617722306561,ukraine-de,True,True,False,False,False,False,False,False,False,False,2022-12-02 15:05:39.841447+00:00,2022-12-02 15:05:39.841447+00:00
1598652631030939648,ukraine-de,True,False,False,False,False,False,False,False,False,False,2022-12-02 15:04:13.026800+00:00,2022-12-02 15:04:13.026800+00:00
1598652636743409665,ukraine-de,True,False,False,False,False,False,False,False,False,False,2022-12-02 15:05:39.920621+00:00,2022-12-02 15:05:39.920621+00:00
1598652684394962946,ukraine-de,True,True,False,False,False,False,False,False,False,False,2022-12-02 15:05:39.841346+00:00,2022-12-02 15:05:39.841346+00:00
1598652688631201797,ukraine-de,True,True,False,False,False,False,False,False,False,False,2022-12-02 15:01:05.639294+00:00,2022-12-02 15:05:39.841244+00:00
1598652714224742401,ukraine-de,True,True,False,False,False,False,False,False,False,False,2022-12-02 15:05:39.841125+00:00,2022-12-02 15:05:39.841125+00:00
1598652734835593217,ukraine-de,True,True,False,False,False,False,False,False,False,False,2022-12-02 15:05:39.841023+00:00,2022-12-02 15:05:39.841023+00:00
1598652740242231297,ukraine-de,True,True,False,False,False,False,False,False,False,False,2022-12-02 15:05:39.840902+00:00,2022-12-02 15:05:39.840902+00:00
1598652762752811008,ukraine-de,True,True,False,False,False,False,False,False,False,False,2022-12-02 15:05:39.840792+00:00,2022-12-02 15:05:39.840792+00:00
1598652787956584448,ukraine-de,True,True,False,False,False,False,False,False,False,False,2022-12-02 15:05:39.840578+00:00,2022-12-02 15:05:39.840578+00:00
1598652846119030786,ukraine-de,True,True,False,False,False,False,False,False,False,False,2022-12-02 15:05:39.840449+00:00,2022-12-02 15:05:39.840449+00:00
1598652847012614145,ukraine-de,True,True,False,False,False,False,False,False,False,False,2022-12-02 15:05:39.840337+00:00,2022-12-02 15:05:39.840337+00:00
1598652865139986432,ukraine-de,True,True,False,False,False,False,False,False,False,False,2022-12-02 15:05:39.840172+00:00,2022-12-02 15:05:39.840172+00:00
1598652869053501442,ukraine-de,True,True,False,False,False,False,False,False,False,False,2022-12-02 15:05:39.840071+00:00,2022-12-02 15:05:39.840071+00:00
1598652892042305536,ukraine-de,True,True,False,False,False,False,False,False,False,False,2022-12-02 15:05:39.839971+00:00,2022-12-02 15:05:39.839971+00:00
1598652907116716036,ukraine-de,True,False,False,False,False,False,False,False,False,False,2022-12-02 15:01:30.398655+00:00,2022-12-02 15:01:30.398655+00:00
1598652918047072257,ukraine-de,True,False,False,False,False,False,False,False,False,False,2022-12-02 15:04:30.432291+00:00,2022-12-02 15:04:30.432291+00:00
1598652937399664640,ukraine-de,True,False,False,False,False,False,False,False,False,False,2022-12-02 15:05:39.917355+00:00,2022-12-02 15:05:39.917355+00:00
1598652943074467842,ukraine-de,True,True,False,False,False,False,False,False,False,False,2022-12-02 15:05:39.839868+00:00,2022-12-02 15:05:39.839868+00:00
1598652970941485057,ukraine-de,True,True,False,False,False,False,False,False,False,False,2022-12-02 15:05:39.839756+00:00,2022-12-02 15:05:39.839756+00:00
1598652976314343430,ukraine-de,True,True,False,False,False,False,False,False,False,False,2022-12-02 15:05:39.839652+00:00,2022-12-02 15:05:39.839652+00:00
1598652990507945990,ukraine-de,True,True,False,False,False,False,False,False,False,False,2022-12-02 15:05:39.839533+00:00,2022-12-02 15:05:39.839533+00:00
1598652996744880128,ukraine-de,True,True,False,False,False,False,False,False,False,False,2022-12-02 15:05:39.839376+00:00,2022-12-02 15:05:39.839376+00:00
1598653043981139969,ukraine-de,True,True,False,False,False,False,False,False,False,False,2022-12-02 15:01:30.404430+00:00,2022-12-02 15:05:39.839261+00:00
1598653077938065409,ukraine-de,True,True,False,False,False,False,False,False,False,False,2022-12-02 15:05:39.839152+00:00,2022-12-02 15:05:39.839152+00:00
1598653088931397636,ukraine-de,True,True,False,False,False,False,False,False,False,False,2022-12-02 15:05:39.839050+00:00,2022-12-02 15:05:39.839050+00:00
1598653096036651013,ukraine-de,True,True,False,False,False,False,False,False,False,False,2022-12-02 15:05:39.838886+00:00,2022-12-02 15:05:39.838886+00:00
1598653115212832768,ukraine-de,True,True,False,False,False,False,False,False,False,False,2022-12-02 15:05:39.838789+00:00,2022-12-02 15:05:39.838789+00:00
1598653131532881921,ukraine-de,True,True,False,False,False,False,False,False,False,False,2022-12-02 15:05:39.838691+00:00,2022-12-02 15:05:39.838691+00:00
1598653164756111362,ukraine-de,True,False,False,False,False,False,False,False,False,False,2022-12-02 15:04:30.435126+00:00,2022-12-02 15:04:30.435126+00:00
1598653172075077634,ukraine-de,True,True,False,False,False,False,False,False,False,False,2022-12-02 15:05:39.838578+00:00,2022-12-02 15:05:39.838578+00:00
1598653182581809154,ukraine-de,True,True,False,False,False,False,False,False,False,False,2022-12-02 15:05:39.838479+00:00,2022-12-02 15:05:39.838479+00:00
1598653194082533377,ukraine-de,True,True,False,False,False,False,False,False,False,False,2022-12-02 15:05:39.838378+00:00,2022-12-02 15:05:39.838378+00:00
1598653226378829826,ukraine-de,True,True,False,False,False,False,False,False,False,False,2022-12-02 15:05:39.838275+00:00,2022-12-02 15:05:39.838275+00:00
1598653228433948672,ukraine-de,True,True,False,False,False,False,False,False,False,False,2022-12-02 15:05:39.838168+00:00,2022-12-02 15:05:39.838168+00:00
1598653255436967938,ukraine-de,True,True,False,False,False,False,False,False,False,False,2022-12-02 15:05:39.838058+00:00,2022-12-02 15:05:39.838058+00:00
1598653269554905089,ukraine-de,True,False,False,False,False,False,False,False,False,False,2022-12-02 19:51:08.492630+00:00,2022-12-02 19:51:08.492630+00:00
1598653273862447104,ukraine-de,True,True,False,False,False,False,False,False,False,False,2022-12-02 15:01:30.392973+00:00,2022-12-02 15:05:39.837837+00:00
1598653276617965569,ukraine-de,True,True,False,False,False,False,False,False,False,False,2022-12-02 15:05:39.837719+00:00,2022-12-02 15:05:39.837719+00:00
1598653276630781952,ukraine-de,True,True,False,False,False,False,False,False,False,False,2022-12-02 15:05:39.837572+00:00,2022-12-02 15:05:39.837572+00:00
1598653278409166848,ukraine-de,True,True,False,False,False,False,False,False,False,False,2022-12-02 15:05:39.837465+00:00,2022-12-02 15:05:39.837465+00:00
1598653279176622080,ukraine-de,True,True,False,False,False,False,False,False,False,False,2022-12-02 15:05:39.837333+00:00,2022-12-02 15:05:39.837333+00:00
1598653282154594305,ukraine-de,True,True,False,False,False,False,False,False,False,False,2022-12-02 15:04:30.429761+00:00,2022-12-02 15:05:39.837212+00:00
1598653289364692994,ukraine-de,True,True,False,False,False,False,False,False,False,False,2022-12-02 15:05:39.835799+00:00,2022-12-02 15:05:39.835799+00:00
1598653295010127873,ukraine-de,True,False,False,False,False,False,False,False,False,False,2022-12-02 15:04:30.427312+00:00,2022-12-02 15:04:30.427312+00:00
1598653308175982594,ukraine-de,True,True,False,False,False,False,False,False,False,False,2022-12-02 15:05:39.835698+00:00,2022-12-02 15:05:39.835698+00:00
1598653308993998849,ukraine-de,True,True,False,False,False,False,False,False,False,False,2022-12-02 15:05:39.835597+00:00,2022-12-02 15:05:39.835597+00:00
1598653310629724160,ukraine-de,True,False,False,False,False,False,False,False,False,False,2022-12-02 15:04:30.430210+00:00,2022-12-02 15:04:30.430210+00:00
1598653329273286658,ukraine-de,True,False,False,False,False,False,False,False,False,False,2022-12-02 15:05:39.922621+00:00,2022-12-02 15:05:39.922621+00:00
1598653332356321280,ukraine-de,True,True,False,False,False,False,False,False,False,False,2022-12-02 15:05:39.835448+00:00,2022-12-02 15:05:39.835448+00:00
1598653340904300546,ukraine-de,True,True,False,False,False,False,False,False,False,False,2022-12-02 15:05:39.835344+00:00,2022-12-02 15:05:39.835344+00:00
1598653344280707072,ukraine-de,True,True,False,False,False,False,False,False,False,False,2022-12-02 15:05:39.835230+00:00,2022-12-02 15:05:39.835230+00:00
1598653352589524992,ukraine-de,True,True,False,False,False,False,False,False,False,False,2022-12-02 15:05:39.835115+00:00,2022-12-02 15:05:39.835115+00:00
1598653353336111104,ukraine-de,True,True,False,False,False,False,False,False,False,False,2022-12-02 15:05:39.835015+00:00,2022-12-02 15:05:39.835015+00:00
1598653381278543873,ukraine-de,True,True,False,False,False,False,False,False,False,False,2022-12-02 15:05:39.834897+00:00,2022-12-02 15:05:39.834897+00:00
1598653384478711810,ukraine-de,True,True,False,False,False,False,False,False,False,False,2022-12-02 15:05:39.834775+00:00,2022-12-02 15:05:39.834775+00:00
1598653394163482624,ukraine-de,True,True,False,False,False,False,False,False,False,False,2022-12-02 15:05:39.834671+00:00,2022-12-02 15:05:39.834671+00:00
1598653406209515520,ukraine-de,True,True,False,False,False,False,False,False,False,False,2022-12-02 15:05:39.834571+00:00,2022-12-02 15:05:39.834571+00:00
1598653417571979268,ukraine-de,True,True,False,False,False,False,False,False,False,False,2022-12-02 15:05:39.834471+00:00,2022-12-02 15:05:39.834471+00:00
1598653417848770567,ukraine-de,True,True,False,False,False,False,False,False,False,False,2022-12-02 15:05:39.834356+00:00,2022-12-02 15:05:39.834356+00:00
1598653422705729537,ukraine-de,True,True,False,False,False,False,False,False,False,False,2022-12-02 15:05:39.834257+00:00,2022-12-02 15:05:39.834257+00:00
1598653423896985601,ukraine-de,True,True,False,False,False,False,False,False,False,False,2022-12-02 15:05:39.834156+00:00,2022-12-02 15:05:39.834156+00:00
1598653433862447104,ukraine-de,True,True,False,False,False,False,False,False,False,False,2022-12-02 15:05:39.834039+00:00,2022-12-02 15:05:39.834039+00:00
1598653440439230470,ukraine-de,True,True,False,False,False,False,False,False,False,False,2022-12-02 15:05:39.833938+00:00,2022-12-02 15:05:39.833938+00:00
1598653443995930625,ukraine-de,True,True,False,False,False,False,False,False,False,False,2022-12-02 15:05:39.833821+00:00,2022-12-02 15:05:39.833821+00:00
1598653453177421824,ukraine-de,True,True,False,False,False,False,False,False,False,False,2022-12-02 15:05:39.833721+00:00,2022-12-02 15:05:39.833721+00:00
1598653468129914880,ukraine-de,True,True,False,False,False,False,False,False,False,False,2022-12-02 15:05:39.833600+00:00,2022-12-02 15:05:39.833600+00:00
1598653482327687168,ukraine-de,True,True,False,False,False,False,False,False,False,False,2022-12-02 15:05:39.833468+00:00,2022-12-02 15:05:39.833468+00:00
1598653494340231169,ukraine-de,True,True,False,False,False,False,False,False,False,False,2022-12-02 15:05:39.833366+00:00,2022-12-02 15:05:39.833366+00:00
1598653525772406784,ukraine-de,True,True,False,False,False,False,False,False,False,False,2022-12-02 15:05:39.833264+00:00,2022-12-02 15:05:39.833264+00:00
1598653531191664640,ukraine-de,True,True,False,False,False,False,False,False,False,False,2022-12-02 15:05:39.833163+00:00,2022-12-02 15:05:39.833163+00:00
1598653535087902722,ukraine-de,True,True,False,False,False,False,False,False,False,False,2022-12-02 15:05:39.833062+00:00,2022-12-02 15:05:39.833062+00:00
1598653542356713475,ukraine-de,True,False,False,False,False,False,False,False,False,False,2022-12-02 15:01:05.641550+00:00,2022-12-02 15:01:05.641550+00:00
1598653553865854977,ukraine-de,True,True,False,False,False,False,False,False,False,False,2022-12-02 15:05:39.832960+00:00,2022-12-02 15:05:39.832960+00:00
1598653559968600064,ukraine-de,True,True,False,False,False,False,False,False,False,False,2022-12-02 15:05:39.832860+00:00,2022-12-02 15:05:39.832860+00:00
1598653561331716097,ukraine-de,True,False,False,False,False,False,False,False,False,False,2022-12-02 19:51:41.471247+00:00,2022-12-02 19:51:41.471247+00:00
1598653581481185287,ukraine-de,True,True,False,False,False,False,False,False,False,False,2022-12-02 15:05:39.832758+00:00,2022-12-02 15:05:39.832758+00:00
1598653605233496064,ukraine-de,True,True,False,False,False,False,False,False,False,False,2022-12-02 15:05:39.832643+00:00,2022-12-02 15:05:39.832643+00:00
1598653632685043712,ukraine-de,True,True,False,False,False,False,False,False,False,False,2022-12-02 15:05:39.832537+00:00,2022-12-02 15:05:39.832537+00:00
1598653708706906116,ukraine-de,True,False,False,False,False,False,False,False,False,False,2022-12-02 19:51:30.192042+00:00,2022-12-02 19:51:30.192042+00:00
1598653719561867264,ukraine-de,True,True,False,False,False,False,False,False,False,False,2022-12-02 15:05:39.832430+00:00,2022-12-02 15:05:39.832430+00:00
1598653753833422848,ukraine-de,True,True,False,False,False,False,False,False,False,False,2022-12-02 15:01:30.399355+00:00,2022-12-02 15:05:39.832168+00:00
1598653754156392448,ukraine-de,True,True,False,False,False,False,False,False,False,False,2022-12-02 15:01:30.394065+00:00,2022-12-02 15:05:39.831931+00:00
1598653767267672065,ukraine-de,True,True,False,False,False,False,False,False,False,False,2022-12-02 15:05:39.831811+00:00,2022-12-02 15:05:39.831811+00:00
1598653771193655296,ukraine-de,True,True,False,False,False,False,False,False,False,False,2022-12-02 15:05:39.831709+00:00,2022-12-02 15:05:39.831709+00:00
1598653789824753665,ukraine-de,True,True,False,False,False,False,False,False,False,False,2022-12-02 15:05:39.831603+00:00,2022-12-02 15:05:39.831603+00:00
1598653791653560321,ukraine-de,True,True,False,False,False,False,False,False,False,False,2022-12-02 15:05:39.831438+00:00,2022-12-02 15:05:39.831438+00:00
1598653796820914182,ukraine-de,True,True,False,False,False,False,False,False,False,False,2022-12-02 15:05:39.831302+00:00,2022-12-02 15:05:39.831302+00:00
1598653804093870081,ukraine-de,True,True,False,False,False,False,False,False,False,False,2022-12-02 15:05:39.831189+00:00,2022-12-02 15:05:39.831189+00:00
1598653849157664768,ukraine-de,True,True,False,False,False,False,False,False,False,False,2022-12-02 15:05:39.831085+00:00,2022-12-02 15:05:39.831085+00:00
1598653851543908352,ukraine-de,True,True,False,False,False,False,False,False,False,False,2022-12-02 15:05:39.830960+00:00,2022-12-02 15:05:39.830960+00:00
1598653859890700292,ukraine-de,True,True,False,False,False,False,False,False,False,False,2022-12-02 15:05:39.830842+00:00,2022-12-02 15:05:39.830842+00:00
1598653866551218178,ukraine-de,True,True,False,False,False,False,False,False,False,False,2022-12-02 15:05:39.830738+00:00,2022-12-02 15:05:39.830738+00:00
1598653871668305922,ukraine-de,True,True,False,False,False,False,False,False,False,False,2022-12-02 15:05:39.830619+00:00,2022-12-02 15:05:39.830619+00:00
1598653877980745728,ukraine-de,True,True,False,False,False,False,False,False,False,False,2022-12-02 15:05:39.830517+00:00,2022-12-02 15:05:39.830517+00:00
1598653879184392199,ukraine-de,True,False,False,False,False,False,False,False,False,False,2022-12-02 15:04:30.432809+00:00,2022-12-02 15:04:30.432809+00:00
1598653898125877253,ukraine-de,True,True,False,False,False,False,False,False,False,False,2022-12-02 15:05:39.830416+00:00,2022-12-02 15:05:39.830416+00:00
1598653910499065857,ukraine-de,True,True,False,False,False,False,False,False,False,False,2022-12-02 15:05:39.830314+00:00,2022-12-02 15:05:39.830314+00:00
1598653911769939970,ukraine-de,True,True,False,False,False,False,False,False,False,False,2022-12-02 15:04:30.440014+00:00,2022-12-02 15:05:39.830212+00:00
1598653916270526464,ukraine-de,True,True,False,False,False,False,False,False,False,False,2022-12-02 15:05:39.830085+00:00,2022-12-02 15:05:39.830085+00:00
1598653919382601728,ukraine-de,True,True,False,False,False,False,False,False,False,False,2022-12-02 15:05:39.829983+00:00,2022-12-02 15:05:39.829983+00:00
1598653956892377088,ukraine-de,True,False,False,False,False,False,False,False,False,False,2022-12-02 15:01:30.407172+00:00,2022-12-02 15:01:30.407172+00:00
1598654020150857729,ukraine-de,True,True,False,False,False,False,False,False,False,False,2022-12-02 15:05:39.829878+00:00,2022-12-02 15:05:39.829878+00:00
1598654021711036418,ukraine-de,True,True,False,False,False,False,False,False,False,False,2022-12-02 15:05:39.829773+00:00,2022-12-02 15:05:39.829773+00:00
1598654021971021825,ukraine-de,True,True,False,False,False,False,False,False,False,False,2022-12-02 15:05:39.829562+00:00,2022-12-02 15:05:39.829562+00:00
1598654032909766657,ukraine-de,True,True,False,False,False,False,False,False,False,False,2022-12-02 15:05:39.829460+00:00,2022-12-02 15:05:39.829460+00:00
1598654046331609089,ukraine-de,True,True,False,False,False,False,False,False,False,False,2022-12-02 15:05:39.829351+00:00,2022-12-02 15:05:39.829351+00:00
1598654054015664129,ukraine-de,True,False,False,False,False,False,False,False,False,False,2022-12-03 01:30:30.055794+00:00,2022-12-03 01:30:30.055794+00:00
1598654064652423172,ukraine-de,True,True,False,False,False,False,False,False,False,False,2022-12-02 15:05:39.829238+00:00,2022-12-02 15:05:39.829238+00:00
1598654159024259073,ukraine-de,True,False,False,False,False,False,False,False,False,False,2022-12-02 15:01:05.655727+00:00,2022-12-02 15:01:05.655727+00:00
1598654170109804546,ukraine-de,True,False,False,False,False,False,False,False,False,False,2022-12-02 15:01:30.399465+00:00,2022-12-02 15:01:30.399465+00:00
1598654171674189824,ukraine-de,True,True,False,False,False,False,False,False,False,False,2022-12-02 15:05:39.829135+00:00,2022-12-02 15:05:39.829135+00:00
1598654181627281410,ukraine-de,True,True,False,False,False,False,False,False,False,False,2022-12-02 15:05:39.829035+00:00,2022-12-02 15:05:39.829035+00:00
1598654185095864322,ukraine-de,True,True,False,False,False,False,False,False,False,False,2022-12-02 15:05:39.828933+00:00,2022-12-02 15:05:39.828933+00:00
1598654201864790016,ukraine-de,True,True,False,False,False,False,False,False,False,False,2022-12-02 15:05:39.828829+00:00,2022-12-02 15:05:39.828829+00:00
1598654208017928193,ukraine-de,True,True,False,False,False,False,False,False,False,False,2022-12-02 15:05:39.828726+00:00,2022-12-02 15:05:39.828726+00:00
1598654216637014016,ukraine-de,True,True,False,False,False,False,False,False,False,False,2022-12-02 15:05:39.828607+00:00,2022-12-02 15:05:39.828607+00:00
1598654216830164993,ukraine-de,True,True,False,False,False,False,False,False,False,False,2022-12-02 15:05:39.828504+00:00,2022-12-02 15:05:39.828504+00:00
1598654232105730056,ukraine-de,True,True,False,False,False,False,False,False,False,False,2022-12-02 15:05:39.828379+00:00,2022-12-02 15:05:39.828379+00:00
1598654263655284736,ukraine-de,True,True,False,False,False,False,False,False,False,False,2022-12-02 15:05:39.828267+00:00,2022-12-02 15:05:39.828267+00:00
1598654289408413697,ukraine-de,True,False,False,False,False,False,False,False,False,False,2022-12-02 15:04:30.439890+00:00,2022-12-02 15:04:30.439890+00:00
1598654294198288384,ukraine-de,True,True,False,False,False,False,False,False,False,False,2022-12-02 15:05:39.828117+00:00,2022-12-02 15:05:39.828117+00:00
1598654304902078464,ukraine-de,True,False,False,False,False,False,False,False,False,False,2022-12-02 15:05:39.916375+00:00,2022-12-02 15:05:39.916375+00:00
1598654308102246400,ukraine-de,True,True,False,False,False,False,False,False,False,False,2022-12-02 15:05:39.828017+00:00,2022-12-02 15:05:39.828017+00:00
1598654308869967872,ukraine-de,True,True,False,False,False,False,False,False,False,False,2022-12-02 15:05:39.827918+00:00,2022-12-02 15:05:39.827918+00:00
1598654310153392130,ukraine-de,True,True,False,False,False,False,False,False,False,False,2022-12-02 15:05:39.827818+00:00,2022-12-02 15:05:39.827818+00:00
1598654311055122433,ukraine-de,True,True,False,False,False,False,False,False,False,False,2022-12-02 15:05:39.827717+00:00,2022-12-02 15:05:39.827717+00:00
1598654326414663682,ukraine-de,True,True,False,False,False,False,False,False,False,False,2022-12-02 15:05:39.827615+00:00,2022-12-02 15:05:39.827615+00:00
1598654326884499461,ukraine-de,True,False,False,False,False,False,False,False,False,False,2022-12-02 19:50:59.831196+00:00,2022-12-02 19:50:59.831196+00:00
1598654327207460864,ukraine-de,True,True,False,False,False,False,False,False,False,False,2022-12-02 15:05:39.827501+00:00,2022-12-02 15:05:39.827501+00:00
1598654333171732481,ukraine-de,True,True,False,False,False,False,False,False,False,False,2022-12-02 15:05:39.827361+00:00,2022-12-02 15:05:39.827361+00:00
1598654346107002880,ukraine-de,True,True,False,False,False,False,False,False,False,False,2022-12-02 15:05:39.827253+00:00,2022-12-02 15:05:39.827253+00:00
1598654353329504256,ukraine-de,True,True,False,False,False,False,False,False,False,False,2022-12-02 15:05:39.827154+00:00,2022-12-02 15:05:39.827154+00:00
1598654359256145923,ukraine-de,True,True,False,False,False,False,False,False,False,False,2022-12-02 15:05:39.827053+00:00,2022-12-02 15:05:39.827053+00:00
1598654373134929926,ukraine-de,True,True,False,False,False,False,False,False,False,False,2022-12-02 15:05:39.826953+00:00,2022-12-02 15:05:39.826953+00:00
1598654383398363137,ukraine-de,True,True,False,False,False,False,False,False,False,False,2022-12-02 15:05:39.826853+00:00,2022-12-02 15:05:39.826853+00:00
1598654394127372288,ukraine-de,True,True,False,False,False,False,False,False,False,False,2022-12-02 15:05:39.826752+00:00,2022-12-02 15:05:39.826752+00:00
1598654402621054978,ukraine-de,True,False,False,False,False,False,False,False,False,False,2022-12-02 15:05:39.918148+00:00,2022-12-02 15:05:39.918148+00:00
1598654404751753216,ukraine-de,True,True,False,False,False,False,False,False,False,False,2022-12-02 15:05:39.826651+00:00,2022-12-02 15:05:39.826651+00:00
1598654407368908800,ukraine-de,True,True,False,False,False,False,False,False,False,False,2022-12-02 15:05:39.826552+00:00,2022-12-02 15:05:39.826552+00:00
1598654407566032896,ukraine-de,True,True,False,False,False,False,False,False,False,False,2022-12-02 15:05:39.826452+00:00,2022-12-02 15:05:39.826452+00:00
1598654428483133447,ukraine-de,True,True,False,False,False,False,False,False,False,False,2022-12-02 15:05:39.826350+00:00,2022-12-02 15:05:39.826350+00:00
1598654429254881283,ukraine-de,True,True,False,False,False,False,False,False,False,False,2022-12-02 15:05:39.826249+00:00,2022-12-02 15:05:39.826249+00:00
1598654435558887424,ukraine-de,True,True,False,False,False,False,False,False,False,False,2022-12-02 15:05:39.826146+00:00,2022-12-02 15:05:39.826146+00:00
1598654464453378052,ukraine-de,True,True,False,False,False,False,False,False,False,False,2022-12-02 15:05:39.826041+00:00,2022-12-02 15:05:39.826041+00:00
1598654500734210048,ukraine-de,True,True,False,False,False,False,False,False,False,False,2022-12-02 15:05:39.825918+00:00,2022-12-02 15:05:39.825918+00:00
1598654550189264897,ukraine-de,True,True,False,False,False,False,False,False,False,False,2022-12-02 15:05:39.825803+00:00,2022-12-02 15:05:39.825803+00:00
1598654552399552513,ukraine-de,True,True,False,False,False,False,False,False,False,False,2022-12-02 15:05:39.825691+00:00,2022-12-02 15:05:39.825691+00:00
1598654590043537408,ukraine-de,True,True,False,False,False,False,False,False,False,False,2022-12-02 15:05:39.825564+00:00,2022-12-02 15:05:39.825564+00:00
1598654590672683009,ukraine-de,True,True,False,False,False,False,False,False,False,False,2022-12-02 15:05:39.825446+00:00,2022-12-02 15:05:39.825446+00:00
1598654603276431361,ukraine-de,True,True,False,False,False,False,False,False,False,False,2022-12-02 15:05:39.825212+00:00,2022-12-02 15:05:39.825212+00:00
1598654605327482884,ukraine-de,True,True,False,False,False,False,False,False,False,False,2022-12-02 15:05:39.825112+00:00,2022-12-02 15:05:39.825112+00:00
1598654607043223552,ukraine-de,True,False,False,False,False,False,False,False,False,False,2022-12-02 15:01:30.405575+00:00,2022-12-02 15:01:30.405575+00:00
1598654661325598721,ukraine-de,True,True,False,False,False,False,False,False,False,False,2022-12-02 15:05:39.825011+00:00,2022-12-02 15:05:39.825011+00:00
1598654677322764289,ukraine-de,True,True,False,False,False,False,False,False,False,False,2022-12-02 15:05:39.824911+00:00,2022-12-02 15:05:39.824911+00:00
1598654693042962432,ukraine-de,True,True,False,False,False,False,False,False,False,False,2022-12-02 15:01:30.385743+00:00,2022-12-02 15:05:39.824810+00:00
1598654715973095425,ukraine-de,True,True,False,False,False,False,False,False,False,False,2022-12-02 15:04:30.431212+00:00,2022-12-02 15:05:39.824706+00:00
1598654721077772289,ukraine-de,True,True,False,False,False,False,False,False,False,False,2022-12-02 15:05:39.824596+00:00,2022-12-02 15:05:39.824596+00:00
1598654725842403328,ukraine-de,True,True,False,False,False,False,False,False,False,False,2022-12-02 15:05:39.824494+00:00,2022-12-02 15:05:39.824494+00:00
1598654738865991682,ukraine-de,True,True,False,False,False,False,False,False,False,False,2022-12-02 15:05:39.824389+00:00,2022-12-02 15:05:39.824389+00:00
1598654754292375553,ukraine-de,True,True,False,False,False,False,False,False,False,False,2022-12-02 15:05:39.824270+00:00,2022-12-02 15:05:39.824270+00:00
1598654757471768576,ukraine-de,True,True,False,False,False,False,False,False,False,False,2022-12-02 15:05:39.824098+00:00,2022-12-02 15:05:39.824098+00:00
1598654767722553345,ukraine-de,True,True,False,False,False,False,False,False,False,False,2022-12-02 15:05:39.823987+00:00,2022-12-02 15:05:39.823987+00:00
1598654790405394435,ukraine-de,True,True,False,False,False,False,False,False,False,False,2022-12-02 15:05:39.823882+00:00,2022-12-02 15:05:39.823882+00:00
1598654824018370560,ukraine-de,True,True,False,False,False,False,False,False,False,False,2022-12-02 15:05:39.823743+00:00,2022-12-02 15:05:39.823743+00:00
1598654838077673472,ukraine-de,True,True,False,False,False,False,False,False,False,False,2022-12-02 15:01:05.654458+00:00,2022-12-02 15:05:39.823626+00:00
1598654854091739136,ukraine-de,True,False,False,False,False,False,False,False,False,False,2022-12-02 15:01:30.387923+00:00,2022-12-02 15:01:30.387923+00:00
1598654873830100992,ukraine-de,True,False,False,False,False,False,False,False,False,False,2022-12-02 15:04:13.060278+00:00,2022-12-02 15:04:13.060278+00:00
1598654883888074757,ukraine-de,True,True,False,False,False,False,False,False,False,False,2022-12-02 15:05:39.823435+00:00,2022-12-02 15:05:39.823435+00:00
1598654885519675394,ukraine-de,True,True,False,False,False,False,False,False,False,False,2022-12-02 15:05:39.823280+00:00,2022-12-02 15:05:39.823280+00:00
1598654899511754752,ukraine-de,True,True,False,False,False,False,False,False,False,False,2022-12-02 15:05:39.823179+00:00,2022-12-02 15:05:39.823179+00:00
1598654900187140096,ukraine-de,True,True,False,False,False,False,False,False,False,False,2022-12-02 15:05:39.823064+00:00,2022-12-02 15:05:39.823064+00:00
1598654904641388548,ukraine-de,True,True,False,False,False,False,False,False,False,False,2022-12-02 15:04:13.032041+00:00,2022-12-02 15:05:39.822963+00:00
1598654924153409536,ukraine-de,True,True,False,False,False,False,False,False,False,False,2022-12-02 15:05:39.822836+00:00,2022-12-02 15:05:39.822836+00:00
1598654924866322432,ukraine-de,True,False,False,False,False,False,False,False,False,False,2022-12-02 15:04:30.441232+00:00,2022-12-02 15:04:30.441232+00:00
1598654937004646402,ukraine-de,True,True,False,False,False,False,False,False,False,False,2022-12-02 15:05:39.822713+00:00,2022-12-02 15:05:39.822713+00:00
1598654943778537472,ukraine-de,True,True,False,False,False,False,False,False,False,False,2022-12-02 15:05:39.822611+00:00,2022-12-02 15:05:39.822611+00:00
1598654948618534913,ukraine-de,True,True,False,False,False,False,False,False,False,False,2022-12-02 15:05:39.822491+00:00,2022-12-02 15:05:39.822491+00:00
1598654968839413762,ukraine-de,True,True,False,False,False,False,False,False,False,False,2022-12-02 15:05:39.822389+00:00,2022-12-02 15:05:39.822389+00:00
1598654974312882176,ukraine-de,True,True,False,False,False,False,False,False,False,False,2022-12-02 15:05:39.822287+00:00,2022-12-02 15:05:39.822287+00:00
1598654985788854272,ukraine-de,True,True,False,False,False,False,False,False,False,False,2022-12-02 15:05:39.822185+00:00,2022-12-02 15:05:39.822185+00:00
1598655011009056768,ukraine-de,True,True,False,False,False,False,False,False,False,False,2022-12-02 15:05:39.822082+00:00,2022-12-02 15:05:39.822082+00:00
1598655073156009991,ukraine-de,True,True,False,False,False,False,False,False,False,False,2022-12-02 15:05:39.821976+00:00,2022-12-02 15:05:39.821976+00:00
1598655091153592320,ukraine-de,True,False,False,False,False,False,False,False,False,False,2022-12-02 15:04:30.431094+00:00,2022-12-02 15:04:30.431094+00:00
1598655099131273216,ukraine-de,True,True,False,False,False,False,False,False,False,False,2022-12-02 15:05:39.821852+00:00,2022-12-02 15:05:39.821852+00:00
1598655102377594880,ukraine-de,True,True,False,False,False,False,False,False,False,False,2022-12-02 15:05:39.821736+00:00,2022-12-02 15:05:39.821736+00:00
1598655105531662336,ukraine-de,True,True,False,False,False,False,False,False,False,False,2022-12-02 15:05:39.821629+00:00,2022-12-02 15:05:39.821629+00:00
1598655122002743297,ukraine-de,True,True,False,False,False,False,False,False,False,False,2022-12-02 15:05:39.821499+00:00,2022-12-02 15:05:39.821499+00:00
1598655162339532800,ukraine-de,True,True,False,False,False,False,False,False,False,False,2022-12-02 15:05:39.821349+00:00,2022-12-02 15:05:39.821349+00:00
1598655168488300545,ukraine-de,True,True,False,False,False,False,False,False,False,False,2022-12-02 15:05:39.821231+00:00,2022-12-02 15:05:39.821231+00:00
1598655204051795968,ukraine-de,True,True,False,False,False,False,False,False,False,False,2022-12-02 15:05:39.820969+00:00,2022-12-02 15:05:39.820969+00:00
1598655204265758721,ukraine-de,True,True,False,False,False,False,False,False,False,False,2022-12-02 15:04:30.414861+00:00,2022-12-02 15:04:30.414861+00:00
1598655210464878595,ukraine-de,True,True,False,False,False,False,False,False,False,False,2022-12-02 15:04:30.414763+00:00,2022-12-02 15:04:30.414763+00:00
1598655231415418881,ukraine-de,True,True,False,False,False,False,False,False,False,False,2022-12-02 15:04:30.414666+00:00,2022-12-02 15:04:30.414666+00:00
1598655248637181953,ukraine-de,True,True,False,False,False,False,False,False,False,False,2022-12-02 15:04:30.414568+00:00,2022-12-02 15:04:30.414568+00:00
1598655250742771713,ukraine-de,True,True,False,False,False,False,False,False,False,False,2022-12-02 15:04:30.414467+00:00,2022-12-02 15:04:30.414467+00:00
1598655268383924224,ukraine-de,True,True,False,False,False,False,False,False,False,False,2022-12-02 15:01:05.644193+00:00,2022-12-02 15:04:30.414368+00:00
1598655271911522305,ukraine-de,True,True,False,False,False,False,False,False,False,False,2022-12-02 15:04:30.414258+00:00,2022-12-02 15:04:30.414258+00:00
1598655278446252035,ukraine-de,True,True,False,False,False,False,False,False,False,False,2022-12-02 15:04:30.414136+00:00,2022-12-02 15:04:30.414136+00:00
1598655286868312066,ukraine-de,True,True,False,False,False,False,False,False,False,False,2022-12-02 15:04:30.413919+00:00,2022-12-02 15:04:30.413919+00:00
1598655321853108224,ukraine-de,True,True,False,False,False,False,False,False,False,False,2022-12-02 15:04:30.413807+00:00,2022-12-02 15:04:30.413807+00:00
1598655344682717184,ukraine-de,True,True,False,False,False,False,False,False,False,False,2022-12-02 15:04:30.413681+00:00,2022-12-02 15:04:30.413681+00:00
1598655345735237632,ukraine-de,True,True,False,False,False,False,False,False,False,False,2022-12-02 15:04:30.413539+00:00,2022-12-02 15:04:30.413539+00:00
1598655352492335104,ukraine-de,True,True,False,False,False,False,False,False,False,False,2022-12-02 15:04:30.413434+00:00,2022-12-02 15:04:30.413434+00:00
1598655355105353728,ukraine-de,True,False,False,False,False,False,False,False,False,False,2022-12-02 15:04:30.440125+00:00,2022-12-02 15:04:30.440125+00:00
1598655362487418880,ukraine-de,True,True,False,False,False,False,False,False,False,False,2022-12-02 15:04:30.413258+00:00,2022-12-02 15:04:30.413258+00:00
1598655368825012225,ukraine-de,True,True,False,False,False,False,False,False,False,False,2022-12-02 15:04:30.413111+00:00,2022-12-02 15:04:30.413111+00:00
1598655385552003075,ukraine-de,True,True,False,False,False,False,False,False,False,False,2022-12-02 15:04:30.412998+00:00,2022-12-02 15:04:30.412998+00:00
1598655405697138688,ukraine-de,True,True,False,False,False,False,False,False,False,False,2022-12-02 15:04:30.412902+00:00,2022-12-02 15:04:30.412902+00:00
1598655431467061250,ukraine-de,True,True,False,False,False,False,False,False,False,False,2022-12-02 15:04:30.412798+00:00,2022-12-02 15:04:30.412798+00:00
1598655440975548419,ukraine-de,True,False,False,False,False,False,False,False,False,False,2022-12-02 15:04:30.430927+00:00,2022-12-02 15:04:30.430927+00:00
1598655455760470018,ukraine-de,True,True,False,False,False,False,False,False,False,False,2022-12-02 15:04:30.412701+00:00,2022-12-02 15:04:30.412701+00:00
1598655456339263490,ukraine-de,True,True,False,False,False,False,False,False,False,False,2022-12-02 15:04:30.412605+00:00,2022-12-02 15:04:30.412605+00:00
1598655483719876608,ukraine-de,True,True,False,False,False,False,False,False,False,False,2022-12-02 15:04:30.412494+00:00,2022-12-02 15:04:30.412494+00:00
1598655484516798464,ukraine-de,True,True,False,False,False,False,False,False,False,False,2022-12-02 15:04:30.412395+00:00,2022-12-02 15:04:30.412395+00:00
1598655489357000705,ukraine-de,True,True,False,False,False,False,False,False,False,False,2022-12-02 15:04:30.412281+00:00,2022-12-02 15:04:30.412281+00:00
1598655491961651200,ukraine-de,True,True,False,False,False,False,False,False,False,False,2022-12-02 15:04:30.412171+00:00,2022-12-02 15:04:30.412171+00:00
1598655496856403968,ukraine-de,True,True,False,False,False,False,False,False,False,False,2022-12-02 15:04:30.412054+00:00,2022-12-02 15:04:30.412054+00:00
1598655497003061250,ukraine-de,True,True,False,False,False,False,False,False,False,False,2022-12-02 15:04:30.411937+00:00,2022-12-02 15:04:30.411937+00:00
1598655502879162368,ukraine-de,True,True,False,False,False,False,False,False,False,False,2022-12-02 15:04:30.411835+00:00,2022-12-02 15:04:30.411835+00:00
1598655519392243714,ukraine-de,True,True,False,False,False,False,False,False,False,False,2022-12-02 15:04:30.411730+00:00,2022-12-02 15:04:30.411730+00:00
1598655530817712130,ukraine-de,True,True,False,False,False,False,False,False,False,False,2022-12-02 15:04:30.411604+00:00,2022-12-02 15:04:30.411604+00:00
1598655540627914757,ukraine-de,True,True,False,False,False,False,False,False,False,False,2022-12-02 15:04:30.411503+00:00,2022-12-02 15:04:30.411503+00:00
1598655567437987841,ukraine-de,True,False,False,False,False,False,False,False,False,False,2022-12-02 15:04:30.440711+00:00,2022-12-02 15:04:30.440711+00:00
1598655570734551040,ukraine-de,True,True,False,False,False,False,False,False,False,False,2022-12-02 15:04:30.411380+00:00,2022-12-02 15:04:30.411380+00:00
1598655621179625472,ukraine-de,True,True,False,False,False,False,False,False,False,False,2022-12-02 15:04:30.411244+00:00,2022-12-02 15:04:30.411244+00:00
1598655628909617156,ukraine-de,True,True,False,False,False,False,False,False,False,False,2022-12-02 15:04:30.411004+00:00,2022-12-02 15:04:30.411004+00:00
1598655631912710144,ukraine-de,True,True,False,False,False,False,False,False,False,False,2022-12-02 15:04:30.410903+00:00,2022-12-02 15:04:30.410903+00:00
1598655675818811395,ukraine-de,True,False,False,False,False,False,False,False,False,False,2022-12-02 19:51:30.192585+00:00,2022-12-02 19:51:30.192585+00:00
1598655692218535936,ukraine-de,True,True,False,False,False,False,False,False,False,False,2022-12-02 15:04:30.410798+00:00,2022-12-02 15:04:30.410798+00:00
1598655723444916224,ukraine-de,True,False,False,False,False,False,False,False,False,False,2022-12-02 15:04:13.026593+00:00,2022-12-02 15:04:13.026593+00:00
1598655724149563392,ukraine-de,True,False,False,False,False,False,False,False,False,False,2022-12-02 22:35:54.179198+00:00,2022-12-02 22:35:54.179198+00:00
1598655724560580608,ukraine-de,True,True,False,False,False,False,False,False,False,False,2022-12-02 15:04:30.410597+00:00,2022-12-02 15:04:30.410597+00:00
1598655725349257217,ukraine-de,True,True,False,False,False,False,False,False,False,False,2022-12-02 15:04:30.410496+00:00,2022-12-02 15:04:30.410496+00:00
1598655726485852160,ukraine-de,True,True,False,False,False,False,False,False,False,False,2022-12-02 15:04:30.410387+00:00,2022-12-02 15:04:30.410387+00:00
1598655728855678978,ukraine-de,True,False,False,False,False,False,False,False,False,False,2022-12-03 03:40:14.816829+00:00,2022-12-03 03:40:14.816829+00:00
1598655730332188674,ukraine-de,True,True,False,False,False,False,False,False,False,False,2022-12-02 15:04:30.410265+00:00,2022-12-02 15:04:30.410265+00:00
1598655746815668224,ukraine-de,True,True,False,False,False,False,False,False,False,False,2022-12-02 15:04:30.410150+00:00,2022-12-02 15:04:30.410150+00:00
1598655799189905408,ukraine-de,True,True,False,False,False,False,False,False,False,False,2022-12-02 15:04:30.410050+00:00,2022-12-02 15:04:30.410050+00:00
1598655818651807747,ukraine-de,True,True,False,False,False,False,False,False,False,False,2022-12-02 15:04:30.409944+00:00,2022-12-02 15:04:30.409944+00:00
1598655849857048576,ukraine-de,True,False,False,False,False,False,False,False,False,False,2022-12-02 19:50:17.520542+00:00,2022-12-02 19:50:17.520542+00:00
1598655863174332418,ukraine-de,True,True,False,False,False,False,False,False,False,False,2022-12-02 15:04:30.409845+00:00,2022-12-02 15:04:30.409845+00:00
1598655865070186497,ukraine-de,True,True,False,False,False,False,False,False,False,False,2022-12-02 15:01:05.653457+00:00,2022-12-02 15:04:30.409734+00:00
1598655873391509504,ukraine-de,True,True,False,False,False,False,False,False,False,False,2022-12-02 15:04:30.409617+00:00,2022-12-02 15:04:30.409617+00:00
1598655882140663808,ukraine-de,True,True,False,False,False,False,False,False,False,False,2022-12-02 15:04:30.409493+00:00,2022-12-02 15:04:30.409493+00:00
1598655901174579200,ukraine-de,True,True,False,False,False,False,False,False,False,False,2022-12-02 15:04:30.409391+00:00,2022-12-02 15:04:30.409391+00:00
1598655919658831875,ukraine-de,True,True,False,False,False,False,False,False,False,False,2022-12-02 15:04:30.409281+00:00,2022-12-02 15:04:30.409281+00:00
1598655921986617345,ukraine-de,True,True,False,False,False,False,False,False,False,False,2022-12-02 15:04:30.409164+00:00,2022-12-02 15:04:30.409164+00:00
1598655937002307584,ukraine-de,True,True,False,False,False,False,False,False,False,False,2022-12-02 15:04:30.409062+00:00,2022-12-02 15:04:30.409062+00:00
1598655946276106241,ukraine-de,True,True,False,False,False,False,False,False,False,False,2022-12-02 15:04:30.408953+00:00,2022-12-02 15:04:30.408953+00:00
1598655954194780160,ukraine-de,True,True,False,False,False,False,False,False,False,False,2022-12-02 15:04:30.408853+00:00,2022-12-02 15:04:30.408853+00:00
1598655960708521987,ukraine-de,True,True,False,False,False,False,False,False,False,False,2022-12-02 15:04:30.408751+00:00,2022-12-02 15:04:30.408751+00:00
1598656010284957697,ukraine-de,True,True,False,False,False,False,False,False,False,False,2022-12-02 15:04:30.408647+00:00,2022-12-02 15:04:30.408647+00:00
1598656095853092864,ukraine-de,True,True,False,False,False,False,False,False,False,False,2022-12-02 15:04:30.408539+00:00,2022-12-02 15:04:30.408539+00:00
1598656116766003201,ukraine-de,True,True,False,False,False,False,False,False,False,False,2022-12-02 15:04:30.408286+00:00,2022-12-02 15:04:30.408286+00:00
1598656137993326593,ukraine-de,True,True,False,False,False,False,False,False,False,False,2022-12-02 15:04:30.408161+00:00,2022-12-02 15:04:30.408161+00:00
1598656153113792519,ukraine-de,True,False,False,False,False,False,False,False,False,False,2022-12-02 15:04:13.020875+00:00,2022-12-02 15:04:13.020875+00:00
1598656169102671875,ukraine-de,True,True,False,False,False,False,False,False,False,False,2022-12-02 15:04:30.408026+00:00,2022-12-02 15:04:30.408026+00:00
1598656184038440960,ukraine-de,True,True,False,False,False,False,False,False,False,False,2022-12-02 15:04:30.407922+00:00,2022-12-02 15:04:30.407922+00:00
1598656193546915847,ukraine-de,True,True,False,False,False,False,False,False,False,False,2022-12-02 15:04:30.407759+00:00,2022-12-02 15:04:30.407759+00:00
1598656193932697601,ukraine-de,True,True,False,False,False,False,False,False,False,False,2022-12-02 15:04:30.407661+00:00,2022-12-02 15:04:30.407661+00:00
1598656195518238721,ukraine-de,True,True,False,False,False,False,False,False,False,False,2022-12-02 15:04:30.407563+00:00,2022-12-02 15:04:30.407563+00:00
1598656203009171456,ukraine-de,True,True,False,False,False,False,False,False,False,False,2022-12-02 15:04:30.407465+00:00,2022-12-02 15:04:30.407465+00:00
1598656221879361536,ukraine-de,True,True,False,False,False,False,False,False,False,False,2022-12-02 15:04:30.407365+00:00,2022-12-02 15:04:30.407365+00:00
1598656236018278402,ukraine-de,True,True,False,False,False,False,False,False,False,False,2022-12-02 15:04:30.407258+00:00,2022-12-02 15:04:30.407258+00:00
1598656239646433282,ukraine-de,True,True,False,False,False,False,False,False,False,False,2022-12-02 15:04:30.407158+00:00,2022-12-02 15:04:30.407158+00:00
1598656243740065793,ukraine-de,True,True,False,False,False,False,False,False,False,False,2022-12-02 15:04:30.407059+00:00,2022-12-02 15:04:30.407059+00:00
1598656255219859457,ukraine-de,True,True,False,False,False,False,False,False,False,False,2022-12-02 15:04:30.406961+00:00,2022-12-02 15:04:30.406961+00:00
1598656279395926017,ukraine-de,True,True,False,False,False,False,False,False,False,False,2022-12-02 15:04:30.406861+00:00,2022-12-02 15:04:30.406861+00:00
1598656280981393408,ukraine-de,True,True,False,False,False,False,False,False,False,False,2022-12-02 15:04:30.406758+00:00,2022-12-02 15:04:30.406758+00:00
1598656282298355714,ukraine-de,True,True,False,False,False,False,False,False,False,False,2022-12-02 15:04:30.406639+00:00,2022-12-02 15:04:30.406639+00:00
1598656292607954949,ukraine-de,True,True,False,False,False,False,False,False,False,False,2022-12-02 15:04:30.406511+00:00,2022-12-02 15:04:30.406511+00:00
1598656320218939392,ukraine-de,True,True,False,False,False,False,False,False,False,False,2022-12-02 15:04:30.406413+00:00,2022-12-02 15:04:30.406413+00:00
1598656336924901377,ukraine-de,True,True,False,False,False,False,False,False,False,False,2022-12-02 15:04:30.406312+00:00,2022-12-02 15:04:30.406312+00:00
1598656341031239681,ukraine-de,True,True,False,False,False,False,False,False,False,False,2022-12-02 15:04:30.406213+00:00,2022-12-02 15:04:30.406213+00:00
1598656344357306368,ukraine-de,True,False,False,False,False,False,False,False,False,False,2022-12-02 15:01:30.392127+00:00,2022-12-02 15:01:30.392127+00:00
1598656355325411328,ukraine-de,True,True,False,False,False,False,False,False,False,False,2022-12-02 15:04:30.406113+00:00,2022-12-02 15:04:30.406113+00:00
1598656358370402304,ukraine-de,True,False,False,False,False,False,False,False,False,False,2022-12-02 15:04:30.435028+00:00,2022-12-02 15:04:30.435028+00:00
1598656370542522369,ukraine-de,True,True,False,False,False,False,False,False,False,False,2022-12-02 15:04:30.405999+00:00,2022-12-02 15:04:30.405999+00:00
1598656375571316741,ukraine-de,True,True,False,False,False,False,False,False,False,False,2022-12-02 15:04:30.405881+00:00,2022-12-02 15:04:30.405881+00:00
1598656384685547520,ukraine-de,True,True,False,False,False,False,False,False,False,False,2022-12-02 15:04:30.405781+00:00,2022-12-02 15:04:30.405781+00:00
1598656411126435840,ukraine-de,True,True,False,False,False,False,False,False,False,False,2022-12-02 15:04:30.405679+00:00,2022-12-02 15:04:30.405679+00:00
1598656428243267584,ukraine-de,True,True,False,False,False,False,False,False,False,False,2022-12-02 15:04:30.405542+00:00,2022-12-02 15:04:30.405542+00:00
1598656448178839552,ukraine-de,True,True,False,False,False,False,False,False,False,False,2022-12-02 15:04:30.405443+00:00,2022-12-02 15:04:30.405443+00:00
1598656490197307393,ukraine-de,True,True,False,False,False,False,False,False,False,False,2022-12-02 15:04:30.405328+00:00,2022-12-02 15:04:30.405328+00:00
1598656516105682945,ukraine-de,True,True,False,False,False,False,False,False,False,False,2022-12-02 15:04:30.405231+00:00,2022-12-02 15:04:30.405231+00:00
1598656557872455680,ukraine-de,True,True,False,False,False,False,False,False,False,False,2022-12-02 15:04:30.405135+00:00,2022-12-02 15:04:30.405135+00:00
1598656561089581058,ukraine-de,True,True,False,False,False,False,False,False,False,False,2022-12-02 15:04:30.405037+00:00,2022-12-02 15:04:30.405037+00:00
1598656563031465985,ukraine-de,True,True,False,False,False,False,False,False,False,False,2022-12-02 15:04:30.404941+00:00,2022-12-02 15:04:30.404941+00:00
1598656578747392000,ukraine-de,True,True,False,False,False,False,False,False,False,False,2022-12-02 15:04:30.404841+00:00,2022-12-02 15:04:30.404841+00:00
1598656581205479425,ukraine-de,True,True,False,False,False,False,False,False,False,False,2022-12-02 15:04:30.404740+00:00,2022-12-02 15:04:30.404740+00:00
1598656614713544704,ukraine-de,True,True,False,False,False,False,False,False,False,False,2022-12-02 15:04:30.404626+00:00,2022-12-02 15:04:30.404626+00:00
1598656615334514691,ukraine-de,True,True,False,False,False,False,False,False,False,False,2022-12-02 15:04:30.404509+00:00,2022-12-02 15:04:30.404509+00:00
1598656658472738816,ukraine-de,True,True,False,False,False,False,False,False,False,False,2022-12-02 15:04:30.404385+00:00,2022-12-02 15:04:30.404385+00:00
1598656677997252613,ukraine-de,True,True,False,False,False,False,False,False,False,False,2022-12-02 15:04:30.404278+00:00,2022-12-02 15:04:30.404278+00:00
1598656689108131840,ukraine-de,True,False,False,False,False,False,False,False,False,False,2022-12-02 15:04:30.434066+00:00,2022-12-02 15:04:30.434066+00:00
1598656705604337664,ukraine-de,True,False,False,False,False,False,False,False,False,False,2022-12-02 15:04:30.433096+00:00,2022-12-02 15:04:30.433096+00:00
1598656706740903937,ukraine-de,True,True,False,False,False,False,False,False,False,False,2022-12-02 15:04:30.404096+00:00,2022-12-02 15:04:30.404096+00:00
1598656726949044224,ukraine-de,True,True,False,False,False,False,False,False,False,False,2022-12-02 15:04:30.403995+00:00,2022-12-02 15:04:30.403995+00:00
1598656749845766144,ukraine-de,True,False,False,False,False,False,False,False,False,False,2022-12-02 22:35:45.778343+00:00,2022-12-02 22:35:45.778343+00:00
1598656752807034881,ukraine-de,True,False,False,False,False,False,False,False,False,False,2022-12-03 08:10:16.231365+00:00,2022-12-03 08:10:16.231365+00:00
1598656768019677189,ukraine-de,True,True,False,False,False,False,False,False,False,False,2022-12-02 15:04:30.403888+00:00,2022-12-02 15:04:30.403888+00:00
1598656771454898178,ukraine-de,True,True,False,False,False,False,False,False,False,False,2022-12-02 15:04:30.403740+00:00,2022-12-02 15:04:30.403740+00:00
1598656776160813057,ukraine-de,True,True,False,False,False,False,False,False,False,False,2022-12-02 15:04:30.403638+00:00,2022-12-02 15:04:30.403638+00:00
1598656777163358208,ukraine-de,True,True,False,False,False,False,False,False,False,False,2022-12-02 15:04:30.403534+00:00,2022-12-02 15:04:30.403534+00:00
1598656785912500224,ukraine-de,True,True,False,False,False,False,False,False,False,False,2022-12-02 15:04:30.403413+00:00,2022-12-02 15:04:30.403413+00:00
1598656793000873984,ukraine-de,True,True,False,False,False,False,False,False,False,False,2022-12-02 15:04:30.402870+00:00,2022-12-02 15:04:30.402870+00:00
1598656814673010688,ukraine-de,True,True,False,False,False,False,False,False,False,False,2022-12-02 15:04:30.402772+00:00,2022-12-02 15:04:30.402772+00:00
1598656824177197057,ukraine-de,True,True,False,False,False,False,False,False,False,False,2022-12-02 15:01:05.638889+00:00,2022-12-02 15:04:30.402672+00:00
1598656830003154945,ukraine-de,True,False,False,False,False,False,False,False,False,False,2022-12-02 15:04:30.435224+00:00,2022-12-02 15:04:30.435224+00:00
1598656852551614464,ukraine-de,True,True,False,False,False,False,False,False,False,False,2022-12-02 15:04:30.402563+00:00,2022-12-02 15:04:30.402563+00:00
1598656855412203520,ukraine-de,True,True,False,False,False,False,False,False,False,False,2022-12-02 15:04:30.402461+00:00,2022-12-02 15:04:30.402461+00:00
1598656874391273472,ukraine-de,True,False,False,False,False,False,False,False,False,False,2022-12-02 15:01:05.654007+00:00,2022-12-02 15:01:05.654007+00:00
1598656917865316353,ukraine-de,True,True,False,False,False,False,False,False,False,False,2022-12-02 15:04:30.402359+00:00,2022-12-02 15:04:30.402359+00:00
1598656920365240320,ukraine-de,True,False,False,False,False,False,False,False,False,False,2022-12-02 15:04:30.428081+00:00,2022-12-02 15:04:30.428081+00:00
1598656921149607936,ukraine-de,True,True,False,False,False,False,False,False,False,False,2022-12-02 15:04:30.402243+00:00,2022-12-02 15:04:30.402243+00:00
1598656934290239489,ukraine-de,True,True,False,False,False,False,False,False,False,False,2022-12-02 15:04:30.402115+00:00,2022-12-02 15:04:30.402115+00:00
1598656942632849409,ukraine-de,True,False,False,False,False,False,False,False,False,False,2022-12-02 15:04:30.418654+00:00,2022-12-02 15:04:30.418654+00:00
1598656982176653313,ukraine-de,True,False,False,False,False,False,False,False,False,False,2022-12-02 15:04:13.049528+00:00,2022-12-02 15:04:13.049528+00:00
1598656987960528897,ukraine-de,True,True,False,False,False,False,False,False,False,False,2022-12-02 15:04:30.402001+00:00,2022-12-02 15:04:30.402001+00:00
1598657003336908801,ukraine-de,True,True,False,False,False,False,False,False,False,False,2022-12-02 15:04:30.401884+00:00,2022-12-02 15:04:30.401884+00:00
1598657010467209216,ukraine-de,True,True,False,False,False,False,False,False,False,False,2022-12-02 15:04:30.401770+00:00,2022-12-02 15:04:30.401770+00:00
1598657031166115842,ukraine-de,True,True,False,False,False,False,False,False,False,False,2022-12-02 15:04:30.401650+00:00,2022-12-02 15:04:30.401650+00:00
1598657033997279233,ukraine-de,True,True,False,False,False,False,False,False,False,False,2022-12-02 15:04:30.401519+00:00,2022-12-02 15:04:30.401519+00:00
1598657039890120705,ukraine-de,True,True,False,False,False,False,False,False,False,False,2022-12-02 15:04:30.401420+00:00,2022-12-02 15:04:30.401420+00:00
1598657049516285952,ukraine-de,True,True,False,False,False,False,False,False,False,False,2022-12-02 15:04:30.401311+00:00,2022-12-02 15:04:30.401311+00:00
1598657055107080194,ukraine-de,True,True,False,False,False,False,False,False,False,False,2022-12-02 15:04:30.401212+00:00,2022-12-02 15:04:30.401212+00:00
1598657130701070336,ukraine-de,True,False,False,False,False,False,False,False,False,False,2022-12-02 22:35:17.198922+00:00,2022-12-02 22:35:17.198922+00:00
1598657136279449601,ukraine-de,True,True,False,False,False,False,False,False,False,False,2022-12-02 15:04:30.401099+00:00,2022-12-02 15:04:30.401099+00:00
1598657165526450181,ukraine-de,True,True,False,False,False,False,False,False,False,False,2022-12-02 15:04:30.401001+00:00,2022-12-02 15:04:30.401001+00:00
1598657167577448449,ukraine-de,True,True,False,False,False,False,False,False,False,False,2022-12-02 15:04:30.400904+00:00,2022-12-02 15:04:30.400904+00:00
1598657171679502336,ukraine-de,True,True,False,False,False,False,False,False,False,False,2022-12-02 15:04:30.400804+00:00,2022-12-02 15:04:30.400804+00:00
1598657195192770561,ukraine-de,True,False,False,False,False,False,False,False,False,False,2022-12-02 19:51:22.129481+00:00,2022-12-02 19:51:22.129481+00:00
1598657205179482112,ukraine-de,True,True,False,False,False,False,False,False,False,False,2022-12-02 15:04:30.400691+00:00,2022-12-02 15:04:30.400691+00:00
1598657243091972096,ukraine-de,True,False,False,False,False,False,False,False,False,False,2022-12-02 15:01:30.405476+00:00,2022-12-02 15:01:30.405476+00:00
1598657286939021314,ukraine-de,True,True,False,False,False,False,False,False,False,False,2022-12-02 15:04:30.400593+00:00,2022-12-02 15:04:30.400593+00:00
1598657288507629569,ukraine-de,True,False,False,False,False,False,False,False,False,False,2022-12-02 15:04:30.426871+00:00,2022-12-02 15:04:30.426871+00:00
1598657295977779203,ukraine-de,True,True,False,False,False,False,False,False,False,False,2022-12-02 15:04:30.400481+00:00,2022-12-02 15:04:30.400481+00:00
1598657296246226947,ukraine-de,True,False,False,False,False,False,False,False,False,False,2022-12-02 15:04:30.422680+00:00,2022-12-02 15:04:30.422680+00:00
1598657296451612673,ukraine-de,True,True,False,False,False,False,False,False,False,False,2022-12-02 15:04:30.400378+00:00,2022-12-02 15:04:30.400378+00:00
1598657308124278786,ukraine-de,True,False,False,False,False,False,False,False,False,False,2022-12-02 15:04:30.432388+00:00,2022-12-02 15:04:30.432388+00:00
1598657350059134977,ukraine-de,True,True,False,False,False,False,False,False,False,False,2022-12-02 15:04:30.400266+00:00,2022-12-02 15:04:30.400266+00:00
1598657369491345411,ukraine-de,True,True,False,False,False,False,False,False,False,False,2022-12-02 15:04:30.400053+00:00,2022-12-02 15:04:30.400053+00:00
1598657383797964802,ukraine-de,True,True,False,False,False,False,False,False,False,False,2022-12-02 15:04:30.399795+00:00,2022-12-02 15:04:30.399795+00:00
1598657414475259904,ukraine-de,True,True,False,False,False,False,False,False,False,False,2022-12-02 15:04:30.399696+00:00,2022-12-02 15:04:30.399696+00:00
1598657421618167810,ukraine-de,True,True,False,False,False,False,False,False,False,False,2022-12-02 15:04:30.399597+00:00,2022-12-02 15:04:30.399597+00:00
1598657424902299650,ukraine-de,True,True,False,False,False,False,False,False,False,False,2022-12-02 15:04:30.399499+00:00,2022-12-02 15:04:30.399499+00:00
1598657444061790209,ukraine-de,True,True,False,False,False,False,False,False,False,False,2022-12-02 15:04:30.399400+00:00,2022-12-02 15:04:30.399400+00:00
1598657452580474883,ukraine-de,True,True,False,False,False,False,False,False,False,False,2022-12-02 15:04:30.399291+00:00,2022-12-02 15:04:30.399291+00:00
1598657456539725824,ukraine-de,True,True,False,False,False,False,False,False,False,False,2022-12-02 15:04:30.399192+00:00,2022-12-02 15:04:30.399192+00:00
1598657488844476416,ukraine-de,True,True,False,False,False,False,False,False,False,False,2022-12-02 15:04:30.399093+00:00,2022-12-02 15:04:30.399093+00:00
1598657495735885824,ukraine-de,True,True,False,False,False,False,False,False,False,False,2022-12-02 15:04:30.398994+00:00,2022-12-02 15:04:30.398994+00:00
1598657497820176384,ukraine-de,True,False,False,False,False,False,False,False,False,False,2022-12-02 15:04:30.429282+00:00,2022-12-02 15:04:30.429282+00:00
1598657551507365889,ukraine-de,True,True,False,False,False,False,False,False,False,False,2022-12-02 15:04:30.398894+00:00,2022-12-02 15:04:30.398894+00:00
1598657562207047681,ukraine-de,True,True,False,False,False,False,False,False,False,False,2022-12-02 15:04:30.398791+00:00,2022-12-02 15:04:30.398791+00:00
1598657562345340928,ukraine-de,True,False,False,False,False,False,False,False,False,False,2022-12-02 15:04:30.432906+00:00,2022-12-02 15:04:30.432906+00:00
1598657570230587392,ukraine-de,True,False,False,False,False,False,False,False,False,False,2022-12-03 01:30:18.803849+00:00,2022-12-03 01:30:18.803849+00:00
1598657584168304640,ukraine-de,True,True,False,False,False,False,False,False,False,False,2022-12-02 15:04:30.398671+00:00,2022-12-02 15:04:30.398671+00:00
1598657616716042240,ukraine-de,True,True,False,False,False,False,False,False,False,False,2022-12-02 15:04:30.398571+00:00,2022-12-02 15:04:30.398571+00:00
1598657617559257089,ukraine-de,True,True,False,False,False,False,False,False,False,False,2022-12-02 15:04:30.398467+00:00,2022-12-02 15:04:30.398467+00:00
1598657628103708672,ukraine-de,True,True,False,False,False,False,False,False,False,False,2022-12-02 15:04:30.398355+00:00,2022-12-02 15:04:30.398355+00:00
1598657642901168128,ukraine-de,True,True,False,False,False,False,False,False,False,False,2022-12-02 15:04:30.398129+00:00,2022-12-02 15:04:30.398129+00:00
1598657652967497731,ukraine-de,True,True,False,False,False,False,False,False,False,False,2022-12-02 15:04:30.398020+00:00,2022-12-02 15:04:30.398020+00:00
1598657671053430786,ukraine-de,True,True,False,False,False,False,False,False,False,False,2022-12-02 15:04:30.397903+00:00,2022-12-02 15:04:30.397903+00:00
1598657682281402368,ukraine-de,True,True,False,False,False,False,False,False,False,False,2022-12-02 15:04:30.397793+00:00,2022-12-02 15:04:30.397793+00:00
1598657690124836865,ukraine-de,True,True,False,False,False,False,False,False,False,False,2022-12-02 15:04:30.397672+00:00,2022-12-02 15:04:30.397672+00:00
1598657731518406656,ukraine-de,True,True,False,False,False,False,False,False,False,False,2022-12-02 15:04:30.397521+00:00,2022-12-02 15:04:30.397521+00:00
1598657755232935936,ukraine-de,True,True,False,False,False,False,False,False,False,False,2022-12-02 15:04:30.397395+00:00,2022-12-02 15:04:30.397395+00:00
1598657787910725632,ukraine-de,True,True,False,False,False,False,False,False,False,False,2022-12-02 15:04:30.397278+00:00,2022-12-02 15:04:30.397278+00:00
1598657811382210561,ukraine-de,True,True,False,False,False,False,False,False,False,False,2022-12-02 15:04:30.397179+00:00,2022-12-02 15:04:30.397179+00:00
1598657839219744768,ukraine-de,True,True,False,False,False,False,False,False,False,False,2022-12-02 15:04:30.397068+00:00,2022-12-02 15:04:30.397068+00:00
1598657853803274240,ukraine-de,True,True,False,False,False,False,False,False,False,False,2022-12-02 15:04:30.396967+00:00,2022-12-02 15:04:30.396967+00:00
1598657859524476928,ukraine-de,True,False,False,False,False,False,False,False,False,False,2022-12-02 15:04:13.057243+00:00,2022-12-02 15:04:13.057243+00:00
1598657870706376704,ukraine-de,True,True,False,False,False,False,False,False,False,False,2022-12-02 15:04:30.396866+00:00,2022-12-02 15:04:30.396866+00:00
1598657872614903808,ukraine-de,True,True,False,False,False,False,False,False,False,False,2022-12-02 15:04:30.396750+00:00,2022-12-02 15:04:30.396750+00:00
1598657879145226240,ukraine-de,True,True,False,False,False,False,False,False,False,False,2022-12-02 15:04:30.396650+00:00,2022-12-02 15:04:30.396650+00:00
1598657887030607875,ukraine-de,True,True,False,False,False,False,False,False,False,False,2022-12-02 15:04:30.396534+00:00,2022-12-02 15:04:30.396534+00:00
1598657895016431617,ukraine-de,True,True,False,False,False,False,False,False,False,False,2022-12-02 15:04:30.396436+00:00,2022-12-02 15:04:30.396436+00:00
1598657903883423745,ukraine-de,True,True,False,False,False,False,False,False,False,False,2022-12-02 15:04:30.396336+00:00,2022-12-02 15:04:30.396336+00:00
1598657909126225921,ukraine-de,True,False,False,False,False,False,False,False,False,False,2022-12-03 05:35:06.062141+00:00,2022-12-03 05:35:06.062141+00:00
1598657922829000704,ukraine-de,True,False,False,False,False,False,False,False,False,False,2022-12-02 19:50:17.513823+00:00,2022-12-02 19:50:17.513823+00:00
1598657951480176640,ukraine-de,True,True,False,False,False,False,False,False,False,False,2022-12-02 15:04:30.396236+00:00,2022-12-02 15:04:30.396236+00:00
1598657970182950912,ukraine-de,True,True,False,False,False,False,False,False,False,False,2022-12-02 15:04:30.396136+00:00,2022-12-02 15:04:30.396136+00:00
1598658002306973696,ukraine-de,True,True,False,False,False,False,False,False,False,False,2022-12-02 15:04:30.396035+00:00,2022-12-02 15:04:30.396035+00:00
1598658017880248321,ukraine-de,True,True,False,False,False,False,False,False,False,False,2022-12-02 15:04:30.395931+00:00,2022-12-02 15:04:30.395931+00:00
1598658025900109824,ukraine-de,True,True,False,False,False,False,False,False,False,False,2022-12-02 15:04:30.395778+00:00,2022-12-02 15:04:30.395778+00:00
1598658035270000642,ukraine-de,True,True,False,False,False,False,False,False,False,False,2022-12-02 15:04:30.395669+00:00,2022-12-02 15:04:30.395669+00:00
1598658039791452163,ukraine-de,True,True,False,False,False,False,False,False,False,False,2022-12-02 15:04:30.395565+00:00,2022-12-02 15:04:30.395565+00:00
1598658079133995009,ukraine-de,True,True,False,False,False,False,False,False,False,False,2022-12-02 15:04:30.395444+00:00,2022-12-02 15:04:30.395444+00:00
1598658085958156293,ukraine-de,True,True,False,False,False,False,False,False,False,False,2022-12-02 15:04:30.395337+00:00,2022-12-02 15:04:30.395337+00:00
1598658088147582976,ukraine-de,True,True,False,False,False,False,False,False,False,False,2022-12-02 15:04:30.395202+00:00,2022-12-02 15:04:30.395202+00:00
1598658101229408256,ukraine-de,True,True,False,False,False,False,False,False,False,False,2022-12-02 15:04:30.394967+00:00,2022-12-02 15:04:30.394967+00:00
1598658108372520960,ukraine-de,True,True,False,False,False,False,False,False,False,False,2022-12-02 15:04:30.394869+00:00,2022-12-02 15:04:30.394869+00:00
1598658120250802182,ukraine-de,True,True,False,False,False,False,False,False,False,False,2022-12-02 15:04:30.394767+00:00,2022-12-02 15:04:30.394767+00:00
1598658121991442433,ukraine-de,True,True,False,False,False,False,False,False,False,False,2022-12-02 15:04:30.394667+00:00,2022-12-02 15:04:30.394667+00:00
1598658165217689600,ukraine-de,True,True,False,False,False,False,False,False,False,False,2022-12-02 15:04:30.394565+00:00,2022-12-02 15:04:30.394565+00:00
1598658238039433216,ukraine-de,True,True,False,False,False,False,False,False,False,False,2022-12-02 15:04:30.394462+00:00,2022-12-02 15:04:30.394462+00:00
1598658244913893377,ukraine-de,True,True,False,False,False,False,False,False,False,False,2022-12-02 15:04:30.394328+00:00,2022-12-02 15:04:30.394328+00:00
1598658252283301891,ukraine-de,True,True,False,False,False,False,False,False,False,False,2022-12-02 15:04:30.394223+00:00,2022-12-02 15:04:30.394223+00:00
1598658266237612032,ukraine-de,True,True,False,False,False,False,False,False,False,False,2022-12-02 15:04:30.393970+00:00,2022-12-02 15:04:30.393970+00:00
1598658274819280897,ukraine-de,True,True,False,False,False,False,False,False,False,False,2022-12-02 15:04:30.393871+00:00,2022-12-02 15:04:30.393871+00:00
1598658287486046219,ukraine-de,True,True,False,False,False,False,False,False,False,False,2022-12-02 15:04:30.393770+00:00,2022-12-02 15:04:30.393770+00:00
1598658296650649602,ukraine-de,True,False,False,False,False,False,False,False,False,False,2022-12-02 15:04:30.427642+00:00,2022-12-02 15:04:30.427642+00:00
1598658298852564994,ukraine-de,True,True,False,False,False,False,False,False,False,False,2022-12-02 15:04:30.393672+00:00,2022-12-02 15:04:30.393672+00:00
1598658315420143618,ukraine-de,True,False,False,False,False,False,False,False,False,False,2022-12-02 22:35:54.188878+00:00,2022-12-02 22:35:54.188878+00:00
1598658330217652226,ukraine-de,True,True,False,False,False,False,False,False,False,False,2022-12-02 15:04:30.393554+00:00,2022-12-02 15:04:30.393554+00:00
1598658335938531328,ukraine-de,True,True,False,False,False,False,False,False,False,False,2022-12-02 15:04:30.393438+00:00,2022-12-02 15:04:30.393438+00:00
1598658363616890880,ukraine-de,True,True,False,False,False,False,False,False,False,False,2022-12-02 15:04:30.393327+00:00,2022-12-02 15:04:30.393327+00:00
1598658416129454080,ukraine-de,True,True,False,False,False,False,False,False,False,False,2022-12-02 15:04:30.393224+00:00,2022-12-02 15:04:30.393224+00:00
1598658421858996225,ukraine-de,True,True,False,False,False,False,False,False,False,False,2022-12-02 15:04:30.393057+00:00,2022-12-02 15:04:30.393057+00:00
1598658449151328257,ukraine-de,True,True,False,False,False,False,False,False,False,False,2022-12-02 15:04:30.392956+00:00,2022-12-02 15:04:30.392956+00:00
1598658457552330753,ukraine-de,True,False,False,False,False,False,False,False,False,False,2022-12-02 15:04:30.431866+00:00,2022-12-02 15:04:30.431866+00:00
1598658463697174529,ukraine-de,True,True,False,False,False,False,False,False,False,False,2022-12-02 15:04:30.392838+00:00,2022-12-02 15:04:30.392838+00:00
1598658471989334021,ukraine-de,True,True,False,False,False,False,False,False,False,False,2022-12-02 15:04:30.392719+00:00,2022-12-02 15:04:30.392719+00:00
1598658475554443264,ukraine-de,True,True,False,False,False,False,False,False,False,False,2022-12-02 15:04:30.392599+00:00,2022-12-02 15:04:30.392599+00:00
1598658475751620608,ukraine-de,True,True,False,False,False,False,False,False,False,False,2022-12-02 15:04:30.392498+00:00,2022-12-02 15:04:30.392498+00:00
1598658492205658112,ukraine-de,True,False,False,False,False,False,False,False,False,False,2022-12-02 15:04:30.432192+00:00,2022-12-02 15:04:30.432192+00:00
1598658496253382658,ukraine-de,True,True,False,False,False,False,False,False,False,False,2022-12-02 15:04:30.392395+00:00,2022-12-02 15:04:30.392395+00:00
1598658518801940481,ukraine-de,True,True,False,False,False,False,False,False,False,False,2022-12-02 15:04:30.392291+00:00,2022-12-02 15:04:30.392291+00:00
1598658521804832769,ukraine-de,True,True,False,False,False,False,False,False,False,False,2022-12-02 15:04:30.392172+00:00,2022-12-02 15:04:30.392172+00:00
1598658525747716097,ukraine-de,True,True,False,False,False,False,False,False,False,False,2022-12-02 15:04:30.392044+00:00,2022-12-02 15:04:30.392044+00:00
1598658526699724801,ukraine-de,True,True,False,False,False,False,False,False,False,False,2022-12-02 15:04:30.391922+00:00,2022-12-02 15:04:30.391922+00:00
1598658540918431745,ukraine-de,True,True,False,False,False,False,False,False,False,False,2022-12-02 15:04:30.391758+00:00,2022-12-02 15:04:30.391758+00:00
1598658551584628736,ukraine-de,True,True,False,False,False,False,False,False,False,False,2022-12-02 15:04:30.391641+00:00,2022-12-02 15:04:30.391641+00:00
1598658551601307648,ukraine-de,True,True,False,False,False,False,False,False,False,False,2022-12-02 15:04:30.391539+00:00,2022-12-02 15:04:30.391539+00:00
1598658630655655937,ukraine-de,True,True,False,False,False,False,False,False,False,False,2022-12-02 15:04:30.391426+00:00,2022-12-02 15:04:30.391426+00:00
1598658657322823680,ukraine-de,True,True,False,False,False,False,False,False,False,False,2022-12-02 15:04:30.391313+00:00,2022-12-02 15:04:30.391313+00:00
1598658665254363136,ukraine-de,True,True,False,False,False,False,False,False,False,False,2022-12-02 15:04:30.391194+00:00,2022-12-02 15:04:30.391194+00:00
1598658669771689985,ukraine-de,True,True,False,False,False,False,False,False,False,False,2022-12-02 15:04:30.391074+00:00,2022-12-02 15:04:30.391074+00:00
1598658680429449225,ukraine-de,True,True,False,False,False,False,False,False,False,False,2022-12-02 15:04:30.390944+00:00,2022-12-02 15:04:30.390944+00:00
1598658718937202688,ukraine-de,True,True,False,False,False,False,False,False,False,False,2022-12-02 15:04:30.390826+00:00,2022-12-02 15:04:30.390826+00:00
1598658741783724034,ukraine-de,True,True,False,False,False,False,False,False,False,False,2022-12-02 15:04:30.390726+00:00,2022-12-02 15:04:30.390726+00:00
1598658742320599041,ukraine-de,True,True,False,False,False,False,False,False,False,False,2022-12-02 15:04:30.390624+00:00,2022-12-02 15:04:30.390624+00:00
1598658754727346176,ukraine-de,True,True,False,False,False,False,False,False,False,False,2022-12-02 15:04:30.390524+00:00,2022-12-02 15:04:30.390524+00:00
1598658804635373568,ukraine-de,True,True,False,False,False,False,False,False,False,False,2022-12-02 15:04:30.390424+00:00,2022-12-02 15:04:30.390424+00:00
1598658805528674305,ukraine-de,True,True,False,False,False,False,False,False,False,False,2022-12-02 15:04:30.390307+00:00,2022-12-02 15:04:30.390307+00:00
1598658810796810241,ukraine-de,True,True,False,False,False,False,False,False,False,False,2022-12-02 15:04:30.390191+00:00,2022-12-02 15:04:30.390191+00:00
1598658842908192768,ukraine-de,True,True,False,False,False,False,False,False,False,False,2022-12-02 15:04:30.390090+00:00,2022-12-02 15:04:30.390090+00:00
1598658856770408448,ukraine-de,True,True,False,False,False,False,False,False,False,False,2022-12-02 15:04:30.389988+00:00,2022-12-02 15:04:30.389988+00:00
1598658861509971969,ukraine-de,True,True,False,False,False,False,False,False,False,False,2022-12-02 15:04:30.389885+00:00,2022-12-02 15:04:30.389885+00:00
1598658862726389761,ukraine-de,True,True,False,False,False,False,False,False,False,False,2022-12-02 15:04:30.389762+00:00,2022-12-02 15:04:30.389762+00:00
1598658868942290947,ukraine-de,True,True,False,False,False,False,False,False,False,False,2022-12-02 15:04:30.389654+00:00,2022-12-02 15:04:30.389654+00:00
1598658916866465793,ukraine-de,True,True,False,False,False,False,False,False,False,False,2022-12-02 15:04:13.043880+00:00,2022-12-02 15:04:30.389364+00:00
1598658920947425280,ukraine-de,True,True,False,False,False,False,False,False,False,False,2022-12-02 15:04:30.389263+00:00,2022-12-02 15:04:30.389263+00:00
1598658923942199296,ukraine-de,True,True,False,False,False,False,False,False,False,False,2022-12-02 15:04:30.389150+00:00,2022-12-02 15:04:30.389150+00:00
1598658927050096640,ukraine-de,True,True,False,False,False,False,False,False,False,False,2022-12-02 15:04:30.388918+00:00,2022-12-02 15:04:30.388918+00:00
1598658948831145984,ukraine-de,True,True,False,False,False,False,False,False,False,False,2022-12-02 15:04:30.388818+00:00,2022-12-02 15:04:30.388818+00:00
1598658984998850560,ukraine-de,True,True,False,False,False,False,False,False,False,False,2022-12-02 15:04:30.388718+00:00,2022-12-02 15:04:30.388718+00:00
1598658986986840064,ukraine-de,True,True,False,False,False,False,False,False,False,False,2022-12-02 15:04:30.388616+00:00,2022-12-02 15:04:30.388616+00:00
1598658993609744384,ukraine-de,True,True,False,False,False,False,False,False,False,False,2022-12-02 15:04:30.388496+00:00,2022-12-02 15:04:30.388496+00:00
1598659009883426817,ukraine-de,True,True,False,False,False,False,False,False,False,False,2022-12-02 15:04:30.388375+00:00,2022-12-02 15:04:30.388375+00:00
1598659017286582273,ukraine-de,True,True,False,False,False,False,False,False,False,False,2022-12-02 15:04:30.388267+00:00,2022-12-02 15:04:30.388267+00:00
1598659036098056192,ukraine-de,True,True,False,False,False,False,False,False,False,False,2022-12-02 15:04:30.388049+00:00,2022-12-02 15:04:30.388049+00:00
1598659061758631937,ukraine-de,True,True,False,False,False,False,False,False,False,False,2022-12-02 15:04:30.387951+00:00,2022-12-02 15:04:30.387951+00:00
1598659061834256384,ukraine-de,True,True,False,False,False,False,False,False,False,False,2022-12-02 15:01:05.632738+00:00,2022-12-02 15:04:30.387855+00:00
1598659081480196096,ukraine-de,True,True,False,False,False,False,False,False,False,False,2022-12-02 15:04:30.387756+00:00,2022-12-02 15:04:30.387756+00:00
1598659085800456192,ukraine-de,True,True,False,False,False,False,False,False,False,False,2022-12-02 15:04:30.387658+00:00,2022-12-02 15:04:30.387658+00:00
1598659097066442754,ukraine-de,True,True,False,False,False,False,False,False,False,False,2022-12-02 15:04:30.387558+00:00,2022-12-02 15:04:30.387558+00:00
1598659104515317761,ukraine-de,True,True,False,False,False,False,False,False,False,False,2022-12-02 15:04:30.387459+00:00,2022-12-02 15:04:30.387459+00:00
1598659153160830977,ukraine-de,True,True,False,False,False,False,False,False,False,False,2022-12-02 15:04:30.387359+00:00,2022-12-02 15:04:30.387359+00:00
1598659156273250306,ukraine-de,True,True,False,False,False,False,False,False,False,False,2022-12-02 15:04:30.387251+00:00,2022-12-02 15:04:30.387251+00:00
1598659158605287424,ukraine-de,True,True,False,False,False,False,False,False,False,False,2022-12-02 15:04:30.387151+00:00,2022-12-02 15:04:30.387151+00:00
1598659161083895809,ukraine-de,True,True,False,False,False,False,False,False,False,False,2022-12-02 15:04:30.387050+00:00,2022-12-02 15:04:30.387050+00:00
1598659165563617281,ukraine-de,True,False,False,False,False,False,False,False,False,False,2022-12-03 01:30:18.813737+00:00,2022-12-03 01:30:18.813737+00:00
1598659186144968706,ukraine-de,True,True,False,False,False,False,False,False,False,False,2022-12-02 15:04:30.386932+00:00,2022-12-02 15:04:30.386932+00:00
1598659186698686467,ukraine-de,True,False,False,False,False,False,False,False,False,False,2022-12-02 15:04:30.419056+00:00,2022-12-02 15:04:30.419056+00:00
1598659188393005056,ukraine-de,True,True,False,False,False,False,False,False,False,False,2022-12-02 15:04:30.386830+00:00,2022-12-02 15:04:30.386830+00:00
1598659190679113729,ukraine-de,True,True,False,False,False,False,False,False,False,False,2022-12-02 15:04:30.386722+00:00,2022-12-02 15:04:30.386722+00:00
1598659268714106882,ukraine-de,True,True,False,False,False,False,False,False,False,False,2022-12-02 15:04:30.386621+00:00,2022-12-02 15:04:30.386621+00:00
1598659289350012928,ukraine-de,True,True,False,False,False,False,False,False,False,False,2022-12-02 15:04:30.386521+00:00,2022-12-02 15:04:30.386521+00:00
1598659367901044738,ukraine-de,True,True,False,False,False,False,False,False,False,False,2022-12-02 15:04:30.386420+00:00,2022-12-02 15:04:30.386420+00:00
1598659377145290758,ukraine-de,True,True,False,False,False,False,False,False,False,False,2022-12-02 15:04:30.386317+00:00,2022-12-02 15:04:30.386317+00:00
1598659393549225984,ukraine-de,True,True,False,False,False,False,False,False,False,False,2022-12-02 15:04:30.386214+00:00,2022-12-02 15:04:30.386214+00:00
1598659430106730498,ukraine-de,True,True,False,False,False,False,False,False,False,False,2022-12-02 15:04:30.386101+00:00,2022-12-02 15:04:30.386101+00:00
1598659432191139840,ukraine-de,True,True,False,False,False,False,False,False,False,False,2022-12-02 15:04:30.386002+00:00,2022-12-02 15:04:30.386002+00:00
1598659440688992256,ukraine-de,True,True,False,False,False,False,False,False,False,False,2022-12-02 15:04:30.385902+00:00,2022-12-02 15:04:30.385902+00:00
1598659444933550080,ukraine-de,True,True,False,False,False,False,False,False,False,False,2022-12-02 15:04:30.385800+00:00,2022-12-02 15:04:30.385800+00:00
1598659464273559553,ukraine-de,True,True,False,False,False,False,False,False,False,False,2022-12-02 15:04:30.385700+00:00,2022-12-02 15:04:30.385700+00:00
1598659473337454595,ukraine-de,True,True,False,False,False,False,False,False,False,False,2022-12-02 15:04:30.385581+00:00,2022-12-02 15:04:30.385581+00:00
1598659481751224321,ukraine-de,True,True,False,False,False,False,False,False,False,False,2022-12-02 15:04:30.385481+00:00,2022-12-02 15:04:30.385481+00:00
1598659491997753344,ukraine-de,True,False,False,False,False,False,False,False,False,False,2022-12-02 15:04:13.054329+00:00,2022-12-02 15:04:13.054329+00:00
1598659496842338304,ukraine-de,True,True,False,False,False,False,False,False,False,False,2022-12-02 15:04:30.385380+00:00,2022-12-02 15:04:30.385380+00:00
1598659520099516417,ukraine-de,True,True,False,False,False,False,False,False,False,False,2022-12-02 15:04:30.385258+00:00,2022-12-02 15:04:30.385258+00:00
1598659543655145474,ukraine-de,True,True,False,False,False,False,False,False,False,False,2022-12-02 15:04:30.385144+00:00,2022-12-02 15:04:30.385144+00:00
1598659557852692482,ukraine-de,True,True,False,False,False,False,False,False,False,False,2022-12-02 15:04:30.384996+00:00,2022-12-02 15:04:30.384996+00:00
1598659568728522754,ukraine-de,True,True,False,False,False,False,False,False,False,False,2022-12-02 15:04:30.384895+00:00,2022-12-02 15:04:30.384895+00:00
1598659615696162816,ukraine-de,True,False,False,False,False,False,False,False,False,False,2022-12-02 15:04:13.020660+00:00,2022-12-02 15:04:13.020660+00:00
1598659629650776065,ukraine-de,True,False,False,False,False,False,False,False,False,False,2022-12-03 11:05:17.135008+00:00,2022-12-03 11:05:17.135008+00:00
1598659630489534464,ukraine-de,True,True,False,False,False,False,False,False,False,False,2022-12-02 15:04:30.384773+00:00,2022-12-02 15:04:30.384773+00:00
1598659639226388480,ukraine-de,True,True,False,False,False,False,False,False,False,False,2022-12-02 15:04:30.384674+00:00,2022-12-02 15:04:30.384674+00:00
1598659644616019970,ukraine-de,True,True,False,False,False,False,False,False,False,False,2022-12-02 15:04:30.384573+00:00,2022-12-02 15:04:30.384573+00:00
1598659665134501889,ukraine-de,True,True,False,False,False,False,False,False,False,False,2022-12-02 15:04:30.384473+00:00,2022-12-02 15:04:30.384473+00:00
1598659671375626243,ukraine-de,True,True,False,False,False,False,False,False,False,False,2022-12-02 15:04:30.384373+00:00,2022-12-02 15:04:30.384373+00:00
1598659675238633472,ukraine-de,True,False,False,False,False,False,False,False,False,False,2022-12-02 22:35:54.177938+00:00,2022-12-02 22:35:54.177938+00:00
1598659678925365250,ukraine-de,True,True,False,False,False,False,False,False,False,False,2022-12-02 15:04:30.384273+00:00,2022-12-02 15:04:30.384273+00:00
1598659686676439040,ukraine-de,True,True,False,False,False,False,False,False,False,False,2022-12-02 15:04:30.384172+00:00,2022-12-02 15:04:30.384172+00:00
1598659704279994369,ukraine-de,True,True,False,False,False,False,False,False,False,False,2022-12-02 15:04:30.384056+00:00,2022-12-02 15:04:30.384056+00:00
1598659715659051010,ukraine-de,True,True,False,False,False,False,False,False,False,False,2022-12-02 15:04:30.383956+00:00,2022-12-02 15:04:30.383956+00:00
1598659724416876544,ukraine-de,True,True,False,False,False,False,False,False,False,False,2022-12-02 15:04:30.383855+00:00,2022-12-02 15:04:30.383855+00:00
1598659725796728832,ukraine-de,True,True,False,False,False,False,False,False,False,False,2022-12-02 15:04:30.383753+00:00,2022-12-02 15:04:30.383753+00:00
1598659783724236802,ukraine-de,True,True,False,False,False,False,False,False,False,False,2022-12-02 15:04:30.383652+00:00,2022-12-02 15:04:30.383652+00:00
1598659806335799297,ukraine-de,True,True,False,False,False,False,False,False,False,False,2022-12-02 15:04:30.383532+00:00,2022-12-02 15:04:30.383532+00:00
1598659809120686080,ukraine-de,True,False,False,False,False,False,False,False,False,False,2022-12-02 15:04:30.426240+00:00,2022-12-02 15:04:30.426240+00:00
1598659815718277120,ukraine-de,True,True,False,False,False,False,False,False,False,False,2022-12-02 15:04:30.383432+00:00,2022-12-02 15:04:30.383432+00:00
1598659820743266305,ukraine-de,True,True,False,False,False,False,False,False,False,False,2022-12-02 15:04:30.383321+00:00,2022-12-02 15:04:30.383321+00:00
1598659828242677760,ukraine-de,True,True,False,False,False,False,False,False,False,False,2022-12-02 15:04:30.383203+00:00,2022-12-02 15:04:30.383203+00:00
1598659833359745029,ukraine-de,True,True,False,False,False,False,False,False,False,False,2022-12-02 15:04:30.383074+00:00,2022-12-02 15:04:30.383074+00:00
1598659838413885440,ukraine-de,True,True,False,False,False,False,False,False,False,False,2022-12-02 15:04:30.382914+00:00,2022-12-02 15:04:30.382914+00:00
1598659846676414464,ukraine-de,True,True,False,False,False,False,False,False,False,False,2022-12-02 15:04:30.382813+00:00,2022-12-02 15:04:30.382813+00:00
1598659859234316290,ukraine-de,True,True,False,False,False,False,False,False,False,False,2022-12-02 15:04:30.382712+00:00,2022-12-02 15:04:30.382712+00:00
1598659877479632898,ukraine-de,True,False,False,False,False,False,False,False,False,False,2022-12-02 15:04:30.424407+00:00,2022-12-02 15:04:30.424407+00:00
1598659896198762496,ukraine-de,True,True,False,False,False,False,False,False,False,False,2022-12-02 15:04:30.382608+00:00,2022-12-02 15:04:30.382608+00:00
1598659900074520577,ukraine-de,True,True,False,False,False,False,False,False,False,False,2022-12-02 15:04:30.382487+00:00,2022-12-02 15:04:30.382487+00:00
1598659930307047425,ukraine-de,True,True,False,False,False,False,False,False,False,False,2022-12-02 15:04:30.382259+00:00,2022-12-02 15:04:30.382259+00:00
1598659986879553538,ukraine-de,True,True,False,False,False,False,False,False,False,False,2022-12-02 15:01:30.388813+00:00,2022-12-02 15:04:30.382146+00:00
1598660004206239745,ukraine-de,True,True,False,False,False,False,False,False,False,False,2022-12-02 15:04:30.382040+00:00,2022-12-02 15:04:30.382040+00:00
1598660007876100096,ukraine-de,True,True,False,False,False,False,False,False,False,False,2022-12-02 15:04:30.381942+00:00,2022-12-02 15:04:30.381942+00:00
1598660019532300288,ukraine-de,True,True,False,False,False,False,False,False,False,False,2022-12-02 15:04:30.381843+00:00,2022-12-02 15:04:30.381843+00:00
1598660082538991616,ukraine-de,True,True,False,False,False,False,False,False,False,False,2022-12-02 15:01:05.650150+00:00,2022-12-02 15:04:30.381722+00:00
1598660104076795905,ukraine-de,True,True,False,False,False,False,False,False,False,False,2022-12-02 15:04:30.381623+00:00,2022-12-02 15:04:30.381623+00:00
1598660135647330304,ukraine-de,True,True,False,False,False,False,False,False,False,False,2022-12-02 15:04:30.381505+00:00,2022-12-02 15:04:30.381505+00:00
1598660156790816768,ukraine-de,True,True,False,False,False,False,False,False,False,False,2022-12-02 15:04:30.381409+00:00,2022-12-02 15:04:30.381409+00:00
1598660206057005056,ukraine-de,True,False,False,False,False,False,False,False,False,False,2022-12-02 22:35:17.186099+00:00,2022-12-02 22:35:17.186099+00:00
1598660211224584193,ukraine-de,True,False,False,False,False,False,False,False,False,False,2022-12-02 15:04:13.050656+00:00,2022-12-02 15:04:13.050656+00:00
1598660214441607169,ukraine-de,True,True,False,False,False,False,False,False,False,False,2022-12-02 15:04:30.381271+00:00,2022-12-02 15:04:30.381271+00:00
1598660226437324803,ukraine-de,True,True,False,False,False,False,False,False,False,False,2022-12-02 15:04:30.381163+00:00,2022-12-02 15:04:30.381163+00:00
1598660259152797696,ukraine-de,True,True,False,False,False,False,False,False,False,False,2022-12-02 15:04:30.381001+00:00,2022-12-02 15:04:30.381001+00:00
1598660293869043712,ukraine-de,True,True,False,False,False,False,False,False,False,False,2022-12-02 15:04:30.380804+00:00,2022-12-02 15:04:30.380804+00:00
1598660321446662145,ukraine-de,True,True,False,False,False,False,False,False,False,False,2022-12-02 15:04:30.380703+00:00,2022-12-02 15:04:30.380703+00:00
1598660351998009348,ukraine-de,True,True,False,False,False,False,False,False,False,False,2022-12-02 15:04:30.380583+00:00,2022-12-02 15:04:30.380583+00:00
1598660369454596096,ukraine-de,True,True,False,False,False,False,False,False,False,False,2022-12-02 15:04:30.380480+00:00,2022-12-02 15:04:30.380480+00:00
1598660369974792199,ukraine-de,True,False,False,False,False,False,False,False,False,False,2022-12-02 15:04:30.421706+00:00,2022-12-02 15:04:30.421706+00:00
1598660384319307778,ukraine-de,True,True,False,False,False,False,False,False,False,False,2022-12-02 15:04:30.380352+00:00,2022-12-02 15:04:30.380352+00:00
1598660385762148353,ukraine-de,True,True,False,False,False,False,False,False,False,False,2022-12-02 15:04:13.046674+00:00,2022-12-02 15:04:30.380246+00:00
1598660426824237056,ukraine-de,True,True,False,False,False,False,False,False,False,False,2022-12-02 15:04:30.379979+00:00,2022-12-02 15:04:30.379979+00:00
1598660429403652097,ukraine-de,True,True,False,False,False,False,False,False,False,False,2022-12-02 15:04:30.379877+00:00,2022-12-02 15:04:30.379877+00:00
1598660466934423553,ukraine-de,True,True,False,False,False,False,False,False,False,False,2022-12-02 15:04:30.379775+00:00,2022-12-02 15:04:30.379775+00:00
1598660477302804481,ukraine-de,True,False,False,False,False,False,False,False,False,False,2022-12-02 15:04:13.053001+00:00,2022-12-02 15:04:13.053001+00:00
1598660495891832832,ukraine-de,True,True,False,False,False,False,False,False,False,False,2022-12-02 15:01:05.634757+00:00,2022-12-02 15:04:30.379662+00:00
1598660539181400064,ukraine-de,True,True,False,False,False,False,False,False,False,False,2022-12-02 15:04:30.379563+00:00,2022-12-02 15:04:30.379563+00:00
1598660559070707718,ukraine-de,True,True,False,False,False,False,False,False,False,False,2022-12-02 15:04:30.379462+00:00,2022-12-02 15:04:30.379462+00:00
1598660595238182913,ukraine-de,True,True,False,False,False,False,False,False,False,False,2022-12-02 15:04:30.379360+00:00,2022-12-02 15:04:30.379360+00:00
1598660612027981824,ukraine-de,True,True,False,False,False,False,False,False,False,False,2022-12-02 15:04:30.379247+00:00,2022-12-02 15:04:30.379247+00:00
1598660617774288896,ukraine-de,True,True,False,False,False,False,False,False,False,False,2022-12-02 15:04:30.379120+00:00,2022-12-02 15:04:30.379120+00:00
1598660625013493760,ukraine-de,True,True,False,False,False,False,False,False,False,False,2022-12-02 15:04:30.379019+00:00,2022-12-02 15:04:30.379019+00:00
1598660626460680192,ukraine-de,True,True,False,False,False,False,False,False,False,False,2022-12-02 15:04:30.378907+00:00,2022-12-02 15:04:30.378907+00:00
1598660634819891203,ukraine-de,True,True,False,False,False,False,False,False,False,False,2022-12-02 15:04:30.378805+00:00,2022-12-02 15:04:30.378805+00:00
1598660638410162176,ukraine-de,True,True,False,False,False,False,False,False,False,False,2022-12-02 15:04:30.378680+00:00,2022-12-02 15:04:30.378680+00:00
1598660638712250368,ukraine-de,True,True,False,False,False,False,False,False,False,False,2022-12-02 15:04:30.378576+00:00,2022-12-02 15:04:30.378576+00:00
1598660673738870785,ukraine-de,True,True,False,False,False,False,False,False,False,False,2022-12-02 15:04:30.378474+00:00,2022-12-02 15:04:30.378474+00:00
1598660677018583042,ukraine-de,True,False,False,False,False,False,False,False,False,False,2022-12-02 15:04:13.026484+00:00,2022-12-02 15:04:13.026484+00:00
1598660679132651524,ukraine-de,True,True,False,False,False,False,False,False,False,False,2022-12-02 15:01:05.652313+00:00,2022-12-02 15:04:30.378369+00:00
1598660692256509953,ukraine-de,True,True,False,False,False,False,False,False,False,False,2022-12-02 15:04:30.378243+00:00,2022-12-02 15:04:30.378243+00:00
1598660695536857089,ukraine-de,True,True,False,False,False,False,False,False,False,False,2022-12-02 15:04:30.378117+00:00,2022-12-02 15:04:30.378117+00:00
1598660695683465216,ukraine-de,True,True,False,False,False,False,False,False,False,False,2022-12-02 15:04:30.377899+00:00,2022-12-02 15:04:30.377899+00:00
1598660708064968705,ukraine-de,True,True,False,False,False,False,False,False,False,False,2022-12-02 15:04:30.377756+00:00,2022-12-02 15:04:30.377756+00:00
1598660709541462016,ukraine-de,True,True,False,False,False,False,False,False,False,False,2022-12-02 15:04:30.376857+00:00,2022-12-02 15:04:30.376857+00:00
1598660725291077632,ukraine-de,True,True,False,False,False,False,False,False,False,False,2022-12-02 15:04:30.376734+00:00,2022-12-02 15:04:30.376734+00:00
1598660741770498049,ukraine-de,True,True,False,False,False,False,False,False,False,False,2022-12-02 15:04:30.376631+00:00,2022-12-02 15:04:30.376631+00:00
1598660748279836677,ukraine-de,True,True,False,False,False,False,False,False,False,False,2022-12-02 15:04:30.376513+00:00,2022-12-02 15:04:30.376513+00:00
1598660754630025218,ukraine-de,True,True,False,False,False,False,False,False,False,False,2022-12-02 15:01:30.395078+00:00,2022-12-02 15:04:30.376411+00:00
1598660761668263937,ukraine-de,True,True,False,False,False,False,False,False,False,False,2022-12-02 15:04:30.376292+00:00,2022-12-02 15:04:30.376292+00:00
1598660764717514752,ukraine-de,True,True,False,False,False,False,False,False,False,False,2022-12-02 15:04:30.376191+00:00,2022-12-02 15:04:30.376191+00:00
1598660775299653632,ukraine-de,True,True,False,False,False,False,False,False,False,False,2022-12-02 15:04:30.376073+00:00,2022-12-02 15:04:30.376073+00:00
1598660778281820160,ukraine-de,True,True,False,False,False,False,False,False,False,False,2022-12-02 15:04:30.375953+00:00,2022-12-02 15:04:30.375953+00:00
1598660778600579072,ukraine-de,True,True,False,False,False,False,False,False,False,False,2022-12-02 15:04:30.375851+00:00,2022-12-02 15:04:30.375851+00:00
1598660778978148353,ukraine-de,True,True,False,False,False,False,False,False,False,False,2022-12-02 15:04:30.375747+00:00,2022-12-02 15:04:30.375747+00:00
1598660780315987968,ukraine-de,True,False,False,False,False,False,False,False,False,False,2022-12-02 15:04:13.050007+00:00,2022-12-02 15:04:13.050007+00:00
1598660788096483328,ukraine-de,True,True,False,False,False,False,False,False,False,False,2022-12-02 15:04:30.375627+00:00,2022-12-02 15:04:30.375627+00:00
1598660791334494208,ukraine-de,True,True,False,False,False,False,False,False,False,False,2022-12-02 15:04:30.375525+00:00,2022-12-02 15:04:30.375525+00:00
1598660805716635648,ukraine-de,True,True,False,False,False,False,False,False,False,False,2022-12-02 15:04:30.375419+00:00,2022-12-02 15:04:30.375419+00:00
1598660825387917312,ukraine-de,True,True,False,False,False,False,False,False,False,False,2022-12-02 15:04:30.375245+00:00,2022-12-02 15:04:30.375245+00:00
1598660825698508802,ukraine-de,True,True,False,False,False,False,False,False,False,False,2022-12-02 15:04:30.375122+00:00,2022-12-02 15:04:30.375122+00:00
1598660879641325568,ukraine-de,True,True,False,False,False,False,False,False,False,False,2022-12-02 15:04:30.374999+00:00,2022-12-02 15:04:30.374999+00:00
1598660888545955840,ukraine-de,True,True,False,False,False,False,False,False,False,False,2022-12-02 15:04:30.374819+00:00,2022-12-02 15:04:30.374819+00:00
1598660891259510784,ukraine-de,True,True,False,False,False,False,False,False,False,False,2022-12-02 15:04:30.374696+00:00,2022-12-02 15:04:30.374696+00:00
1598660892144574464,ukraine-de,True,True,False,False,False,False,False,False,False,False,2022-12-02 15:04:30.374588+00:00,2022-12-02 15:04:30.374588+00:00
1598660907755864070,ukraine-de,True,True,False,False,False,False,False,False,False,False,2022-12-02 15:04:30.374380+00:00,2022-12-02 15:04:30.374380+00:00
1598660908137447425,ukraine-de,True,True,False,False,False,False,False,False,False,False,2022-12-02 15:04:30.374279+00:00,2022-12-02 15:04:30.374279+00:00
1598660923647852544,ukraine-de,True,True,False,False,False,False,False,False,False,False,2022-12-02 15:04:30.374178+00:00,2022-12-02 15:04:30.374178+00:00
1598660935551533056,ukraine-de,True,True,False,False,False,False,False,False,False,False,2022-12-02 15:04:30.374077+00:00,2022-12-02 15:04:30.374077+00:00
1598660938848260096,ukraine-de,True,True,False,False,False,False,False,False,False,False,2022-12-02 15:04:30.373977+00:00,2022-12-02 15:04:30.373977+00:00
1598660943449411586,ukraine-de,True,True,False,False,False,False,False,False,False,False,2022-12-02 15:04:30.373877+00:00,2022-12-02 15:04:30.373877+00:00
1598660949333880832,ukraine-de,True,True,False,False,False,False,False,False,False,False,2022-12-02 15:04:30.373774+00:00,2022-12-02 15:04:30.373774+00:00
1598660966576791555,ukraine-de,True,True,False,False,False,False,False,False,False,False,2022-12-02 15:01:05.638549+00:00,2022-12-02 15:04:30.373670+00:00
1598660975103574016,ukraine-de,True,True,False,False,False,False,False,False,False,False,2022-12-02 15:04:30.373525+00:00,2022-12-02 15:04:30.373525+00:00
1598660981730721792,ukraine-de,True,True,False,False,False,False,False,False,False,False,2022-12-02 15:04:30.373426+00:00,2022-12-02 15:04:30.373426+00:00
1598661016644386816,ukraine-de,True,True,False,False,False,False,False,False,False,False,2022-12-02 15:01:05.651880+00:00,2022-12-02 15:04:30.373326+00:00
1598661031164841984,ukraine-de,True,True,False,False,False,False,False,False,False,False,2022-12-02 15:04:30.373204+00:00,2022-12-02 15:04:30.373204+00:00
1598661040119611393,ukraine-de,True,True,False,False,False,False,False,False,False,False,2022-12-02 15:04:30.373070+00:00,2022-12-02 15:04:30.373070+00:00
1598661075611791360,ukraine-de,True,True,False,False,False,False,False,False,False,False,2022-12-02 15:04:30.372959+00:00,2022-12-02 15:04:30.372959+00:00
1598661094322511872,ukraine-de,True,True,False,False,False,False,False,False,False,False,2022-12-02 15:04:30.372799+00:00,2022-12-02 15:04:30.372799+00:00
1598661111477248000,ukraine-de,True,True,False,False,False,False,False,False,False,False,2022-12-02 15:04:30.372684+00:00,2022-12-02 15:04:30.372684+00:00
1598661114119725056,ukraine-de,True,True,False,False,False,False,False,False,False,False,2022-12-02 15:04:30.372582+00:00,2022-12-02 15:04:30.372582+00:00
1598661122198061057,ukraine-de,True,False,False,False,False,False,False,False,False,False,2022-12-02 15:04:13.057560+00:00,2022-12-02 15:04:13.057560+00:00
1598661123154141185,ukraine-de,True,True,False,False,False,False,False,False,False,False,2022-12-02 15:04:30.372452+00:00,2022-12-02 15:04:30.372452+00:00
1598661125159149568,ukraine-de,True,False,False,False,False,False,False,False,False,False,2022-12-02 15:01:05.653156+00:00,2022-12-02 15:01:05.653156+00:00
1598661141504397312,ukraine-de,True,True,False,False,False,False,False,False,False,False,2022-12-02 15:04:30.372334+00:00,2022-12-02 15:04:30.372334+00:00
1598661150090350596,ukraine-de,True,True,False,False,False,False,False,False,False,False,2022-12-02 15:04:30.372221+00:00,2022-12-02 15:04:30.372221+00:00
1598661174459043842,ukraine-de,True,True,False,False,False,False,False,False,False,False,2022-12-02 15:01:30.399121+00:00,2022-12-02 15:04:30.372103+00:00
1598661200077676545,ukraine-de,True,True,False,False,False,False,False,False,False,False,2022-12-02 15:04:30.371985+00:00,2022-12-02 15:04:30.371985+00:00
1598661207707324416,ukraine-de,True,True,False,False,False,False,False,False,False,False,2022-12-02 15:04:30.371882+00:00,2022-12-02 15:04:30.371882+00:00
1598661272899395585,ukraine-de,True,True,False,False,False,False,False,False,False,False,2022-12-02 15:04:30.371755+00:00,2022-12-02 15:04:30.371755+00:00
1598661289219440640,ukraine-de,True,True,False,False,False,False,False,False,False,False,2022-12-02 15:04:30.371655+00:00,2022-12-02 15:04:30.371655+00:00
1598661290511278082,ukraine-de,True,True,False,False,False,False,False,False,False,False,2022-12-02 15:04:30.371554+00:00,2022-12-02 15:04:30.371554+00:00
1598661299499573249,ukraine-de,True,True,False,False,False,False,False,False,False,False,2022-12-02 15:04:30.371452+00:00,2022-12-02 15:04:30.371452+00:00
1598661320315904001,ukraine-de,True,True,False,False,False,False,False,False,False,False,2022-12-02 15:04:30.371277+00:00,2022-12-02 15:04:30.371277+00:00
1598661335989907456,ukraine-de,True,True,False,False,False,False,False,False,False,False,2022-12-02 15:04:30.371176+00:00,2022-12-02 15:04:30.371176+00:00
1598661410887639040,ukraine-de,True,True,False,False,False,False,False,False,False,False,2022-12-02 15:04:30.371065+00:00,2022-12-02 15:04:30.371065+00:00
1598661441673990145,ukraine-de,True,True,False,False,False,False,False,False,False,False,2022-12-02 15:04:30.370793+00:00,2022-12-02 15:04:30.370793+00:00
1598661452432375808,ukraine-de,True,True,False,False,False,False,False,False,False,False,2022-12-02 15:01:05.656669+00:00,2022-12-02 15:04:30.370644+00:00
1598661463861870595,ukraine-de,True,True,False,False,False,False,False,False,False,False,2022-12-02 15:04:30.370527+00:00,2022-12-02 15:04:30.370527+00:00
1598661494379520003,ukraine-de,True,True,False,False,False,False,False,False,False,False,2022-12-02 15:04:30.370426+00:00,2022-12-02 15:04:30.370426+00:00
1598661509978152964,ukraine-de,True,True,False,False,False,False,False,False,False,False,2022-12-02 15:04:30.370316+00:00,2022-12-02 15:04:30.370316+00:00
1598661558305017859,ukraine-de,True,True,False,False,False,False,False,False,False,False,2022-12-02 15:04:30.370217+00:00,2022-12-02 15:04:30.370217+00:00
1598661559118491648,ukraine-de,True,True,False,False,False,False,False,False,False,False,2022-12-02 15:04:30.370119+00:00,2022-12-02 15:04:30.370119+00:00
1598661567972876288,ukraine-de,True,True,False,False,False,False,False,False,False,False,2022-12-02 15:04:30.370017+00:00,2022-12-02 15:04:30.370017+00:00
1598661582762000386,ukraine-de,True,True,False,False,False,False,False,False,False,False,2022-12-02 15:04:30.369913+00:00,2022-12-02 15:04:30.369913+00:00
1598661595369971713,ukraine-de,True,True,False,False,False,False,False,False,False,False,2022-12-02 15:04:30.369716+00:00,2022-12-02 15:04:30.369716+00:00
1598661616949673985,ukraine-de,True,True,False,False,False,False,False,False,False,False,2022-12-02 15:04:30.369573+00:00,2022-12-02 15:04:30.369573+00:00
1598661659635044354,ukraine-de,True,True,False,False,False,False,False,False,False,False,2022-12-02 15:01:05.634245+00:00,2022-12-02 15:04:30.369469+00:00
1598661670414520322,ukraine-de,True,True,False,False,False,False,False,False,False,False,2022-12-02 15:04:30.369344+00:00,2022-12-02 15:04:30.369344+00:00
1598661672998150144,ukraine-de,True,True,False,False,False,False,False,False,False,False,2022-12-02 15:04:30.369241+00:00,2022-12-02 15:04:30.369241+00:00
1598661715398475777,ukraine-de,True,True,False,False,False,False,False,False,False,False,2022-12-02 15:04:30.369075+00:00,2022-12-02 15:04:30.369075+00:00
1598661717457883143,ukraine-de,True,True,False,False,False,False,False,False,False,False,2022-12-02 15:04:30.368974+00:00,2022-12-02 15:04:30.368974+00:00
1598661730342780928,ukraine-de,True,True,False,False,False,False,False,False,False,False,2022-12-02 15:04:30.368864+00:00,2022-12-02 15:04:30.368864+00:00
1598661733975035907,ukraine-de,True,True,False,False,False,False,False,False,False,False,2022-12-02 15:04:30.368763+00:00,2022-12-02 15:04:30.368763+00:00
1598661737636679684,ukraine-de,True,True,False,False,False,False,False,False,False,False,2022-12-02 15:04:30.368661+00:00,2022-12-02 15:04:30.368661+00:00
1598661748504121344,ukraine-de,True,True,False,False,False,False,False,False,False,False,2022-12-02 15:04:30.368558+00:00,2022-12-02 15:04:30.368558+00:00
1598661758306193409,ukraine-de,True,True,False,False,False,False,False,False,False,False,2022-12-02 15:04:30.368438+00:00,2022-12-02 15:04:30.368438+00:00
1598661764169797632,ukraine-de,True,True,False,False,False,False,False,False,False,False,2022-12-02 15:04:30.368337+00:00,2022-12-02 15:04:30.368337+00:00
1598661787519516679,ukraine-de,True,True,False,False,False,False,False,False,False,False,2022-12-02 15:04:30.368234+00:00,2022-12-02 15:04:30.368234+00:00
1598661789004304387,ukraine-de,True,True,False,False,False,False,False,False,False,False,2022-12-02 15:04:30.368124+00:00,2022-12-02 15:04:30.368124+00:00
1598661791051137027,ukraine-de,True,True,False,False,False,False,False,False,False,False,2022-12-02 15:04:30.367916+00:00,2022-12-02 15:04:30.367916+00:00
1598661854586408961,ukraine-de,True,True,False,False,False,False,False,False,False,False,2022-12-02 15:04:30.367779+00:00,2022-12-02 15:04:30.367779+00:00
1598661865168478208,ukraine-de,True,True,False,False,False,False,False,False,False,False,2022-12-02 15:04:30.367508+00:00,2022-12-02 15:04:30.367508+00:00
1598661874534473730,ukraine-de,True,True,False,False,False,False,False,False,False,False,2022-12-02 15:04:30.367400+00:00,2022-12-02 15:04:30.367400+00:00
1598661905945485312,ukraine-de,True,True,False,False,False,False,False,False,False,False,2022-12-02 15:04:30.367224+00:00,2022-12-02 15:04:30.367224+00:00
1598661913394692101,ukraine-de,True,True,False,False,False,False,False,False,False,False,2022-12-02 15:04:30.367102+00:00,2022-12-02 15:04:30.367102+00:00
1598661923368828929,ukraine-de,True,False,False,False,False,False,False,False,False,False,2022-12-03 11:05:57.667320+00:00,2022-12-03 11:05:57.667320+00:00
1598661933632192512,ukraine-de,True,True,False,False,False,False,False,False,False,False,2022-12-02 15:04:30.366978+00:00,2022-12-02 15:04:30.366978+00:00
1598662012506103810,ukraine-de,True,False,False,False,False,False,False,False,False,False,2022-12-02 15:04:30.421032+00:00,2022-12-02 15:04:30.421032+00:00
1598662048107331584,ukraine-de,True,True,False,False,False,False,False,False,False,False,2022-12-02 15:04:30.366813+00:00,2022-12-02 15:04:30.366813+00:00
1598662058765176833,ukraine-de,True,True,False,False,False,False,False,False,False,False,2022-12-02 15:04:30.366693+00:00,2022-12-02 15:04:30.366693+00:00
1598662059406901251,ukraine-de,True,True,False,False,False,False,False,False,False,False,2022-12-02 15:04:30.366578+00:00,2022-12-02 15:04:30.366578+00:00
1598662071406632960,ukraine-de,True,True,False,False,False,False,False,False,False,False,2022-12-02 15:04:30.366478+00:00,2022-12-02 15:04:30.366478+00:00
1598662123105697796,ukraine-de,True,False,False,False,False,False,False,False,False,False,2022-12-02 15:04:30.417501+00:00,2022-12-02 15:04:30.417501+00:00
1598662128961048576,ukraine-de,True,True,False,False,False,False,False,False,False,False,2022-12-02 15:04:30.366378+00:00,2022-12-02 15:04:30.366378+00:00
1598662157163704321,ukraine-de,True,True,False,False,False,False,False,False,False,False,2022-12-02 15:04:30.366276+00:00,2022-12-02 15:04:30.366276+00:00
1598662158027739136,ukraine-de,True,True,False,False,False,False,False,False,False,False,2022-12-02 15:04:30.366158+00:00,2022-12-02 15:04:30.366158+00:00
1598662159373930499,ukraine-de,True,True,False,False,False,False,False,False,False,False,2022-12-02 15:04:30.366041+00:00,2022-12-02 15:04:30.366041+00:00
1598662166420365312,ukraine-de,True,True,False,False,False,False,False,False,False,False,2022-12-02 15:04:30.365941+00:00,2022-12-02 15:04:30.365941+00:00
1598662168165203968,ukraine-de,True,True,False,False,False,False,False,False,False,False,2022-12-02 15:04:30.365822+00:00,2022-12-02 15:04:30.365822+00:00
1598662242467299330,ukraine-de,True,True,False,False,False,False,False,False,False,False,2022-12-02 15:04:30.365719+00:00,2022-12-02 15:04:30.365719+00:00
1598662275551961090,ukraine-de,True,True,False,False,False,False,False,False,False,False,2022-12-02 15:04:30.365578+00:00,2022-12-02 15:04:30.365578+00:00
1598662276780883968,ukraine-de,True,True,False,False,False,False,False,False,False,False,2022-12-02 15:04:30.365475+00:00,2022-12-02 15:04:30.365475+00:00
1598662296586240001,ukraine-de,True,True,False,False,False,False,False,False,False,False,2022-12-02 15:04:30.365371+00:00,2022-12-02 15:04:30.365371+00:00
1598662305335713796,ukraine-de,True,True,False,False,False,False,False,False,False,False,2022-12-02 15:04:30.365266+00:00,2022-12-02 15:04:30.365266+00:00
1598662308129013760,ukraine-de,True,True,False,False,False,False,False,False,False,False,2022-12-02 15:04:30.365131+00:00,2022-12-02 15:04:30.365131+00:00
1598662315007672322,ukraine-de,True,True,False,False,False,False,False,False,False,False,2022-12-02 15:04:30.365030+00:00,2022-12-02 15:04:30.365030+00:00
1598662331810160641,ukraine-de,True,True,False,False,False,False,False,False,False,False,2022-12-02 15:04:30.364910+00:00,2022-12-02 15:04:30.364910+00:00
1598662344749498368,ukraine-de,True,True,False,False,False,False,False,False,False,False,2022-12-02 15:04:30.364810+00:00,2022-12-02 15:04:30.364810+00:00
1598662365553168384,ukraine-de,True,True,False,False,False,False,False,False,False,False,2022-12-02 15:04:30.364708+00:00,2022-12-02 15:04:30.364708+00:00
1598662382947106817,ukraine-de,True,True,False,False,False,False,False,False,False,False,2022-12-02 15:04:30.364606+00:00,2022-12-02 15:04:30.364606+00:00
1598662399195721729,ukraine-de,True,True,False,False,False,False,False,False,False,False,2022-12-02 15:04:30.364504+00:00,2022-12-02 15:04:30.364504+00:00
1598662400554704898,ukraine-de,True,True,False,False,False,False,False,False,False,False,2022-12-02 15:04:30.364402+00:00,2022-12-02 15:04:30.364402+00:00
1598662412152045570,ukraine-de,True,True,False,False,False,False,False,False,False,False,2022-12-02 15:04:30.364299+00:00,2022-12-02 15:04:30.364299+00:00
1598662415352270848,ukraine-de,True,True,False,False,False,False,False,False,False,False,2022-12-02 15:04:30.364183+00:00,2022-12-02 15:04:30.364183+00:00
1598662425556897792,ukraine-de,True,True,False,False,False,False,False,False,False,False,2022-12-02 15:04:30.364064+00:00,2022-12-02 15:04:30.364064+00:00
1598662426085449728,ukraine-de,True,True,False,False,False,False,False,False,False,False,2022-12-02 15:04:30.363956+00:00,2022-12-02 15:04:30.363956+00:00
1598662435904299008,ukraine-de,True,True,False,False,False,False,False,False,False,False,2022-12-02 15:04:30.363807+00:00,2022-12-02 15:04:30.363807+00:00
1598662477750730752,ukraine-de,True,False,False,False,False,False,False,False,False,False,2022-12-02 15:04:13.053717+00:00,2022-12-02 15:04:13.053717+00:00
1598662479634223107,ukraine-de,True,True,False,False,False,False,False,False,False,False,2022-12-02 15:04:30.363706+00:00,2022-12-02 15:04:30.363706+00:00
1598662514144731136,ukraine-de,True,True,False,False,False,False,False,False,False,False,2022-12-02 15:04:30.363604+00:00,2022-12-02 15:04:30.363604+00:00
1598662526098870272,ukraine-de,True,True,False,False,False,False,False,False,False,False,2022-12-02 15:04:30.363480+00:00,2022-12-02 15:04:30.363480+00:00
1598662537293225986,ukraine-de,True,True,False,False,False,False,False,False,False,False,2022-12-02 15:04:30.363341+00:00,2022-12-02 15:04:30.363341+00:00
1598662571002777601,ukraine-de,True,False,False,False,False,False,False,False,False,False,2022-12-02 19:50:36.490833+00:00,2022-12-02 19:50:36.490833+00:00
1598662614531325952,ukraine-de,True,True,False,False,False,False,False,False,False,False,2022-12-02 15:04:30.363143+00:00,2022-12-02 15:04:30.363143+00:00
1598662618054623232,ukraine-de,True,True,False,False,False,False,False,False,False,False,2022-12-02 15:04:30.363020+00:00,2022-12-02 15:04:30.363020+00:00
1598662660308045824,ukraine-de,True,True,False,False,False,False,False,False,False,False,2022-12-02 15:04:30.362770+00:00,2022-12-02 15:04:30.362770+00:00
1598662664409989125,ukraine-de,True,True,False,False,False,False,False,False,False,False,2022-12-02 15:04:30.362667+00:00,2022-12-02 15:04:30.362667+00:00
1598662698178338816,ukraine-de,True,True,False,False,False,False,False,False,False,False,2022-12-02 15:04:30.362555+00:00,2022-12-02 15:04:30.362555+00:00
1598662699491131392,ukraine-de,True,True,False,False,False,False,False,False,False,False,2022-12-02 15:04:30.362454+00:00,2022-12-02 15:04:30.362454+00:00
1598662731103719424,ukraine-de,True,True,False,False,False,False,False,False,False,False,2022-12-02 15:04:30.362350+00:00,2022-12-02 15:04:30.362350+00:00
1598662785658802176,ukraine-de,True,True,False,False,False,False,False,False,False,False,2022-12-02 15:04:30.362226+00:00,2022-12-02 15:04:30.362226+00:00
1598662808526282754,ukraine-de,True,True,False,False,False,False,False,False,False,False,2022-12-02 15:04:30.362125+00:00,2022-12-02 15:04:30.362125+00:00
1598662810287865858,ukraine-de,True,True,False,False,False,False,False,False,False,False,2022-12-02 15:04:30.362014+00:00,2022-12-02 15:04:30.362014+00:00
1598662840747003909,ukraine-de,True,True,False,False,False,False,False,False,False,False,2022-12-02 15:04:30.361914+00:00,2022-12-02 15:04:30.361914+00:00
1598662847180918784,ukraine-de,True,True,False,False,False,False,False,False,False,False,2022-12-02 15:04:30.361812+00:00,2022-12-02 15:04:30.361812+00:00
1598662892844367876,ukraine-de,True,True,False,False,False,False,False,False,False,False,2022-12-02 15:04:30.361702+00:00,2022-12-02 15:04:30.361702+00:00
1598662899131613185,ukraine-de,True,True,False,False,False,False,False,False,False,False,2022-12-02 15:01:30.402310+00:00,2022-12-02 15:04:30.361578+00:00
1598662915967574017,ukraine-de,True,False,False,False,False,False,False,False,False,False,2022-12-02 15:04:13.053812+00:00,2022-12-02 15:04:13.053812+00:00
1598662923911663616,ukraine-de,True,True,False,False,False,False,False,False,False,False,2022-12-02 15:04:30.361459+00:00,2022-12-02 15:04:30.361459+00:00
1598662928324087811,ukraine-de,True,True,False,False,False,False,False,False,False,False,2022-12-02 15:04:30.361343+00:00,2022-12-02 15:04:30.361343+00:00
1598663043117813761,ukraine-de,True,True,False,False,False,False,False,False,False,False,2022-12-02 15:04:30.361243+00:00,2022-12-02 15:04:30.361243+00:00
1598663050223050753,ukraine-de,True,True,False,False,False,False,False,False,False,False,2022-12-02 15:04:30.361135+00:00,2022-12-02 15:04:30.361135+00:00
1598663055189381122,ukraine-de,True,True,False,False,False,False,False,False,False,False,2022-12-02 15:04:30.361036+00:00,2022-12-02 15:04:30.361036+00:00
1598663059622354947,ukraine-de,True,True,False,False,False,False,False,False,False,False,2022-12-02 15:04:30.360936+00:00,2022-12-02 15:04:30.360936+00:00
1598663060301832195,ukraine-de,True,True,False,False,False,False,False,False,False,False,2022-12-02 15:04:13.058266+00:00,2022-12-02 15:04:30.360836+00:00
1598663071379095553,ukraine-de,True,True,False,False,False,False,False,False,False,False,2022-12-02 15:04:30.360735+00:00,2022-12-02 15:04:30.360735+00:00
1598663114530050048,ukraine-de,True,True,False,False,False,False,False,False,False,False,2022-12-02 15:04:30.360626+00:00,2022-12-02 15:04:30.360626+00:00
1598663137367969792,ukraine-de,True,True,False,False,False,False,False,False,False,False,2022-12-02 15:04:30.360524+00:00,2022-12-02 15:04:30.360524+00:00
1598663148126539777,ukraine-de,True,True,False,False,False,False,False,False,False,False,2022-12-02 15:04:30.360422+00:00,2022-12-02 15:04:30.360422+00:00
1598663159254073344,ukraine-de,True,True,False,False,False,False,False,False,False,False,2022-12-02 15:04:30.360321+00:00,2022-12-02 15:04:30.360321+00:00
1598663173007196161,ukraine-de,True,True,False,False,False,False,False,False,False,False,2022-12-02 15:04:30.360203+00:00,2022-12-02 15:04:30.360203+00:00
1598663188438040576,ukraine-de,True,True,False,False,False,False,False,False,False,False,2022-12-02 15:04:30.360104+00:00,2022-12-02 15:04:30.360104+00:00
1598663204615426048,ukraine-de,True,True,False,False,False,False,False,False,False,False,2022-12-02 15:04:30.360005+00:00,2022-12-02 15:04:30.360005+00:00
1598663205383012352,ukraine-de,True,True,False,False,False,False,False,False,False,False,2022-12-02 15:04:30.359904+00:00,2022-12-02 15:04:30.359904+00:00
1598663246176583681,ukraine-de,True,True,False,False,False,False,False,False,False,False,2022-12-02 15:01:05.645925+00:00,2022-12-02 15:04:30.359800+00:00
1598663247619571712,ukraine-de,True,True,False,False,False,False,False,False,False,False,2022-12-02 15:04:30.359685+00:00,2022-12-02 15:04:30.359685+00:00
1598663271179079680,ukraine-de,True,False,False,False,False,False,False,False,False,False,2022-12-03 03:40:14.817923+00:00,2022-12-03 03:40:14.817923+00:00
1598663274224144386,ukraine-de,True,True,False,False,False,False,False,False,False,False,2022-12-02 15:04:30.359582+00:00,2022-12-02 15:04:30.359582+00:00
1598663276535156737,ukraine-de,True,True,False,False,False,False,False,False,False,False,2022-12-02 15:04:30.359476+00:00,2022-12-02 15:04:30.359476+00:00
1598663276694568965,ukraine-de,True,True,False,False,False,False,False,False,False,False,2022-12-02 15:04:30.359347+00:00,2022-12-02 15:04:30.359347+00:00
1598663278116364288,ukraine-de,True,True,False,False,False,False,False,False,False,False,2022-12-02 15:04:30.359102+00:00,2022-12-02 15:04:30.359102+00:00
1598663278565027840,ukraine-de,True,False,False,False,False,False,False,False,False,False,2022-12-03 08:10:16.232223+00:00,2022-12-03 08:10:16.232223+00:00
1598663306570514432,ukraine-de,True,True,False,False,False,False,False,False,False,False,2022-12-02 15:04:30.358979+00:00,2022-12-02 15:04:30.358979+00:00
1598663307585519616,ukraine-de,True,False,False,False,False,False,False,False,False,False,2022-12-02 15:04:30.417406+00:00,2022-12-02 15:04:30.417406+00:00
1598663310253006848,ukraine-de,True,True,False,False,False,False,False,False,False,False,2022-12-02 15:01:30.389523+00:00,2022-12-02 15:04:30.358803+00:00
1598663326048845827,ukraine-de,True,True,False,False,False,False,False,False,False,False,2022-12-02 15:04:30.358702+00:00,2022-12-02 15:04:30.358702+00:00
1598663327151964161,ukraine-de,True,True,False,False,False,False,False,False,False,False,2022-12-02 15:04:30.358601+00:00,2022-12-02 15:04:30.358601+00:00
1598663347242766337,ukraine-de,True,True,False,False,False,False,False,False,False,False,2022-12-02 15:04:30.358499+00:00,2022-12-02 15:04:30.358499+00:00
1598663359674695680,ukraine-de,True,True,False,False,False,False,False,False,False,False,2022-12-02 15:04:30.358396+00:00,2022-12-02 15:04:30.358396+00:00
1598663377592754176,ukraine-de,True,True,False,False,False,False,False,False,False,False,2022-12-02 15:04:30.358260+00:00,2022-12-02 15:04:30.358260+00:00
1598663407493910529,ukraine-de,True,False,False,False,False,False,False,False,False,False,2022-12-02 15:01:30.389878+00:00,2022-12-02 15:01:30.389878+00:00
1598663428184297472,ukraine-de,True,True,False,False,False,False,False,False,False,False,2022-12-02 15:04:30.358160+00:00,2022-12-02 15:04:30.358160+00:00
1598663432370356226,ukraine-de,True,True,False,False,False,False,False,False,False,False,2022-12-02 15:04:30.358055+00:00,2022-12-02 15:04:30.358055+00:00
1598663452347736066,ukraine-de,True,True,False,False,False,False,False,False,False,False,2022-12-02 15:04:30.357923+00:00,2022-12-02 15:04:30.357923+00:00
1598663480567267328,ukraine-de,True,True,False,False,False,False,False,False,False,False,2022-12-02 15:04:30.357705+00:00,2022-12-02 15:04:30.357705+00:00
1598663487844032512,ukraine-de,True,True,False,False,False,False,False,False,False,False,2022-12-02 15:04:30.357582+00:00,2022-12-02 15:04:30.357582+00:00
1598663510359154688,ukraine-de,True,True,False,False,False,False,False,False,False,False,2022-12-02 15:01:30.387137+00:00,2022-12-02 15:04:30.357481+00:00
1598663518705881089,ukraine-de,True,True,False,False,False,False,False,False,False,False,2022-12-02 15:04:30.357361+00:00,2022-12-02 15:04:30.357361+00:00
1598663531876200448,ukraine-de,True,True,False,False,False,False,False,False,False,False,2022-12-02 15:04:30.357250+00:00,2022-12-02 15:04:30.357250+00:00
1598663534971265024,ukraine-de,True,True,False,False,False,False,False,False,False,False,2022-12-02 15:04:30.357146+00:00,2022-12-02 15:04:30.357146+00:00
1598663554596495363,ukraine-de,True,True,False,False,False,False,False,False,False,False,2022-12-02 15:04:30.357041+00:00,2022-12-02 15:04:30.357041+00:00
1598663556010057729,ukraine-de,True,True,False,False,False,False,False,False,False,False,2022-12-02 15:04:13.061120+00:00,2022-12-02 15:04:30.356919+00:00
1598663568995586048,ukraine-de,True,True,False,False,False,False,False,False,False,False,2022-12-02 15:04:30.356782+00:00,2022-12-02 15:04:30.356782+00:00
1598663572812230656,ukraine-de,True,False,False,False,False,False,False,False,False,False,2022-12-02 19:50:17.515811+00:00,2022-12-02 19:50:17.515811+00:00
1598663581574123521,ukraine-de,True,True,False,False,False,False,False,False,False,False,2022-12-02 15:04:30.356672+00:00,2022-12-02 15:04:30.356672+00:00
1598663602680041475,ukraine-de,True,True,False,False,False,False,False,False,False,False,2022-12-02 15:04:30.356570+00:00,2022-12-02 15:04:30.356570+00:00
1598663628034449408,ukraine-de,True,True,False,False,False,False,False,False,False,False,2022-12-02 15:04:30.356467+00:00,2022-12-02 15:04:30.356467+00:00
1598663643566145537,ukraine-de,True,True,False,False,False,False,False,False,False,False,2022-12-02 15:04:30.356364+00:00,2022-12-02 15:04:30.356364+00:00
1598663651203883008,ukraine-de,True,True,False,False,False,False,False,False,False,False,2022-12-02 15:04:30.356258+00:00,2022-12-02 15:04:30.356258+00:00
1598663667490246656,ukraine-de,True,True,False,False,False,False,False,False,False,False,2022-12-02 15:04:30.356148+00:00,2022-12-02 15:04:30.356148+00:00
1598663712625262592,ukraine-de,True,True,False,False,False,False,False,False,False,False,2022-12-02 15:04:30.355976+00:00,2022-12-02 15:04:30.355976+00:00
1598663737963069441,ukraine-de,True,True,False,False,False,False,False,False,False,False,2022-12-02 15:04:30.355480+00:00,2022-12-02 15:04:30.355480+00:00
1598663764827594753,ukraine-de,True,True,False,False,False,False,False,False,False,False,2022-12-02 15:04:30.355229+00:00,2022-12-02 15:04:30.355229+00:00
1598663768099229697,ukraine-de,True,True,False,False,False,False,False,False,False,False,2022-12-02 15:04:30.355128+00:00,2022-12-02 15:04:30.355128+00:00
1598663775950970882,ukraine-de,True,False,False,False,False,False,False,False,False,False,2022-12-02 15:04:13.060086+00:00,2022-12-02 15:04:13.060086+00:00
1598663785409126401,ukraine-de,True,True,False,False,False,False,False,False,False,False,2022-12-02 15:04:30.355023+00:00,2022-12-02 15:04:30.355023+00:00
1598663789129486338,ukraine-de,True,True,False,False,False,False,False,False,False,False,2022-12-02 15:04:30.354899+00:00,2022-12-02 15:04:30.354899+00:00
1598663798411341824,ukraine-de,True,False,False,False,False,False,False,False,False,False,2022-12-02 22:35:45.776495+00:00,2022-12-02 22:35:45.776495+00:00
1598663823908544512,ukraine-de,True,True,False,False,False,False,False,False,False,False,2022-12-02 15:04:30.354792+00:00,2022-12-02 15:04:30.354792+00:00
1598663834218045440,ukraine-de,True,True,False,False,False,False,False,False,False,False,2022-12-02 15:04:30.354681+00:00,2022-12-02 15:04:30.354681+00:00
1598663906452537344,ukraine-de,True,True,False,False,False,False,False,False,False,False,2022-12-02 15:04:30.354525+00:00,2022-12-02 15:04:30.354525+00:00
1598663912815108102,ukraine-de,True,True,False,False,False,False,False,False,False,False,2022-12-02 15:04:30.354271+00:00,2022-12-02 15:04:30.354271+00:00
1598663969685721093,ukraine-de,True,True,False,False,False,False,False,False,False,False,2022-12-02 15:04:13.008703+00:00,2022-12-02 15:04:13.008703+00:00
1598664081132724226,ukraine-de,True,True,False,False,False,False,False,False,False,False,2022-12-02 15:04:13.008607+00:00,2022-12-02 15:04:13.008607+00:00
1598664082181292032,ukraine-de,True,True,False,False,False,False,False,False,False,False,2022-12-02 15:04:13.008496+00:00,2022-12-02 15:04:13.008496+00:00
1598664086178373632,ukraine-de,True,True,False,False,False,False,False,False,False,False,2022-12-02 15:04:13.008398+00:00,2022-12-02 15:04:13.008398+00:00
1598664100049031169,ukraine-de,True,True,False,False,False,False,False,False,False,False,2022-12-02 15:04:13.008298+00:00,2022-12-02 15:04:13.008298+00:00
1598664124464087040,ukraine-de,True,True,False,False,False,False,False,False,False,False,2022-12-02 15:04:13.008197+00:00,2022-12-02 15:04:13.008197+00:00
1598664125181136896,ukraine-de,True,True,False,False,False,False,False,False,False,False,2022-12-02 15:04:13.008096+00:00,2022-12-02 15:04:13.008096+00:00
1598664126045179904,ukraine-de,True,False,False,False,False,False,False,False,False,False,2022-12-02 15:04:13.049906+00:00,2022-12-02 15:04:13.049906+00:00
1598664126141792257,ukraine-de,True,True,False,False,False,False,False,False,False,False,2022-12-02 15:04:13.007994+00:00,2022-12-02 15:04:13.007994+00:00
1598664143065780224,ukraine-de,True,True,False,False,False,False,False,False,False,False,2022-12-02 15:04:13.007876+00:00,2022-12-02 15:04:13.007876+00:00
1598664159754944515,ukraine-de,True,True,False,False,False,False,False,False,False,False,2022-12-02 15:04:13.007775+00:00,2022-12-02 15:04:13.007775+00:00
1598664187709792257,ukraine-de,True,True,False,False,False,False,False,False,False,False,2022-12-02 15:04:13.007657+00:00,2022-12-02 15:04:13.007657+00:00
1598664199365967872,ukraine-de,True,True,False,False,False,False,False,False,False,False,2022-12-02 15:04:13.007538+00:00,2022-12-02 15:04:13.007538+00:00
1598664204474531840,ukraine-de,True,False,False,False,False,False,False,False,False,False,2022-12-02 15:04:13.025179+00:00,2022-12-02 15:04:13.025179+00:00
1598664218714128384,ukraine-de,True,True,False,False,False,False,False,False,False,False,2022-12-02 15:04:13.007435+00:00,2022-12-02 15:04:13.007435+00:00
1598664245209546752,ukraine-de,True,False,False,False,False,False,False,False,False,False,2022-12-02 15:01:05.635395+00:00,2022-12-02 15:01:05.635395+00:00
1598664268001312768,ukraine-de,True,True,False,False,False,False,False,False,False,False,2022-12-02 15:04:13.007304+00:00,2022-12-02 15:04:13.007304+00:00
1598664277350457344,ukraine-de,True,True,False,False,False,False,False,False,False,False,2022-12-02 15:04:13.007004+00:00,2022-12-02 15:04:13.007004+00:00
1598664297600647169,ukraine-de,True,True,False,False,False,False,False,False,False,False,2022-12-02 15:04:13.006887+00:00,2022-12-02 15:04:13.006887+00:00
1598664307230887937,ukraine-de,True,True,False,False,False,False,False,False,False,False,2022-12-02 15:04:13.006789+00:00,2022-12-02 15:04:13.006789+00:00
1598664310951231491,ukraine-de,True,True,False,False,False,False,False,False,False,False,2022-12-02 15:04:13.006674+00:00,2022-12-02 15:04:13.006674+00:00
1598664388017373185,ukraine-de,True,False,False,False,False,False,False,False,False,False,2022-12-02 15:04:13.046196+00:00,2022-12-02 15:04:13.046196+00:00
1598664458359873537,ukraine-de,True,False,False,False,False,False,False,False,False,False,2022-12-02 22:36:01.068641+00:00,2022-12-02 22:36:01.068641+00:00
1598664490001670144,ukraine-de,True,True,False,False,False,False,False,False,False,False,2022-12-02 15:04:13.006564+00:00,2022-12-02 15:04:13.006564+00:00
1598664525552787456,ukraine-de,True,True,False,False,False,False,False,False,False,False,2022-12-02 15:04:13.006460+00:00,2022-12-02 15:04:13.006460+00:00
1598664549955403777,ukraine-de,True,False,False,False,False,False,False,False,False,False,2022-12-02 15:04:13.020143+00:00,2022-12-02 15:04:13.020143+00:00
1598664617160482818,ukraine-de,True,True,False,False,False,False,False,False,False,False,2022-12-02 15:04:13.006287+00:00,2022-12-02 15:04:13.006287+00:00
1598664630917808129,ukraine-de,True,True,False,False,False,False,False,False,False,False,2022-12-02 15:04:13.006188+00:00,2022-12-02 15:04:13.006188+00:00
1598664632574611456,ukraine-de,True,True,False,False,False,False,False,False,False,False,2022-12-02 15:04:13.006089+00:00,2022-12-02 15:04:13.006089+00:00
1598664636840267777,ukraine-de,True,True,False,False,False,False,False,False,False,False,2022-12-02 15:04:13.005989+00:00,2022-12-02 15:04:13.005989+00:00
1598664641902567424,ukraine-de,True,True,False,False,False,False,False,False,False,False,2022-12-02 15:04:13.005890+00:00,2022-12-02 15:04:13.005890+00:00
1598664675956244486,ukraine-de,True,True,False,False,False,False,False,False,False,False,2022-12-02 15:04:13.005789+00:00,2022-12-02 15:04:13.005789+00:00
1598664685573767172,ukraine-de,True,False,False,False,False,False,False,False,False,False,2022-12-02 19:51:22.140230+00:00,2022-12-02 19:51:22.140230+00:00
1598664689185087494,ukraine-de,True,False,False,False,False,False,False,False,False,False,2022-12-02 15:04:13.038599+00:00,2022-12-02 15:04:13.038599+00:00
1598664701633859594,ukraine-de,True,True,False,False,False,False,False,False,False,False,2022-12-02 15:04:13.005686+00:00,2022-12-02 15:04:13.005686+00:00
1598664725344276481,ukraine-de,True,True,False,False,False,False,False,False,False,False,2022-12-02 15:04:13.005550+00:00,2022-12-02 15:04:13.005550+00:00
1598664761146634241,ukraine-de,True,True,False,False,False,False,False,False,False,False,2022-12-02 15:04:13.005449+00:00,2022-12-02 15:04:13.005449+00:00
1598664772274204674,ukraine-de,True,True,False,False,False,False,False,False,False,False,2022-12-02 15:04:13.005347+00:00,2022-12-02 15:04:13.005347+00:00
1598664789693267968,ukraine-de,True,True,False,False,False,False,False,False,False,False,2022-12-02 15:04:13.005244+00:00,2022-12-02 15:04:13.005244+00:00
1598664798857723904,ukraine-de,True,False,False,False,False,False,False,False,False,False,2022-12-02 15:04:13.059341+00:00,2022-12-02 15:04:13.059341+00:00
1598664801596493825,ukraine-de,True,True,False,False,False,False,False,False,False,False,2022-12-02 15:04:13.005119+00:00,2022-12-02 15:04:13.005119+00:00
1598664816247316483,ukraine-de,True,True,False,False,False,False,False,False,False,False,2022-12-02 15:04:13.004958+00:00,2022-12-02 15:04:13.004958+00:00
1598664817904332802,ukraine-de,True,True,False,False,False,False,False,False,False,False,2022-12-02 15:04:13.004861+00:00,2022-12-02 15:04:13.004861+00:00
1598664819464228864,ukraine-de,True,True,False,False,False,False,False,False,False,False,2022-12-02 15:04:13.004761+00:00,2022-12-02 15:04:13.004761+00:00
1598664825478979588,ukraine-de,True,True,False,False,False,False,False,False,False,False,2022-12-02 15:04:13.004662+00:00,2022-12-02 15:04:13.004662+00:00
1598664831300780034,ukraine-de,True,True,False,False,False,False,False,False,False,False,2022-12-02 15:04:13.004563+00:00,2022-12-02 15:04:13.004563+00:00
1598664863299026945,ukraine-de,True,True,False,False,False,False,False,False,False,False,2022-12-02 15:04:13.004462+00:00,2022-12-02 15:04:13.004462+00:00
1598664882693472256,ukraine-de,True,False,False,False,False,False,False,False,False,False,2022-12-02 15:04:13.011369+00:00,2022-12-02 15:04:13.011369+00:00
1598664885575245825,ukraine-de,True,True,False,False,False,False,False,False,False,False,2022-12-02 15:04:13.004363+00:00,2022-12-02 15:04:13.004363+00:00
1598664888318148612,ukraine-de,True,True,False,False,False,False,False,False,False,False,2022-12-02 15:04:13.004264+00:00,2022-12-02 15:04:13.004264+00:00
1598664895427387394,ukraine-de,True,True,False,False,False,False,False,False,False,False,2022-12-02 15:04:13.004163+00:00,2022-12-02 15:04:13.004163+00:00
1598664897553915909,ukraine-de,True,True,False,False,False,False,False,False,False,False,2022-12-02 15:04:13.004061+00:00,2022-12-02 15:04:13.004061+00:00
1598664915325263874,ukraine-de,True,True,False,False,False,False,False,False,False,False,2022-12-02 15:04:13.003947+00:00,2022-12-02 15:04:13.003947+00:00
1598664944915841025,ukraine-de,True,True,False,False,False,False,False,False,False,False,2022-12-02 15:04:13.003837+00:00,2022-12-02 15:04:13.003837+00:00
1598664963660435456,ukraine-de,True,True,False,False,False,False,False,False,False,False,2022-12-02 15:04:13.003735+00:00,2022-12-02 15:04:13.003735+00:00
1598664966160130049,ukraine-de,True,True,False,False,False,False,False,False,False,False,2022-12-02 15:04:13.003628+00:00,2022-12-02 15:04:13.003628+00:00
1598664973525327874,ukraine-de,True,True,False,False,False,False,False,False,False,False,2022-12-02 15:04:13.003486+00:00,2022-12-02 15:04:13.003486+00:00
1598664978478895104,ukraine-de,True,True,False,False,False,False,False,False,False,False,2022-12-02 15:04:13.003372+00:00,2022-12-02 15:04:13.003372+00:00
1598664984308981761,ukraine-de,True,True,False,False,False,False,False,False,False,False,2022-12-02 15:04:13.003260+00:00,2022-12-02 15:04:13.003260+00:00
1598664987500740615,ukraine-de,True,True,False,False,False,False,False,False,False,False,2022-12-02 15:04:13.003158+00:00,2022-12-02 15:04:13.003158+00:00
1598664994949779461,ukraine-de,True,True,False,False,False,False,False,False,False,False,2022-12-02 15:04:13.003057+00:00,2022-12-02 15:04:13.003057+00:00
1598665000960286724,ukraine-de,True,False,False,False,False,False,False,False,False,False,2022-12-02 15:01:30.400688+00:00,2022-12-02 15:01:30.400688+00:00
1598665012662386688,ukraine-de,True,True,False,False,False,False,False,False,False,False,2022-12-02 15:04:13.002958+00:00,2022-12-02 15:04:13.002958+00:00
1598665023844503553,ukraine-de,True,True,False,False,False,False,False,False,False,False,2022-12-02 15:04:13.002856+00:00,2022-12-02 15:04:13.002856+00:00
1598665035143864321,ukraine-de,True,True,False,False,False,False,False,False,False,False,2022-12-02 15:04:13.002734+00:00,2022-12-02 15:04:13.002734+00:00
1598665072363991040,ukraine-de,True,True,False,False,False,False,False,False,False,False,2022-12-02 15:04:13.002629+00:00,2022-12-02 15:04:13.002629+00:00
1598665119818715137,ukraine-de,True,True,False,False,False,False,False,False,False,False,2022-12-02 15:04:13.002452+00:00,2022-12-02 15:04:13.002452+00:00
1598665135001837570,ukraine-de,True,True,False,False,False,False,False,False,False,False,2022-12-02 15:04:13.002347+00:00,2022-12-02 15:04:13.002347+00:00
1598665147580416001,ukraine-de,True,True,False,False,False,False,False,False,False,False,2022-12-02 15:04:13.002235+00:00,2022-12-02 15:04:13.002235+00:00
1598665167729999873,ukraine-de,True,True,False,False,False,False,False,False,False,False,2022-12-02 15:04:13.001963+00:00,2022-12-02 15:04:13.001963+00:00
1598665194477084672,ukraine-de,True,True,False,False,False,False,False,False,False,False,2022-12-02 15:04:13.001742+00:00,2022-12-02 15:04:13.001742+00:00
1598665206149906434,ukraine-de,True,True,False,False,False,False,False,False,False,False,2022-12-02 15:04:13.001640+00:00,2022-12-02 15:04:13.001640+00:00
1598665217482768385,ukraine-de,True,True,False,False,False,False,False,False,False,False,2022-12-02 15:04:13.001524+00:00,2022-12-02 15:04:13.001524+00:00
1598665255894233088,ukraine-de,True,True,False,False,False,False,False,False,False,False,2022-12-02 15:04:13.001424+00:00,2022-12-02 15:04:13.001424+00:00
1598665256829698049,ukraine-de,True,True,False,False,False,False,False,False,False,False,2022-12-02 15:04:13.001323+00:00,2022-12-02 15:04:13.001323+00:00
1598665321245822986,ukraine-de,True,True,False,False,False,False,False,False,False,False,2022-12-02 15:04:13.001220+00:00,2022-12-02 15:04:13.001220+00:00
1598665343496495105,ukraine-de,True,True,False,False,False,False,False,False,False,False,2022-12-02 15:04:13.001105+00:00,2022-12-02 15:04:13.001105+00:00
1598665351310544896,ukraine-de,True,True,False,False,False,False,False,False,False,False,2022-12-02 15:04:13.000745+00:00,2022-12-02 15:04:13.000745+00:00
1598665359174909957,ukraine-de,True,True,False,False,False,False,False,False,False,False,2022-12-02 15:04:13.000646+00:00,2022-12-02 15:04:13.000646+00:00
1598665375025070085,ukraine-de,True,True,False,False,False,False,False,False,False,False,2022-12-02 15:04:13.000546+00:00,2022-12-02 15:04:13.000546+00:00
1598665377705099264,ukraine-de,True,True,False,False,False,False,False,False,False,False,2022-12-02 15:04:13.000441+00:00,2022-12-02 15:04:13.000441+00:00
1598665385972310018,ukraine-de,True,False,False,False,False,False,False,False,False,False,2022-12-02 15:04:13.058480+00:00,2022-12-02 15:04:13.058480+00:00
1598665388077637632,ukraine-de,True,True,False,False,False,False,False,False,False,False,2022-12-02 15:04:13.000340+00:00,2022-12-02 15:04:13.000340+00:00
1598665389772341250,ukraine-de,True,True,False,False,False,False,False,False,False,False,2022-12-02 15:04:13.000225+00:00,2022-12-02 15:04:13.000225+00:00
1598665393362518016,ukraine-de,True,True,False,False,False,False,False,False,False,False,2022-12-02 15:04:13.000123+00:00,2022-12-02 15:04:13.000123+00:00
1598665403621859328,ukraine-de,True,True,False,False,False,False,False,False,False,False,2022-12-02 15:04:13.000022+00:00,2022-12-02 15:04:13.000022+00:00
1598665411930775552,ukraine-de,True,True,False,False,False,False,False,False,False,False,2022-12-02 15:04:12.999919+00:00,2022-12-02 15:04:12.999919+00:00
1598665437583122433,ukraine-de,True,True,False,False,False,False,False,False,False,False,2022-12-02 15:04:12.999801+00:00,2022-12-02 15:04:12.999801+00:00
1598665448895107078,ukraine-de,True,True,False,False,False,False,False,False,False,False,2022-12-02 15:04:12.999683+00:00,2022-12-02 15:04:12.999683+00:00
1598665460010160129,ukraine-de,True,True,False,False,False,False,False,False,False,False,2022-12-02 15:04:12.999525+00:00,2022-12-02 15:04:12.999525+00:00
1598665470948917248,ukraine-de,True,True,False,False,False,False,False,False,False,False,2022-12-02 15:04:12.999424+00:00,2022-12-02 15:04:12.999424+00:00
1598665480788746240,ukraine-de,True,True,False,False,False,False,False,False,False,False,2022-12-02 15:04:12.999318+00:00,2022-12-02 15:04:12.999318+00:00
1598665500988346368,ukraine-de,True,True,False,False,False,False,False,False,False,False,2022-12-02 15:04:12.999221+00:00,2022-12-02 15:04:12.999221+00:00
1598665501592502273,ukraine-de,True,False,False,False,False,False,False,False,False,False,2022-12-02 15:04:13.044205+00:00,2022-12-02 15:04:13.044205+00:00
1598665506227208193,ukraine-de,True,True,False,False,False,False,False,False,False,False,2022-12-02 15:04:12.999109+00:00,2022-12-02 15:04:12.999109+00:00
1598665525348995072,ukraine-de,True,True,False,False,False,False,False,False,False,False,2022-12-02 15:04:12.999015+00:00,2022-12-02 15:04:12.999015+00:00
1598665533485826048,ukraine-de,True,True,False,False,False,False,False,False,False,False,2022-12-02 15:04:12.998920+00:00,2022-12-02 15:04:12.998920+00:00
1598665537806123008,ukraine-de,True,True,False,False,False,False,False,False,False,False,2022-12-02 15:04:12.998826+00:00,2022-12-02 15:04:12.998826+00:00
1598665549432737793,ukraine-de,True,True,False,False,False,False,False,False,False,False,2022-12-02 15:04:12.998733+00:00,2022-12-02 15:04:12.998733+00:00
1598665571083513861,ukraine-de,True,False,False,False,False,False,False,False,False,False,2022-12-02 15:04:13.044303+00:00,2022-12-02 15:04:13.044303+00:00
1598665577396023296,ukraine-de,True,True,False,False,False,False,False,False,False,False,2022-12-02 15:04:12.998637+00:00,2022-12-02 15:04:12.998637+00:00
1598665591572680704,ukraine-de,True,False,False,False,False,False,False,False,False,False,2022-12-02 15:04:13.043988+00:00,2022-12-02 15:04:13.043988+00:00
1598665608224133121,ukraine-de,True,True,False,False,False,False,False,False,False,False,2022-12-02 15:04:12.998542+00:00,2022-12-02 15:04:12.998542+00:00
1598665617837531136,ukraine-de,True,True,False,False,False,False,False,False,False,False,2022-12-02 15:04:12.998444+00:00,2022-12-02 15:04:12.998444+00:00
1598665619779592195,ukraine-de,True,True,False,False,False,False,False,False,False,False,2022-12-02 15:04:12.998339+00:00,2022-12-02 15:04:12.998339+00:00
1598665620190633985,ukraine-de,True,True,False,False,False,False,False,False,False,False,2022-12-02 15:04:12.998234+00:00,2022-12-02 15:04:12.998234+00:00
1598665623445405699,ukraine-de,True,True,False,False,False,False,False,False,False,False,2022-12-02 15:04:12.998138+00:00,2022-12-02 15:04:12.998138+00:00
1598665625919971331,ukraine-de,True,True,False,False,False,False,False,False,False,False,2022-12-02 15:04:12.998034+00:00,2022-12-02 15:04:12.998034+00:00
1598665639887081472,ukraine-de,True,True,False,False,False,False,False,False,False,False,2022-12-02 15:04:12.997938+00:00,2022-12-02 15:04:12.997938+00:00
1598665665711411200,ukraine-de,True,False,False,False,False,False,False,False,False,False,2022-12-03 11:05:17.146508+00:00,2022-12-03 11:05:17.146508+00:00
1598665673441411073,ukraine-de,True,True,False,False,False,False,False,False,False,False,2022-12-02 15:04:12.997841+00:00,2022-12-02 15:04:12.997841+00:00
1598665709604724736,ukraine-de,True,True,False,False,False,False,False,False,False,False,2022-12-02 15:04:12.997745+00:00,2022-12-02 15:04:12.997745+00:00
1598665722166738945,ukraine-de,True,True,False,False,False,False,False,False,False,False,2022-12-02 15:04:12.997640+00:00,2022-12-02 15:04:12.997640+00:00
1598665727602356225,ukraine-de,True,True,False,False,False,False,False,False,False,False,2022-12-02 15:04:12.997520+00:00,2022-12-02 15:04:12.997520+00:00
1598665760930512897,ukraine-de,True,False,False,False,False,False,False,False,False,False,2022-12-02 15:04:13.053374+00:00,2022-12-02 15:04:13.053374+00:00
1598665770711584768,ukraine-de,True,True,False,False,False,False,False,False,False,False,2022-12-02 15:04:12.997425+00:00,2022-12-02 15:04:12.997425+00:00
1598665771755835392,ukraine-de,True,True,False,False,False,False,False,False,False,False,2022-12-02 15:04:12.997330+00:00,2022-12-02 15:04:12.997330+00:00
1598665787014889473,ukraine-de,True,True,False,False,False,False,False,False,False,False,2022-12-02 15:04:12.997222+00:00,2022-12-02 15:04:12.997222+00:00
1598665824021135361,ukraine-de,True,True,False,False,False,False,False,False,False,False,2022-12-02 15:04:12.997124+00:00,2022-12-02 15:04:12.997124+00:00
1598665862629711872,ukraine-de,True,True,False,False,False,False,False,False,False,False,2022-12-02 15:04:12.997026+00:00,2022-12-02 15:04:12.997026+00:00
1598665869592231938,ukraine-de,True,True,False,False,False,False,False,False,False,False,2022-12-02 15:04:12.996919+00:00,2022-12-02 15:04:12.996919+00:00
1598665873136521223,ukraine-de,True,False,False,False,False,False,False,False,False,False,2022-12-03 08:10:46.239439+00:00,2022-12-03 08:10:46.239439+00:00
1598665886059094016,ukraine-de,True,True,False,False,False,False,False,False,False,False,2022-12-02 15:04:12.996803+00:00,2022-12-02 15:04:12.996803+00:00
1598665907764600834,ukraine-de,True,True,False,False,False,False,False,False,False,False,2022-12-02 15:04:12.996708+00:00,2022-12-02 15:04:12.996708+00:00
1598665927880417280,ukraine-de,True,False,False,False,False,False,False,False,False,False,2022-12-02 19:51:30.195416+00:00,2022-12-02 19:51:30.195416+00:00
1598665943042908160,ukraine-de,True,True,False,False,False,False,False,False,False,False,2022-12-02 15:04:12.996598+00:00,2022-12-02 15:04:12.996598+00:00
1598665995169648641,ukraine-de,True,True,False,False,False,False,False,False,False,False,2022-12-02 15:04:12.996490+00:00,2022-12-02 15:04:12.996490+00:00
1598666002992095235,ukraine-de,True,True,False,False,False,False,False,False,False,False,2022-12-02 15:04:12.996391+00:00,2022-12-02 15:04:12.996391+00:00
1598666024714473474,ukraine-de,True,True,False,False,False,False,False,False,False,False,2022-12-02 15:04:12.996290+00:00,2022-12-02 15:04:12.996290+00:00
1598666028296421383,ukraine-de,True,False,False,False,False,False,False,False,False,False,2022-12-02 15:01:05.648891+00:00,2022-12-02 15:01:05.648891+00:00
1598666034679906304,ukraine-de,True,True,False,False,False,False,False,False,False,False,2022-12-02 15:04:12.996190+00:00,2022-12-02 15:04:12.996190+00:00
1598666039184826369,ukraine-de,True,True,False,False,False,False,False,False,False,False,2022-12-02 15:04:12.996092+00:00,2022-12-02 15:04:12.996092+00:00
1598666041479004162,ukraine-de,True,True,False,False,False,False,False,False,False,False,2022-12-02 15:04:12.995994+00:00,2022-12-02 15:04:12.995994+00:00
1598666066900783107,ukraine-de,True,False,False,False,False,False,False,False,False,False,2022-12-02 19:51:41.488199+00:00,2022-12-02 19:51:41.488199+00:00
1598666074249392128,ukraine-de,True,True,False,False,False,False,False,False,False,False,2022-12-02 15:04:12.995896+00:00,2022-12-02 15:04:12.995896+00:00
1598666092242735108,ukraine-de,True,True,False,False,False,False,False,False,False,False,2022-12-02 15:04:12.995797+00:00,2022-12-02 15:04:12.995797+00:00
1598666133380341760,ukraine-de,True,True,False,False,False,False,False,False,False,False,2022-12-02 15:04:12.995697+00:00,2022-12-02 15:04:12.995697+00:00
1598666175206105090,ukraine-de,True,True,False,False,False,False,False,False,False,False,2022-12-02 15:04:12.995595+00:00,2022-12-02 15:04:12.995595+00:00
1598666197481840640,ukraine-de,True,True,False,False,False,False,False,False,False,False,2022-12-02 15:04:12.995480+00:00,2022-12-02 15:04:12.995480+00:00
1598666244651089921,ukraine-de,True,True,False,False,False,False,False,False,False,False,2022-12-02 15:04:12.995379+00:00,2022-12-02 15:04:12.995379+00:00
1598666282995367936,ukraine-de,True,False,False,False,False,False,False,False,False,False,2022-12-02 19:51:41.484170+00:00,2022-12-02 19:51:41.484170+00:00
1598666306445787136,ukraine-de,True,True,False,False,False,False,False,False,False,False,2022-12-02 15:04:12.995231+00:00,2022-12-02 15:04:12.995231+00:00
1598666349487718401,ukraine-de,True,True,False,False,False,False,False,False,False,False,2022-12-02 15:01:30.409569+00:00,2022-12-02 15:04:12.995127+00:00
1598666364817899520,ukraine-de,True,True,False,False,False,False,False,False,False,False,2022-12-02 15:04:12.995031+00:00,2022-12-02 15:04:12.995031+00:00
1598666367028400130,ukraine-de,True,False,False,False,False,False,False,False,False,False,2022-12-03 08:10:46.234202+00:00,2022-12-03 08:10:46.234202+00:00
1598666403476901888,ukraine-de,True,True,False,False,False,False,False,False,False,False,2022-12-02 15:04:12.994927+00:00,2022-12-02 15:04:12.994927+00:00
1598666421675900928,ukraine-de,True,True,False,False,False,False,False,False,False,False,2022-12-02 15:04:12.994832+00:00,2022-12-02 15:04:12.994832+00:00
1598666438390194176,ukraine-de,True,True,False,False,False,False,False,False,False,False,2022-12-02 15:04:12.994737+00:00,2022-12-02 15:04:12.994737+00:00
1598666442265747463,ukraine-de,True,True,False,False,False,False,False,False,False,False,2022-12-02 15:04:12.994642+00:00,2022-12-02 15:04:12.994642+00:00
1598666467972562946,ukraine-de,True,True,False,False,False,False,False,False,False,False,2022-12-02 15:04:12.994547+00:00,2022-12-02 15:04:12.994547+00:00
1598666472670339073,ukraine-de,True,True,False,False,False,False,False,False,False,False,2022-12-02 15:04:12.994451+00:00,2022-12-02 15:04:12.994451+00:00
1598666476881268736,ukraine-de,True,True,False,False,False,False,False,False,False,False,2022-12-02 15:01:30.409124+00:00,2022-12-02 15:04:12.994305+00:00
1598666478667980801,ukraine-de,True,True,False,False,False,False,False,False,False,False,2022-12-02 15:04:12.994189+00:00,2022-12-02 15:04:12.994189+00:00
1598666495298621442,ukraine-de,True,True,False,False,False,False,False,False,False,False,2022-12-02 15:04:12.994079+00:00,2022-12-02 15:04:12.994079+00:00
1598666498343636994,ukraine-de,True,True,False,False,False,False,False,False,False,False,2022-12-02 15:04:12.993985+00:00,2022-12-02 15:04:12.993985+00:00
1598666550499852292,ukraine-de,True,True,False,False,False,False,False,False,False,False,2022-12-02 15:01:05.655517+00:00,2022-12-02 15:04:12.993890+00:00
1598666574449283074,ukraine-de,True,True,False,False,False,False,False,False,False,False,2022-12-02 15:04:12.993784+00:00,2022-12-02 15:04:12.993784+00:00
1598666591612420096,ukraine-de,True,True,False,False,False,False,False,False,False,False,2022-12-02 15:04:12.993675+00:00,2022-12-02 15:04:12.993675+00:00
1598666594363867136,ukraine-de,True,True,False,False,False,False,False,False,False,False,2022-12-02 15:04:12.993553+00:00,2022-12-02 15:04:12.993553+00:00
1598666659752984576,ukraine-de,True,True,False,False,False,False,False,False,False,False,2022-12-02 15:04:12.993453+00:00,2022-12-02 15:04:12.993453+00:00
1598666684130381824,ukraine-de,True,True,False,False,False,False,False,False,False,False,2022-12-02 15:04:12.993340+00:00,2022-12-02 15:04:12.993340+00:00
1598666685828980736,ukraine-de,True,True,False,False,False,False,False,False,False,False,2022-12-02 15:04:12.993214+00:00,2022-12-02 15:04:12.993214+00:00
1598666690560139264,ukraine-de,True,True,False,False,False,False,False,False,False,False,2022-12-02 15:04:12.993115+00:00,2022-12-02 15:04:12.993115+00:00
1598666690870517761,ukraine-de,True,True,False,False,False,False,False,False,False,False,2022-12-02 15:04:12.993015+00:00,2022-12-02 15:04:12.993015+00:00
1598666692149796864,ukraine-de,True,True,False,False,False,False,False,False,False,False,2022-12-02 15:04:12.992901+00:00,2022-12-02 15:04:12.992901+00:00
1598666700177686529,ukraine-de,True,True,False,False,False,False,False,False,False,False,2022-12-02 15:04:12.992802+00:00,2022-12-02 15:04:12.992802+00:00
1598666712676704256,ukraine-de,True,False,False,False,False,False,False,False,False,False,2022-12-02 15:04:13.032456+00:00,2022-12-02 15:04:13.032456+00:00
1598666746864566280,ukraine-de,True,True,False,False,False,False,False,False,False,False,2022-12-02 15:04:12.992697+00:00,2022-12-02 15:04:12.992697+00:00
1598666788589404161,ukraine-de,True,True,False,False,False,False,False,False,False,False,2022-12-02 15:04:12.992597+00:00,2022-12-02 15:04:12.992597+00:00
1598666793857564682,ukraine-de,True,True,False,False,False,False,False,False,False,False,2022-12-02 15:04:12.992484+00:00,2022-12-02 15:04:12.992484+00:00
1598666837222375424,ukraine-de,True,True,False,False,False,False,False,False,False,False,2022-12-02 15:04:12.992386+00:00,2022-12-02 15:04:12.992386+00:00
1598666847607562240,ukraine-de,True,False,False,False,False,False,False,False,False,False,2022-12-02 15:04:13.036381+00:00,2022-12-02 15:04:13.036381+00:00
1598666850908352512,ukraine-de,True,True,False,False,False,False,False,False,False,False,2022-12-02 15:04:12.992288+00:00,2022-12-02 15:04:12.992288+00:00
1598666855492747265,ukraine-de,True,True,False,False,False,False,False,False,False,False,2022-12-02 15:04:12.992190+00:00,2022-12-02 15:04:12.992190+00:00
1598666859053813760,ukraine-de,True,True,False,False,False,False,False,False,False,False,2022-12-02 15:04:12.992092+00:00,2022-12-02 15:04:12.992092+00:00
1598666860890935296,ukraine-de,True,True,False,False,False,False,False,False,False,False,2022-12-02 15:04:12.991993+00:00,2022-12-02 15:04:12.991993+00:00
1598666867308040192,ukraine-de,True,True,False,False,False,False,False,False,False,False,2022-12-02 15:04:12.991893+00:00,2022-12-02 15:04:12.991893+00:00
1598666901260935168,ukraine-de,True,True,False,False,False,False,False,False,False,False,2022-12-02 15:04:12.991788+00:00,2022-12-02 15:04:12.991788+00:00
1598666917060804609,ukraine-de,True,True,False,False,False,False,False,False,False,False,2022-12-02 15:04:12.991689+00:00,2022-12-02 15:04:12.991689+00:00
1598666924543688706,ukraine-de,True,True,False,False,False,False,False,False,False,False,2022-12-02 15:04:12.991590+00:00,2022-12-02 15:04:12.991590+00:00
1598666927152320517,ukraine-de,True,True,False,False,False,False,False,False,False,False,2022-12-02 15:04:12.991491+00:00,2022-12-02 15:04:12.991491+00:00
1598667047470133248,ukraine-de,True,True,False,False,False,False,False,False,False,False,2022-12-02 15:01:05.633830+00:00,2022-12-02 15:04:12.991371+00:00
1598667064105140224,ukraine-de,True,True,False,False,False,False,False,False,False,False,2022-12-02 15:04:12.991258+00:00,2022-12-02 15:04:12.991258+00:00
1598667083683799041,ukraine-de,True,True,False,False,False,False,False,False,False,False,2022-12-02 15:04:12.991137+00:00,2022-12-02 15:04:12.991137+00:00
1598667084015276034,ukraine-de,True,True,False,False,False,False,False,False,False,False,2022-12-02 15:04:12.991040+00:00,2022-12-02 15:04:12.991040+00:00
1598667096904404996,ukraine-de,True,True,False,False,False,False,False,False,False,False,2022-12-02 15:04:12.990932+00:00,2022-12-02 15:04:12.990932+00:00
1598667106760933379,ukraine-de,True,True,False,False,False,False,False,False,False,False,2022-12-02 15:04:12.990832+00:00,2022-12-02 15:04:12.990832+00:00
1598667126167871491,ukraine-de,True,True,False,False,False,False,False,False,False,False,2022-12-02 15:04:12.990732+00:00,2022-12-02 15:04:12.990732+00:00
1598667136033034240,ukraine-de,True,True,False,False,False,False,False,False,False,False,2022-12-02 15:04:12.990631+00:00,2022-12-02 15:04:12.990631+00:00
1598667140818939904,ukraine-de,True,True,False,False,False,False,False,False,False,False,2022-12-02 15:04:12.990529+00:00,2022-12-02 15:04:12.990529+00:00
1598667145063309314,ukraine-de,True,True,False,False,False,False,False,False,False,False,2022-12-02 15:04:12.990402+00:00,2022-12-02 15:04:12.990402+00:00
1598667150541164545,ukraine-de,True,True,False,False,False,False,False,False,False,False,2022-12-02 15:04:12.990215+00:00,2022-12-02 15:04:12.990215+00:00
1598667160355803139,ukraine-de,True,True,False,False,False,False,False,False,False,False,2022-12-02 15:04:12.990115+00:00,2022-12-02 15:04:12.990115+00:00
1598667162474139648,ukraine-de,True,True,False,False,False,False,False,False,False,False,2022-12-02 15:04:12.990012+00:00,2022-12-02 15:04:12.990012+00:00
1598667170338066432,ukraine-de,True,True,False,False,False,False,False,False,False,False,2022-12-02 15:04:12.989886+00:00,2022-12-02 15:04:12.989886+00:00
1598667170438840325,ukraine-de,True,True,False,False,False,False,False,False,False,False,2022-12-02 15:04:12.989751+00:00,2022-12-02 15:04:12.989751+00:00
1598667174763458560,ukraine-de,True,True,False,False,False,False,False,False,False,False,2022-12-02 15:04:12.989459+00:00,2022-12-02 15:04:12.989459+00:00
1598667178261168128,ukraine-de,True,True,False,False,False,False,False,False,False,False,2022-12-02 15:04:12.989359+00:00,2022-12-02 15:04:12.989359+00:00
1598667189417955328,ukraine-de,True,True,False,False,False,False,False,False,False,False,2022-12-02 15:04:12.989226+00:00,2022-12-02 15:04:12.989226+00:00
1598667202680455174,ukraine-de,True,True,False,False,False,False,False,False,False,False,2022-12-02 15:04:12.989094+00:00,2022-12-02 15:04:12.989094+00:00
1598667206463819776,ukraine-de,True,True,False,False,False,False,False,False,False,False,2022-12-02 15:04:12.988989+00:00,2022-12-02 15:04:12.988989+00:00
1598667212214226946,ukraine-de,True,True,False,False,False,False,False,False,False,False,2022-12-02 15:04:12.988892+00:00,2022-12-02 15:04:12.988892+00:00
1598667212876877831,ukraine-de,True,True,False,False,False,False,False,False,False,False,2022-12-02 15:04:12.988795+00:00,2022-12-02 15:04:12.988795+00:00
1598667259479789570,ukraine-de,True,True,False,False,False,False,False,False,False,False,2022-12-02 15:04:12.988695+00:00,2022-12-02 15:04:12.988695+00:00
1598667263120392192,ukraine-de,True,True,False,False,False,False,False,False,False,False,2022-12-02 15:04:12.988573+00:00,2022-12-02 15:04:12.988573+00:00
1598667297903857664,ukraine-de,True,True,False,False,False,False,False,False,False,False,2022-12-02 15:04:12.988474+00:00,2022-12-02 15:04:12.988474+00:00
1598667326571745280,ukraine-de,True,True,False,False,False,False,False,False,False,False,2022-12-02 15:04:12.988375+00:00,2022-12-02 15:04:12.988375+00:00
1598667340668817414,ukraine-de,True,False,False,False,False,False,False,False,False,False,2022-12-02 22:35:17.182975+00:00,2022-12-02 22:35:17.182975+00:00
1598667344917692419,ukraine-de,True,True,False,False,False,False,False,False,False,False,2022-12-02 15:04:12.988274+00:00,2022-12-02 15:04:12.988274+00:00
1598667370553176064,ukraine-de,True,False,False,False,False,False,False,False,False,False,2022-12-02 15:01:30.399002+00:00,2022-12-02 15:01:30.399002+00:00
1598667372142870528,ukraine-de,True,False,False,False,False,False,False,False,False,False,2022-12-02 19:51:22.126456+00:00,2022-12-02 19:51:22.126456+00:00
1598667386684571648,ukraine-de,True,True,False,False,False,False,False,False,False,False,2022-12-02 15:04:12.988172+00:00,2022-12-02 15:04:12.988172+00:00
1598667389092118529,ukraine-de,True,True,False,False,False,False,False,False,False,False,2022-12-02 15:04:12.988072+00:00,2022-12-02 15:04:12.988072+00:00
1598667397472423939,ukraine-de,True,True,False,False,False,False,False,False,False,False,2022-12-02 15:04:12.987971+00:00,2022-12-02 15:04:12.987971+00:00
1598667446017220608,ukraine-de,True,True,False,False,False,False,False,False,False,False,2022-12-02 15:04:12.987859+00:00,2022-12-02 15:04:12.987859+00:00
1598667467076820992,ukraine-de,True,True,False,False,False,False,False,False,False,False,2022-12-02 15:04:12.987757+00:00,2022-12-02 15:04:12.987757+00:00
1598667476677672962,ukraine-de,True,True,False,False,False,False,False,False,False,False,2022-12-02 15:04:12.987621+00:00,2022-12-02 15:04:12.987621+00:00
1598667515332362240,ukraine-de,True,True,False,False,False,False,False,False,False,False,2022-12-02 15:04:12.987486+00:00,2022-12-02 15:04:12.987486+00:00
1598667545028038656,ukraine-de,True,True,False,False,False,False,False,False,False,False,2022-12-02 15:04:12.987354+00:00,2022-12-02 15:04:12.987354+00:00
1598667550518382592,ukraine-de,True,True,False,False,False,False,False,False,False,False,2022-12-02 15:04:12.987244+00:00,2022-12-02 15:04:12.987244+00:00
1598667552732823552,ukraine-de,True,True,False,False,False,False,False,False,False,False,2022-12-02 15:04:12.987141+00:00,2022-12-02 15:04:12.987141+00:00
1598667577588342787,ukraine-de,True,True,False,False,False,False,False,False,False,False,2022-12-02 15:04:12.987025+00:00,2022-12-02 15:04:12.987025+00:00
1598667587499560960,ukraine-de,True,True,False,False,False,False,False,False,False,False,2022-12-02 15:04:12.986925+00:00,2022-12-02 15:04:12.986925+00:00
1598667589496066049,ukraine-de,True,True,False,False,False,False,False,False,False,False,2022-12-02 15:04:12.986823+00:00,2022-12-02 15:04:12.986823+00:00
1598667596534059009,ukraine-de,True,True,False,False,False,False,False,False,False,False,2022-12-02 15:04:12.986712+00:00,2022-12-02 15:04:12.986712+00:00
1598667599142965248,ukraine-de,True,True,False,False,False,False,False,False,False,False,2022-12-02 15:04:12.986612+00:00,2022-12-02 15:04:12.986612+00:00
1598667610157043712,ukraine-de,True,True,False,False,False,False,False,False,False,False,2022-12-02 15:04:12.986512+00:00,2022-12-02 15:04:12.986512+00:00
1598667617706860546,ukraine-de,True,True,False,False,False,False,False,False,False,False,2022-12-02 15:04:12.986409+00:00,2022-12-02 15:04:12.986409+00:00
1598667641434132482,ukraine-de,True,True,False,False,False,False,False,False,False,False,2022-12-02 15:04:12.986306+00:00,2022-12-02 15:04:12.986306+00:00
1598667682898903040,ukraine-de,True,True,False,False,False,False,False,False,False,False,2022-12-02 15:04:12.986186+00:00,2022-12-02 15:04:12.986186+00:00
1598667713852968960,ukraine-de,True,True,False,False,False,False,False,False,False,False,2022-12-02 15:04:12.986020+00:00,2022-12-02 15:04:12.986020+00:00
1598667717132836864,ukraine-de,True,True,False,False,False,False,False,False,False,False,2022-12-02 15:04:12.985918+00:00,2022-12-02 15:04:12.985918+00:00
1598667738494357504,ukraine-de,True,True,False,False,False,False,False,False,False,False,2022-12-02 15:04:12.985814+00:00,2022-12-02 15:04:12.985814+00:00
1598667746677592064,ukraine-de,True,True,False,False,False,False,False,False,False,False,2022-12-02 15:01:05.651494+00:00,2022-12-02 15:04:12.985694+00:00
1598667758618562561,ukraine-de,True,True,False,False,False,False,False,False,False,False,2022-12-02 15:01:05.651358+00:00,2022-12-02 15:04:12.985547+00:00
1598667764956274689,ukraine-de,True,True,False,False,False,False,False,False,False,False,2022-12-02 15:04:12.985292+00:00,2022-12-02 15:04:12.985292+00:00
1598667822535540736,ukraine-de,True,True,False,False,False,False,False,False,False,False,2022-12-02 15:04:12.985191+00:00,2022-12-02 15:04:12.985191+00:00
1598667839749103617,ukraine-de,True,True,False,False,False,False,False,False,False,False,2022-12-02 15:04:12.985089+00:00,2022-12-02 15:04:12.985089+00:00
1598667851329519616,ukraine-de,True,True,False,False,False,False,False,False,False,False,2022-12-02 15:04:12.984989+00:00,2022-12-02 15:04:12.984989+00:00
1598667854584348672,ukraine-de,True,True,False,False,False,False,False,False,False,False,2022-12-02 15:04:12.984886+00:00,2022-12-02 15:04:12.984886+00:00
1598667859042963457,ukraine-de,True,True,False,False,False,False,False,False,False,False,2022-12-02 15:04:12.984774+00:00,2022-12-02 15:04:12.984774+00:00
1598667874691780610,ukraine-de,True,True,False,False,False,False,False,False,False,False,2022-12-02 15:04:12.984465+00:00,2022-12-02 15:04:12.984465+00:00
1598667917608062976,ukraine-de,True,False,False,False,False,False,False,False,False,False,2022-12-02 19:51:22.162614+00:00,2022-12-02 19:51:22.162614+00:00
1598667925732442119,ukraine-de,True,True,False,False,False,False,False,False,False,False,2022-12-02 15:04:12.984368+00:00,2022-12-02 15:04:12.984368+00:00
1598667926772531201,ukraine-de,True,True,False,False,False,False,False,False,False,False,2022-12-02 15:04:12.984271+00:00,2022-12-02 15:04:12.984271+00:00
1598667938084851714,ukraine-de,True,True,False,False,False,False,False,False,False,False,2022-12-02 15:04:12.984171+00:00,2022-12-02 15:04:12.984171+00:00
1598667945491603457,ukraine-de,True,True,False,False,False,False,False,False,False,False,2022-12-02 15:04:12.984063+00:00,2022-12-02 15:04:12.984063+00:00
1598667955520282626,ukraine-de,True,True,False,False,False,False,False,False,False,False,2022-12-02 15:04:12.983966+00:00,2022-12-02 15:04:12.983966+00:00
1598667973182607360,ukraine-de,True,True,False,False,False,False,False,False,False,False,2022-12-02 15:04:12.983869+00:00,2022-12-02 15:04:12.983869+00:00
1598667973383815170,ukraine-de,True,True,False,False,False,False,False,False,False,False,2022-12-02 15:04:12.983770+00:00,2022-12-02 15:04:12.983770+00:00
1598667977708158981,ukraine-de,True,True,False,False,False,False,False,False,False,False,2022-12-02 15:04:12.983671+00:00,2022-12-02 15:04:12.983671+00:00
1598667984519761921,ukraine-de,True,True,False,False,False,False,False,False,False,False,2022-12-02 15:04:12.983572+00:00,2022-12-02 15:04:12.983572+00:00
1598668026752094208,ukraine-de,True,True,False,False,False,False,False,False,False,False,2022-12-02 15:04:12.983472+00:00,2022-12-02 15:04:12.983472+00:00
1598668069177540608,ukraine-de,True,True,False,False,False,False,False,False,False,False,2022-12-02 15:04:12.983371+00:00,2022-12-02 15:04:12.983371+00:00
1598668074508603392,ukraine-de,True,True,False,False,False,False,False,False,False,False,2022-12-02 15:04:12.983258+00:00,2022-12-02 15:04:12.983258+00:00
1598668087351468032,ukraine-de,True,True,False,False,False,False,False,False,False,False,2022-12-02 15:04:12.983158+00:00,2022-12-02 15:04:12.983158+00:00
1598668094750064640,ukraine-de,True,True,False,False,False,False,False,False,False,False,2022-12-02 15:04:12.983059+00:00,2022-12-02 15:04:12.983059+00:00
1598668127704797184,ukraine-de,True,True,False,False,False,False,False,False,False,False,2022-12-02 15:04:12.982958+00:00,2022-12-02 15:04:12.982958+00:00
1598668129139363843,ukraine-de,True,True,False,False,False,False,False,False,False,False,2022-12-02 15:04:12.982850+00:00,2022-12-02 15:04:12.982850+00:00
1598668136223543297,ukraine-de,True,True,False,False,False,False,False,False,False,False,2022-12-02 15:04:12.982750+00:00,2022-12-02 15:04:12.982750+00:00
1598668147388780546,ukraine-de,True,False,False,False,False,False,False,False,False,False,2022-12-02 15:04:13.043345+00:00,2022-12-02 15:04:13.043345+00:00
1598668150387757059,ukraine-de,True,True,False,False,False,False,False,False,False,False,2022-12-02 15:04:12.982652+00:00,2022-12-02 15:04:12.982652+00:00
1598668151457128454,ukraine-de,True,True,False,False,False,False,False,False,False,False,2022-12-02 15:04:12.982551+00:00,2022-12-02 15:04:12.982551+00:00
1598668155106168833,ukraine-de,True,False,False,False,False,False,False,False,False,False,2022-12-02 15:04:13.043108+00:00,2022-12-02 15:04:13.043108+00:00
1598668157274693638,ukraine-de,True,True,False,False,False,False,False,False,False,False,2022-12-02 15:04:12.982441+00:00,2022-12-02 15:04:12.982441+00:00
1598668159439052802,ukraine-de,True,True,False,False,False,False,False,False,False,False,2022-12-02 15:04:12.982339+00:00,2022-12-02 15:04:12.982339+00:00
1598668163620675586,ukraine-de,True,True,False,False,False,False,False,False,False,False,2022-12-02 15:04:12.982238+00:00,2022-12-02 15:04:12.982238+00:00
1598668169601753089,ukraine-de,True,True,False,False,False,False,False,False,False,False,2022-12-02 15:04:12.982136+00:00,2022-12-02 15:04:12.982136+00:00
1598668215906758656,ukraine-de,True,True,False,False,False,False,False,False,False,False,2022-12-02 15:04:12.982018+00:00,2022-12-02 15:04:12.982018+00:00
1598668221858693120,ukraine-de,True,True,False,False,False,False,False,False,False,False,2022-12-02 15:04:12.981908+00:00,2022-12-02 15:04:12.981908+00:00
1598668235896913922,ukraine-de,True,True,False,False,False,False,False,False,False,False,2022-12-02 15:04:12.981806+00:00,2022-12-02 15:04:12.981806+00:00
1598668241139662848,ukraine-de,True,True,False,False,False,False,False,False,False,False,2022-12-02 15:04:12.981702+00:00,2022-12-02 15:04:12.981702+00:00
1598668247431368704,ukraine-de,True,True,False,False,False,False,False,False,False,False,2022-12-02 15:04:12.981581+00:00,2022-12-02 15:04:12.981581+00:00
1598668257585758208,ukraine-de,True,True,False,False,False,False,False,False,False,False,2022-12-02 15:04:12.981456+00:00,2022-12-02 15:04:12.981456+00:00
1598668263461896192,ukraine-de,True,True,False,False,False,False,False,False,False,False,2022-12-02 15:04:12.981354+00:00,2022-12-02 15:04:12.981354+00:00
1598668263537328129,ukraine-de,True,False,False,False,False,False,False,False,False,False,2022-12-02 22:35:17.188259+00:00,2022-12-02 22:35:17.188259+00:00
1598668272794222594,ukraine-de,True,True,False,False,False,False,False,False,False,False,2022-12-02 15:04:12.981249+00:00,2022-12-02 15:04:12.981249+00:00
1598668280855728130,ukraine-de,True,True,False,False,False,False,False,False,False,False,2022-12-02 15:04:12.981108+00:00,2022-12-02 15:04:12.981108+00:00
1598668285356171265,ukraine-de,True,True,False,False,False,False,False,False,False,False,2022-12-02 15:04:12.981007+00:00,2022-12-02 15:04:12.981007+00:00
1598668295808376833,ukraine-de,True,True,False,False,False,False,False,False,False,False,2022-12-02 15:04:12.980908+00:00,2022-12-02 15:04:12.980908+00:00
1598668309037166592,ukraine-de,True,True,False,False,False,False,False,False,False,False,2022-12-02 15:04:12.980808+00:00,2022-12-02 15:04:12.980808+00:00
1598668332554752001,ukraine-de,True,False,False,False,False,False,False,False,False,False,2022-12-02 19:51:08.479838+00:00,2022-12-02 19:51:08.479838+00:00
1598668397268574209,ukraine-de,True,True,False,False,False,False,False,False,False,False,2022-12-02 15:04:12.980707+00:00,2022-12-02 15:04:12.980707+00:00
1598668398271123456,ukraine-de,True,True,False,False,False,False,False,False,False,False,2022-12-02 15:04:12.980587+00:00,2022-12-02 15:04:12.980587+00:00
1598668399919464449,ukraine-de,True,True,False,False,False,False,False,False,False,False,2022-12-02 15:04:12.980458+00:00,2022-12-02 15:04:12.980458+00:00
1598668401714597889,ukraine-de,True,True,False,False,False,False,False,False,False,False,2022-12-02 15:04:12.980354+00:00,2022-12-02 15:04:12.980354+00:00
1598668436770529282,ukraine-de,True,False,False,False,False,False,False,False,False,False,2022-12-03 11:05:17.135277+00:00,2022-12-03 11:05:17.135277+00:00
1598668454734831617,ukraine-de,True,True,False,False,False,False,False,False,False,False,2022-12-02 15:04:12.980238+00:00,2022-12-02 15:04:12.980238+00:00
1598668460279701504,ukraine-de,True,True,False,False,False,False,False,False,False,False,2022-12-02 15:04:12.980133+00:00,2022-12-02 15:04:12.980133+00:00
1598668478575042560,ukraine-de,True,True,False,False,False,False,False,False,False,False,2022-12-02 15:04:12.980021+00:00,2022-12-02 15:04:12.980021+00:00
1598668478822629379,ukraine-de,True,True,False,False,False,False,False,False,False,False,2022-12-02 15:04:12.979879+00:00,2022-12-02 15:04:12.979879+00:00
1598668480341069825,ukraine-de,True,True,False,False,False,False,False,False,False,False,2022-12-02 15:04:12.979474+00:00,2022-12-02 15:04:12.979474+00:00
1598668488717094914,ukraine-de,True,True,False,False,False,False,False,False,False,False,2022-12-02 15:04:12.979352+00:00,2022-12-02 15:04:12.979352+00:00
1598668493439770626,ukraine-de,True,True,False,False,False,False,False,False,False,False,2022-12-02 15:04:12.979236+00:00,2022-12-02 15:04:12.979236+00:00
1598668508014985216,ukraine-de,True,True,False,False,False,False,False,False,False,False,2022-12-02 15:04:12.979120+00:00,2022-12-02 15:04:12.979120+00:00
1598668513941544961,ukraine-de,True,True,False,False,False,False,False,False,False,False,2022-12-02 15:04:12.979022+00:00,2022-12-02 15:04:12.979022+00:00
1598668532190961665,ukraine-de,True,True,False,False,False,False,False,False,False,False,2022-12-02 15:04:12.978922+00:00,2022-12-02 15:04:12.978922+00:00
1598668592878419972,ukraine-de,True,True,False,False,False,False,False,False,False,False,2022-12-02 15:04:12.978822+00:00,2022-12-02 15:04:12.978822+00:00
1598668620107845633,ukraine-de,True,True,False,False,False,False,False,False,False,False,2022-12-02 15:04:12.978722+00:00,2022-12-02 15:04:12.978722+00:00
1598668623379210240,ukraine-de,True,True,False,False,False,False,False,False,False,False,2022-12-02 15:04:12.978620+00:00,2022-12-02 15:04:12.978620+00:00
1598668634154565639,ukraine-de,True,True,False,False,False,False,False,False,False,False,2022-12-02 15:04:12.978519+00:00,2022-12-02 15:04:12.978519+00:00
1598668638549995522,ukraine-de,True,True,False,False,False,False,False,False,False,False,2022-12-02 15:04:12.978419+00:00,2022-12-02 15:04:12.978419+00:00
1598668670460465154,ukraine-de,True,True,False,False,False,False,False,False,False,False,2022-12-02 15:04:12.978318+00:00,2022-12-02 15:04:12.978318+00:00
1598668671798448128,ukraine-de,True,True,False,False,False,False,False,False,False,False,2022-12-02 15:04:12.978201+00:00,2022-12-02 15:04:12.978201+00:00
1598668724835434496,ukraine-de,True,False,False,False,False,False,False,False,False,False,2022-12-02 15:04:13.020972+00:00,2022-12-02 15:04:13.020972+00:00
1598668750554808320,ukraine-de,True,True,False,False,False,False,False,False,False,False,2022-12-02 15:04:12.978101+00:00,2022-12-02 15:04:12.978101+00:00
1598668762261118976,ukraine-de,True,True,False,False,False,False,False,False,False,False,2022-12-02 15:04:12.977983+00:00,2022-12-02 15:04:12.977983+00:00
1598668762831634434,ukraine-de,True,True,False,False,False,False,False,False,False,False,2022-12-02 15:04:12.977863+00:00,2022-12-02 15:04:12.977863+00:00
1598668766803525632,ukraine-de,True,True,False,False,False,False,False,False,False,False,2022-12-02 15:04:12.977727+00:00,2022-12-02 15:04:12.977727+00:00
1598668774793773058,ukraine-de,True,True,False,False,False,False,False,False,False,False,2022-12-02 15:04:12.977609+00:00,2022-12-02 15:04:12.977609+00:00
1598668822944391171,ukraine-de,True,True,False,False,False,False,False,False,False,False,2022-12-02 15:04:12.977492+00:00,2022-12-02 15:04:12.977492+00:00
1598668824999448579,ukraine-de,True,True,False,False,False,False,False,False,False,False,2022-12-02 15:04:12.977392+00:00,2022-12-02 15:04:12.977392+00:00
1598668844934959104,ukraine-de,True,True,False,False,False,False,False,False,False,False,2022-12-02 15:04:12.977282+00:00,2022-12-02 15:04:12.977282+00:00
1598668868721037312,ukraine-de,True,False,False,False,False,False,False,False,False,False,2022-12-03 11:06:05.451450+00:00,2022-12-03 11:06:05.451450+00:00
1598668904028688385,ukraine-de,True,True,False,False,False,False,False,False,False,False,2022-12-02 15:04:12.977150+00:00,2022-12-02 15:04:12.977150+00:00
1598668923003617282,ukraine-de,True,True,False,False,False,False,False,False,False,False,2022-12-02 15:04:12.977052+00:00,2022-12-02 15:04:12.977052+00:00
1598668931853475840,ukraine-de,True,True,False,False,False,False,False,False,False,False,2022-12-02 15:04:12.976955+00:00,2022-12-02 15:04:12.976955+00:00
1598668948269985792,ukraine-de,True,True,False,False,False,False,False,False,False,False,2022-12-02 15:04:12.976858+00:00,2022-12-02 15:04:12.976858+00:00
1598668952258985984,ukraine-de,True,True,False,False,False,False,False,False,False,False,2022-12-02 15:04:12.976758+00:00,2022-12-02 15:04:12.976758+00:00
1598668956914565123,ukraine-de,True,True,False,False,False,False,False,False,False,False,2022-12-02 15:04:12.976656+00:00,2022-12-02 15:04:12.976656+00:00
1598668977009438720,ukraine-de,True,True,False,False,False,False,False,False,False,False,2022-12-02 15:04:12.976523+00:00,2022-12-02 15:04:12.976523+00:00
1598669004452859906,ukraine-de,True,True,False,False,False,False,False,False,False,False,2022-12-02 15:04:12.976416+00:00,2022-12-02 15:04:12.976416+00:00
1598669023348146176,ukraine-de,True,True,False,False,False,False,False,False,False,False,2022-12-02 15:04:12.976161+00:00,2022-12-02 15:04:12.976161+00:00
1598669050992857091,ukraine-de,True,True,False,False,False,False,False,False,False,False,2022-12-02 15:04:12.976028+00:00,2022-12-02 15:04:12.976028+00:00
1598669079610593282,ukraine-de,True,True,False,False,False,False,False,False,False,False,2022-12-02 15:04:12.975926+00:00,2022-12-02 15:04:12.975926+00:00
1598669087781126145,ukraine-de,True,True,False,False,False,False,False,False,False,False,2022-12-02 15:04:12.975823+00:00,2022-12-02 15:04:12.975823+00:00
1598669105967648769,ukraine-de,True,True,False,False,False,False,False,False,False,False,2022-12-02 15:04:12.975713+00:00,2022-12-02 15:04:12.975713+00:00
1598669127010459650,ukraine-de,True,True,False,False,False,False,False,False,False,False,2022-12-02 15:04:12.975450+00:00,2022-12-02 15:04:12.975450+00:00
1598669167107923969,ukraine-de,True,True,False,False,False,False,False,False,False,False,2022-12-02 15:04:12.975222+00:00,2022-12-02 15:04:12.975222+00:00
1598669170010374145,ukraine-de,True,True,False,False,False,False,False,False,False,False,2022-12-02 15:04:12.974989+00:00,2022-12-02 15:04:12.974989+00:00
1598669206937018372,ukraine-de,True,True,False,False,False,False,False,False,False,False,2022-12-02 15:04:12.974827+00:00,2022-12-02 15:04:12.974827+00:00
1598669216839868416,ukraine-de,True,True,False,False,False,False,False,False,False,False,2022-12-02 15:04:12.974711+00:00,2022-12-02 15:04:12.974711+00:00
1598669251841331203,ukraine-de,True,True,False,False,False,False,False,False,False,False,2022-12-02 15:04:12.974611+00:00,2022-12-02 15:04:12.974611+00:00
1598669264319307777,ukraine-de,True,True,False,False,False,False,False,False,False,False,2022-12-02 15:04:12.974493+00:00,2022-12-02 15:04:12.974493+00:00
1598669279238422528,ukraine-de,True,True,False,False,False,False,False,False,False,False,2022-12-02 15:04:12.974355+00:00,2022-12-02 15:04:12.974355+00:00
1598669285055922176,ukraine-de,True,False,False,False,False,False,False,False,False,False,2022-12-02 15:01:30.405911+00:00,2022-12-02 15:01:30.405911+00:00
1598669286276571136,ukraine-de,True,True,False,False,False,False,False,False,False,False,2022-12-02 15:04:12.974247+00:00,2022-12-02 15:04:12.974247+00:00
1598669324750753793,ukraine-de,True,True,False,False,False,False,False,False,False,False,2022-12-02 15:04:12.973927+00:00,2022-12-02 15:04:12.973927+00:00
1598669338034290689,ukraine-de,True,True,False,False,False,False,False,False,False,False,2022-12-02 15:04:12.973745+00:00,2022-12-02 15:04:12.973745+00:00
1598669348608135169,ukraine-de,True,True,False,False,False,False,False,False,False,False,2022-12-02 15:01:30.404895+00:00,2022-12-02 15:04:12.973622+00:00
1598669369005019138,ukraine-de,True,True,False,False,False,False,False,False,False,False,2022-12-02 15:04:12.973505+00:00,2022-12-02 15:04:12.973505+00:00
1598669389762809856,ukraine-de,True,True,False,False,False,False,False,False,False,False,2022-12-02 15:04:12.973380+00:00,2022-12-02 15:04:12.973380+00:00
1598669435493093377,ukraine-de,True,False,False,False,False,False,False,False,False,False,2022-12-02 15:01:30.409242+00:00,2022-12-02 15:01:30.409242+00:00
1598669436138946560,ukraine-de,True,True,False,False,False,False,False,False,False,False,2022-12-02 15:04:12.973276+00:00,2022-12-02 15:04:12.973276+00:00
1598669468082880514,ukraine-de,True,True,False,False,False,False,False,False,False,False,2022-12-02 15:01:30.400793+00:00,2022-12-02 15:04:12.973165+00:00
1598669468913356800,ukraine-de,True,True,False,False,False,False,False,False,False,False,2022-12-02 15:04:12.972948+00:00,2022-12-02 15:04:12.972948+00:00
1598669484633559041,ukraine-de,True,True,False,False,False,False,False,False,False,False,2022-12-02 15:04:12.972551+00:00,2022-12-02 15:04:12.972551+00:00
1598669504065708034,ukraine-de,True,False,False,False,False,False,False,False,False,False,2022-12-02 15:01:30.381206+00:00,2022-12-02 15:01:30.381206+00:00
1598669506611593216,ukraine-de,True,True,False,False,False,False,False,False,False,False,2022-12-02 15:04:12.972452+00:00,2022-12-02 15:04:12.972452+00:00
1598669527348387842,ukraine-de,True,True,False,False,False,False,False,False,False,False,2022-12-02 15:04:12.972350+00:00,2022-12-02 15:04:12.972350+00:00
1598669590619312128,ukraine-de,True,True,False,False,False,False,False,False,False,False,2022-12-02 15:04:12.972231+00:00,2022-12-02 15:04:12.972231+00:00
1598669610307538944,ukraine-de,True,True,False,False,False,False,False,False,False,False,2022-12-02 15:04:12.972129+00:00,2022-12-02 15:04:12.972129+00:00
1598669653768749057,ukraine-de,True,True,False,False,False,False,False,False,False,False,2022-12-02 15:04:12.971920+00:00,2022-12-02 15:04:12.971920+00:00
1598669698048090113,ukraine-de,True,False,False,False,False,False,False,False,False,False,2022-12-02 19:51:22.162944+00:00,2022-12-02 19:51:22.162944+00:00
1598669703169335296,ukraine-de,True,True,False,False,False,False,False,False,False,False,2022-12-02 15:04:12.971819+00:00,2022-12-02 15:04:12.971819+00:00
1598669719820804098,ukraine-de,True,True,False,False,False,False,False,False,False,False,2022-12-02 15:04:12.971721+00:00,2022-12-02 15:04:12.971721+00:00
1598669724468002817,ukraine-de,True,False,False,False,False,False,False,False,False,False,2022-12-02 15:01:30.405347+00:00,2022-12-02 15:01:30.405347+00:00
1598669738166681601,ukraine-de,True,True,False,False,False,False,False,False,False,False,2022-12-02 15:04:12.971620+00:00,2022-12-02 15:04:12.971620+00:00
1598669787571232769,ukraine-de,True,True,False,False,False,False,False,False,False,False,2022-12-02 15:04:12.971503+00:00,2022-12-02 15:04:12.971503+00:00
1598669820190498816,ukraine-de,True,True,False,False,False,False,False,False,False,False,2022-12-02 15:04:12.971401+00:00,2022-12-02 15:04:12.971401+00:00
1598669834023305216,ukraine-de,True,True,False,False,False,False,False,False,False,False,2022-12-02 15:04:12.971289+00:00,2022-12-02 15:04:12.971289+00:00
1598669898321887233,ukraine-de,True,True,False,False,False,False,False,False,False,False,2022-12-02 15:04:12.971186+00:00,2022-12-02 15:04:12.971186+00:00
1598669909780623360,ukraine-de,True,True,False,False,False,False,False,False,False,False,2022-12-02 15:04:12.971078+00:00,2022-12-02 15:04:12.971078+00:00
1598669922065948674,ukraine-de,True,True,False,False,False,False,False,False,False,False,2022-12-02 15:01:30.410044+00:00,2022-12-02 15:04:12.970977+00:00
1598669923831652355,ukraine-de,True,True,False,False,False,False,False,False,False,False,2022-12-02 15:04:12.970875+00:00,2022-12-02 15:04:12.970875+00:00
1598669927640190976,ukraine-de,True,True,False,False,False,False,False,False,False,False,2022-12-02 15:04:12.970758+00:00,2022-12-02 15:04:12.970758+00:00
1598669928415997953,ukraine-de,True,True,False,False,False,False,False,False,False,False,2022-12-02 15:04:12.970657+00:00,2022-12-02 15:04:12.970657+00:00
1598669931360538625,ukraine-de,True,True,False,False,False,False,False,False,False,False,2022-12-02 15:04:12.970555+00:00,2022-12-02 15:04:12.970555+00:00
1598670024855674886,ukraine-de,True,True,False,False,False,False,False,False,False,False,2022-12-02 15:04:12.970457+00:00,2022-12-02 15:04:12.970457+00:00
1598670028207013888,ukraine-de,True,True,False,False,False,False,False,False,False,False,2022-12-02 15:04:12.970359+00:00,2022-12-02 15:04:12.970359+00:00
1598670060045869056,ukraine-de,True,True,False,False,False,False,False,False,False,False,2022-12-02 15:01:05.659212+00:00,2022-12-02 15:04:12.970261+00:00
1598670066081562624,ukraine-de,True,True,False,False,False,False,False,False,False,False,2022-12-02 15:04:12.970162+00:00,2022-12-02 15:04:12.970162+00:00
1598670069621399552,ukraine-de,True,True,False,False,False,False,False,False,False,False,2022-12-02 15:04:12.970063+00:00,2022-12-02 15:04:12.970063+00:00
1598670082007216129,ukraine-de,True,True,False,False,False,False,False,False,False,False,2022-12-02 15:04:12.969962+00:00,2022-12-02 15:04:12.969962+00:00
1598670093373808647,ukraine-de,True,True,False,False,False,False,False,False,False,False,2022-12-02 15:04:12.969843+00:00,2022-12-02 15:04:12.969843+00:00
1598670107630247937,ukraine-de,True,True,False,False,False,False,False,False,False,False,2022-12-02 15:04:12.969714+00:00,2022-12-02 15:04:12.969714+00:00
1598670121928720385,ukraine-de,True,True,False,False,False,False,False,False,False,False,2022-12-02 15:04:12.969413+00:00,2022-12-02 15:04:12.969413+00:00
1598670125024137217,ukraine-de,True,True,False,False,False,False,False,False,False,False,2022-12-02 15:04:12.969316+00:00,2022-12-02 15:04:12.969316+00:00
1598670130036219904,ukraine-de,True,True,False,False,False,False,False,False,False,False,2022-12-02 15:04:12.969219+00:00,2022-12-02 15:04:12.969219+00:00
1598670138047356929,ukraine-de,True,True,False,False,False,False,False,False,False,False,2022-12-02 15:04:12.969122+00:00,2022-12-02 15:04:12.969122+00:00
1598670153155330051,ukraine-de,True,True,False,False,False,False,False,False,False,False,2022-12-02 15:04:12.969024+00:00,2022-12-02 15:04:12.969024+00:00
1598670192015556613,ukraine-de,True,True,False,False,False,False,False,False,False,False,2022-12-02 15:04:12.968926+00:00,2022-12-02 15:04:12.968926+00:00
1598670196868268038,ukraine-de,True,True,False,False,False,False,False,False,False,False,2022-12-02 15:04:12.968826+00:00,2022-12-02 15:04:12.968826+00:00
1598670276815978500,ukraine-de,True,True,False,False,False,False,False,False,False,False,2022-12-02 15:04:12.968719+00:00,2022-12-02 15:04:12.968719+00:00
1598670306163527681,ukraine-de,True,True,False,False,False,False,False,False,False,False,2022-12-02 15:04:12.968621+00:00,2022-12-02 15:04:12.968621+00:00
1598670318285078529,ukraine-de,True,False,False,False,False,False,False,False,False,False,2022-12-02 19:50:36.529097+00:00,2022-12-02 19:50:36.529097+00:00
1598670322315804676,ukraine-de,True,True,False,False,False,False,False,False,False,False,2022-12-02 15:04:12.968522+00:00,2022-12-02 15:04:12.968522+00:00
1598670365873516544,ukraine-de,True,True,False,False,False,False,False,False,False,False,2022-12-02 15:04:12.968423+00:00,2022-12-02 15:04:12.968423+00:00
1598670401986564096,ukraine-de,True,True,False,False,False,False,False,False,False,False,2022-12-02 15:04:12.968323+00:00,2022-12-02 15:04:12.968323+00:00
1598670416238755840,ukraine-de,True,True,False,False,False,False,False,False,False,False,2022-12-02 15:04:12.968212+00:00,2022-12-02 15:04:12.968212+00:00
1598670433582288897,ukraine-de,True,True,False,False,False,False,False,False,False,False,2022-12-02 15:04:12.968113+00:00,2022-12-02 15:04:12.968113+00:00
1598670497301946368,ukraine-de,True,True,False,False,False,False,False,False,False,False,2022-12-02 15:04:12.968013+00:00,2022-12-02 15:04:12.968013+00:00
1598670498245779457,ukraine-de,True,False,False,False,False,False,False,False,False,False,2022-12-02 15:04:13.026145+00:00,2022-12-02 15:04:13.026145+00:00
1598670519334731778,ukraine-de,True,True,False,False,False,False,False,False,False,False,2022-12-02 15:04:12.967915+00:00,2022-12-02 15:04:12.967915+00:00
1598670532249108483,ukraine-de,True,True,False,False,False,False,False,False,False,False,2022-12-02 15:04:12.967814+00:00,2022-12-02 15:04:12.967814+00:00
1598670544123183105,ukraine-de,True,False,False,False,False,False,False,False,False,False,2022-12-02 15:01:30.409698+00:00,2022-12-02 15:01:30.409698+00:00
1598670550959673345,ukraine-de,True,True,False,False,False,False,False,False,False,False,2022-12-02 15:04:12.967714+00:00,2022-12-02 15:04:12.967714+00:00
1598670557687549953,ukraine-de,True,True,False,False,False,False,False,False,False,False,2022-12-02 15:04:12.967613+00:00,2022-12-02 15:04:12.967613+00:00
1598670569234276352,ukraine-de,True,True,False,False,False,False,False,False,False,False,2022-12-02 15:04:12.967497+00:00,2022-12-02 15:04:12.967497+00:00
1598670570534580224,ukraine-de,True,True,False,False,False,False,False,False,False,False,2022-12-02 15:04:12.967397+00:00,2022-12-02 15:04:12.967397+00:00
1598670572904398848,ukraine-de,True,True,False,False,False,False,False,False,False,False,2022-12-02 15:04:12.967283+00:00,2022-12-02 15:04:12.967283+00:00
1598670589505376256,ukraine-de,True,True,False,False,False,False,False,False,False,False,2022-12-02 15:04:12.967167+00:00,2022-12-02 15:04:12.967167+00:00
1598670625991688193,ukraine-de,True,True,False,False,False,False,False,False,False,False,2022-12-02 15:04:12.967068+00:00,2022-12-02 15:04:12.967068+00:00
1598670644702486534,ukraine-de,True,True,False,False,False,False,False,False,False,False,2022-12-02 15:04:12.966969+00:00,2022-12-02 15:04:12.966969+00:00
1598670664918921216,ukraine-de,True,True,False,False,False,False,False,False,False,False,2022-12-02 15:04:12.966871+00:00,2022-12-02 15:04:12.966871+00:00
1598670691544489984,ukraine-de,True,True,False,False,False,False,False,False,False,False,2022-12-02 15:04:12.966771+00:00,2022-12-02 15:04:12.966771+00:00
1598670705205264385,ukraine-de,True,True,False,False,False,False,False,False,False,False,2022-12-02 15:04:12.966670+00:00,2022-12-02 15:04:12.966670+00:00
1598670706547789825,ukraine-de,True,True,False,False,False,False,False,False,False,False,2022-12-02 15:04:12.966568+00:00,2022-12-02 15:04:12.966568+00:00
1598670733999280134,ukraine-de,True,True,False,False,False,False,False,False,False,False,2022-12-02 15:04:12.966447+00:00,2022-12-02 15:04:12.966447+00:00
1598670739799941120,ukraine-de,True,True,False,False,False,False,False,False,False,False,2022-12-02 15:04:12.966348+00:00,2022-12-02 15:04:12.966348+00:00
1598670749123940360,ukraine-de,True,True,False,False,False,False,False,False,False,False,2022-12-02 15:04:12.966246+00:00,2022-12-02 15:04:12.966246+00:00
1598670760238755841,ukraine-de,True,True,False,False,False,False,False,False,False,False,2022-12-02 15:04:12.966144+00:00,2022-12-02 15:04:12.966144+00:00
1598670764101754881,ukraine-de,True,False,False,False,False,False,False,False,False,False,2022-12-02 15:01:30.393844+00:00,2022-12-02 15:01:30.393844+00:00
1598670768396816384,ukraine-de,True,True,False,False,False,False,False,False,False,False,2022-12-02 15:04:12.966040+00:00,2022-12-02 15:04:12.966040+00:00
1598670770921693184,ukraine-de,True,True,False,False,False,False,False,False,False,False,2022-12-02 15:04:12.965805+00:00,2022-12-02 15:04:12.965805+00:00
1598670770972106756,ukraine-de,True,True,False,False,False,False,False,False,False,False,2022-12-02 15:04:12.965564+00:00,2022-12-02 15:04:12.965564+00:00
1598670773740257280,ukraine-de,True,True,False,False,False,False,False,False,False,False,2022-12-02 15:04:12.965465+00:00,2022-12-02 15:04:12.965465+00:00
1598670777968123904,ukraine-de,True,True,False,False,False,False,False,False,False,False,2022-12-02 15:04:12.965366+00:00,2022-12-02 15:04:12.965366+00:00
1598670830778683392,ukraine-de,True,True,False,False,False,False,False,False,False,False,2022-12-02 15:04:12.965265+00:00,2022-12-02 15:04:12.965265+00:00
1598670837627985920,ukraine-de,True,True,False,False,False,False,False,False,False,False,2022-12-02 15:04:12.965156+00:00,2022-12-02 15:04:12.965156+00:00
1598670838676455424,ukraine-de,True,True,False,False,False,False,False,False,False,False,2022-12-02 15:04:12.965057+00:00,2022-12-02 15:04:12.965057+00:00
1598670838940704768,ukraine-de,True,False,False,False,False,False,False,False,False,False,2022-12-02 19:51:41.481282+00:00,2022-12-02 19:51:41.481282+00:00
1598670848365412354,ukraine-de,True,True,False,False,False,False,False,False,False,False,2022-12-02 15:04:12.964959+00:00,2022-12-02 15:04:12.964959+00:00
1598670873682186240,ukraine-de,True,True,False,False,False,False,False,False,False,False,2022-12-02 15:04:12.964860+00:00,2022-12-02 15:04:12.964860+00:00
1598670900618035200,ukraine-de,True,False,False,False,False,False,False,False,False,False,2022-12-03 01:30:30.063798+00:00,2022-12-03 01:30:30.063798+00:00
1598670917026172929,ukraine-de,True,True,False,False,False,False,False,False,False,False,2022-12-02 15:04:12.964760+00:00,2022-12-02 15:04:12.964760+00:00
1598670917680304128,ukraine-de,True,False,False,False,False,False,False,False,False,False,2022-12-02 15:01:30.402967+00:00,2022-12-02 15:01:30.402967+00:00
1598670924848697345,ukraine-de,True,True,False,False,False,False,False,False,False,False,2022-12-02 15:04:12.964657+00:00,2022-12-02 15:04:12.964657+00:00
1598670932641456135,ukraine-de,True,True,False,False,False,False,False,False,False,False,2022-12-02 15:04:12.964539+00:00,2022-12-02 15:04:12.964539+00:00
1598670953789247488,ukraine-de,True,True,False,False,False,False,False,False,False,False,2022-12-02 15:04:12.964435+00:00,2022-12-02 15:04:12.964435+00:00
1598670958180634624,ukraine-de,True,True,False,False,False,False,False,False,False,False,2022-12-02 15:04:12.964317+00:00,2022-12-02 15:04:12.964317+00:00
1598670978657054721,ukraine-de,True,True,False,False,False,False,False,False,False,False,2022-12-02 15:04:12.964218+00:00,2022-12-02 15:04:12.964218+00:00
1598670989478576133,ukraine-de,True,True,False,False,False,False,False,False,False,False,2022-12-02 15:04:12.964120+00:00,2022-12-02 15:04:12.964120+00:00
1598671055647817729,ukraine-de,True,True,False,False,False,False,False,False,False,False,2022-12-02 15:04:12.964018+00:00,2022-12-02 15:04:12.964018+00:00
1598671073989611521,ukraine-de,True,True,False,False,False,False,False,False,False,False,2022-12-02 15:04:12.963919+00:00,2022-12-02 15:04:12.963919+00:00
1598671082118062080,ukraine-de,True,False,False,False,False,False,False,False,False,False,2022-12-02 19:51:30.191606+00:00,2022-12-02 19:51:30.191606+00:00
1598671089881735168,ukraine-de,True,True,False,False,False,False,False,False,False,False,2022-12-02 15:04:12.963817+00:00,2022-12-02 15:04:12.963817+00:00
1598671111767658496,ukraine-de,True,False,False,False,False,False,False,False,False,False,2022-12-02 19:50:36.513370+00:00,2022-12-02 19:50:36.513370+00:00
1598671142939762689,ukraine-de,True,True,False,False,False,False,False,False,False,False,2022-12-02 15:04:12.963717+00:00,2022-12-02 15:04:12.963717+00:00
1598671177555271684,ukraine-de,True,True,False,False,False,False,False,False,False,False,2022-12-02 15:04:12.963560+00:00,2022-12-02 15:04:12.963560+00:00
1598671179451187204,ukraine-de,True,True,False,False,False,False,False,False,False,False,2022-12-02 15:04:12.963459+00:00,2022-12-02 15:04:12.963459+00:00
1598671181191716864,ukraine-de,True,True,False,False,False,False,False,False,False,False,2022-12-02 15:04:12.963357+00:00,2022-12-02 15:04:12.963357+00:00
1598671213425004544,ukraine-de,True,True,False,False,False,False,False,False,False,False,2022-12-02 15:04:12.963229+00:00,2022-12-02 15:04:12.963229+00:00
1598671218630074371,ukraine-de,True,True,False,False,False,False,False,False,False,False,2022-12-02 15:04:12.963129+00:00,2022-12-02 15:04:12.963129+00:00
1598671221025021953,ukraine-de,True,True,False,False,False,False,False,False,False,False,2022-12-02 15:04:12.963031+00:00,2022-12-02 15:04:12.963031+00:00
1598671271222550530,ukraine-de,True,True,False,False,False,False,False,False,False,False,2022-12-02 15:04:12.962930+00:00,2022-12-02 15:04:12.962930+00:00
1598671340998778880,ukraine-de,True,True,False,False,False,False,False,False,False,False,2022-12-02 15:04:12.962829+00:00,2022-12-02 15:04:12.962829+00:00
1598671350541045760,ukraine-de,True,True,False,False,False,False,False,False,False,False,2022-12-02 15:04:12.962727+00:00,2022-12-02 15:04:12.962727+00:00
1598671363937652738,ukraine-de,True,True,False,False,False,False,False,False,False,False,2022-12-02 15:04:12.962624+00:00,2022-12-02 15:04:12.962624+00:00
1598671386763034624,ukraine-de,True,True,False,False,False,False,False,False,False,False,2022-12-02 15:04:12.962509+00:00,2022-12-02 15:04:12.962509+00:00
1598671402609016832,ukraine-de,True,True,False,False,False,False,False,False,False,False,2022-12-02 15:04:12.962327+00:00,2022-12-02 15:04:12.962327+00:00
1598671410322448385,ukraine-de,True,True,False,False,False,False,False,False,False,False,2022-12-02 15:04:12.962227+00:00,2022-12-02 15:04:12.962227+00:00
1598671410678865920,ukraine-de,True,True,False,False,False,False,False,False,False,False,2022-12-02 15:04:12.962126+00:00,2022-12-02 15:04:12.962126+00:00
1598671433651167232,ukraine-de,True,True,False,False,False,False,False,False,False,False,2022-12-02 15:04:12.962024+00:00,2022-12-02 15:04:12.962024+00:00
1598671449132191746,ukraine-de,True,True,False,False,False,False,False,False,False,False,2022-12-02 15:04:12.961922+00:00,2022-12-02 15:04:12.961922+00:00
1598671463346675713,ukraine-de,True,True,False,False,False,False,False,False,False,False,2022-12-02 15:04:12.961813+00:00,2022-12-02 15:04:12.961813+00:00
1598671499153612800,ukraine-de,True,True,False,False,False,False,False,False,False,False,2022-12-02 15:04:12.961709+00:00,2022-12-02 15:04:12.961709+00:00
1598671516346060806,ukraine-de,True,True,False,False,False,False,False,False,False,False,2022-12-02 15:04:12.961566+00:00,2022-12-02 15:04:12.961566+00:00
1598671598038425600,ukraine-de,True,True,False,False,False,False,False,False,False,False,2022-12-02 15:04:12.961465+00:00,2022-12-02 15:04:12.961465+00:00
1598671645383839744,ukraine-de,True,True,False,False,False,False,False,False,False,False,2022-12-02 15:04:12.961361+00:00,2022-12-02 15:04:12.961361+00:00
1598671654640549888,ukraine-de,True,True,False,False,False,False,False,False,False,False,2022-12-02 15:04:12.961259+00:00,2022-12-02 15:04:12.961259+00:00
1598671687708340225,ukraine-de,True,True,False,False,False,False,False,False,False,False,2022-12-02 15:04:12.961153+00:00,2022-12-02 15:04:12.961153+00:00
1598671702854090753,ukraine-de,True,True,False,False,False,False,False,False,False,False,2022-12-02 15:04:12.960920+00:00,2022-12-02 15:04:12.960920+00:00
1598671724400230402,ukraine-de,True,True,False,False,False,False,False,False,False,False,2022-12-02 15:04:12.960823+00:00,2022-12-02 15:04:12.960823+00:00
1598671731375443968,ukraine-de,True,True,False,False,False,False,False,False,False,False,2022-12-02 15:04:12.960724+00:00,2022-12-02 15:04:12.960724+00:00
1598671747045367809,ukraine-de,True,True,False,False,False,False,False,False,False,False,2022-12-02 15:04:12.960626+00:00,2022-12-02 15:04:12.960626+00:00
1598671785435725825,ukraine-de,True,True,False,False,False,False,False,False,False,False,2022-12-02 15:04:12.960526+00:00,2022-12-02 15:04:12.960526+00:00
1598671809699729408,ukraine-de,True,True,False,False,False,False,False,False,False,False,2022-12-02 15:04:12.960426+00:00,2022-12-02 15:04:12.960426+00:00
1598671816687587329,ukraine-de,True,True,False,False,False,False,False,False,False,False,2022-12-02 15:04:12.960326+00:00,2022-12-02 15:04:12.960326+00:00
1598671826959441921,ukraine-de,True,True,False,False,False,False,False,False,False,False,2022-12-02 15:04:12.960225+00:00,2022-12-02 15:04:12.960225+00:00
1598671842679537665,ukraine-de,True,False,False,False,False,False,False,False,False,False,2022-12-02 19:50:17.514699+00:00,2022-12-02 19:50:17.514699+00:00
1598671851001188354,ukraine-de,True,True,False,False,False,False,False,False,False,False,2022-12-02 15:04:12.960124+00:00,2022-12-02 15:04:12.960124+00:00
1598671881887956994,ukraine-de,True,True,False,False,False,False,False,False,False,False,2022-12-02 15:04:12.959993+00:00,2022-12-02 15:04:12.959993+00:00
1598671910509973504,ukraine-de,True,True,False,False,False,False,False,False,False,False,2022-12-02 15:04:12.959884+00:00,2022-12-02 15:04:12.959884+00:00
1598671918986678274,ukraine-de,True,True,False,False,False,False,False,False,False,False,2022-12-02 15:04:12.959781+00:00,2022-12-02 15:04:12.959781+00:00
1598671932286992386,ukraine-de,True,True,False,False,False,False,False,False,False,False,2022-12-02 15:04:12.959660+00:00,2022-12-02 15:04:12.959660+00:00
1598671934975254529,ukraine-de,True,True,False,False,False,False,False,False,False,False,2022-12-02 15:04:12.959559+00:00,2022-12-02 15:04:12.959559+00:00
1598671938863235073,ukraine-de,True,False,False,False,False,False,False,False,False,False,2022-12-02 15:01:30.391683+00:00,2022-12-02 15:01:30.391683+00:00
1598671955623821316,ukraine-de,True,False,False,False,False,False,False,False,False,False,2022-12-02 15:01:30.399562+00:00,2022-12-02 15:01:30.399562+00:00
1598671963467223041,ukraine-de,True,True,False,False,False,False,False,False,False,False,2022-12-02 15:04:12.959445+00:00,2022-12-02 15:04:12.959445+00:00
1598671966067638274,ukraine-de,True,False,False,False,False,False,False,False,False,False,2022-12-02 15:01:05.649534+00:00,2022-12-02 15:01:05.649534+00:00
1598671993603330051,ukraine-de,True,True,False,False,False,False,False,False,False,False,2022-12-02 15:04:12.959303+00:00,2022-12-02 15:04:12.959303+00:00
1598672028449447937,ukraine-de,True,True,False,False,False,False,False,False,False,False,2022-12-02 15:04:12.959206+00:00,2022-12-02 15:04:12.959206+00:00
1598672036531884033,ukraine-de,True,True,False,False,False,False,False,False,False,False,2022-12-02 15:04:12.959109+00:00,2022-12-02 15:04:12.959109+00:00
1598672041569304578,ukraine-de,True,True,False,False,False,False,False,False,False,False,2022-12-02 15:04:12.959009+00:00,2022-12-02 15:04:12.959009+00:00
1598672044954091521,ukraine-de,True,True,False,False,False,False,False,False,False,False,2022-12-02 15:04:12.958912+00:00,2022-12-02 15:04:12.958912+00:00
1598672085806903299,ukraine-de,True,True,False,False,False,False,False,False,False,False,2022-12-02 15:04:12.958816+00:00,2022-12-02 15:04:12.958816+00:00
1598672095592022016,ukraine-de,True,True,False,False,False,False,False,False,False,False,2022-12-02 15:04:12.958719+00:00,2022-12-02 15:04:12.958719+00:00
1598672107931582464,ukraine-de,True,True,False,False,False,False,False,False,False,False,2022-12-02 15:04:12.958622+00:00,2022-12-02 15:04:12.958622+00:00
1598672159643242496,ukraine-de,True,True,False,False,False,False,False,False,False,False,2022-12-02 15:04:12.958512+00:00,2022-12-02 15:04:12.958512+00:00
1598672180002394114,ukraine-de,True,True,False,False,False,False,False,False,False,False,2022-12-02 15:04:12.958415+00:00,2022-12-02 15:04:12.958415+00:00
1598672186239201281,ukraine-de,True,False,False,False,False,False,False,False,False,False,2022-12-02 15:04:13.011672+00:00,2022-12-02 15:04:13.011672+00:00
1598672196045574147,ukraine-de,True,True,False,False,False,False,False,False,False,False,2022-12-02 15:04:12.958316+00:00,2022-12-02 15:04:12.958316+00:00
1598672209681293314,ukraine-de,True,True,False,False,False,False,False,False,False,False,2022-12-02 15:04:12.958210+00:00,2022-12-02 15:04:12.958210+00:00
1598672225502171136,ukraine-de,True,True,False,False,False,False,False,False,False,False,2022-12-02 15:04:12.958110+00:00,2022-12-02 15:04:12.958110+00:00
1598672242476556289,ukraine-de,True,True,False,False,False,False,False,False,False,False,2022-12-02 15:01:30.409470+00:00,2022-12-02 15:04:12.958010+00:00
1598672258461061121,ukraine-de,True,True,False,False,False,False,False,False,False,False,2022-12-02 15:04:12.957887+00:00,2022-12-02 15:04:12.957887+00:00
1598672289616334848,ukraine-de,True,True,False,False,False,False,False,False,False,False,2022-12-02 15:04:12.957754+00:00,2022-12-02 15:04:12.957754+00:00
1598672300156387328,ukraine-de,True,True,False,False,False,False,False,False,False,False,2022-12-02 15:04:12.957654+00:00,2022-12-02 15:04:12.957654+00:00
1598672317911302146,ukraine-de,True,True,False,False,False,False,False,False,False,False,2022-12-02 15:04:12.957536+00:00,2022-12-02 15:04:12.957536+00:00
1598672371187064836,ukraine-de,True,True,False,False,False,False,False,False,False,False,2022-12-02 15:04:12.957434+00:00,2022-12-02 15:04:12.957434+00:00
1598672387284774919,ukraine-de,True,True,False,False,False,False,False,False,False,False,2022-12-02 15:04:12.957302+00:00,2022-12-02 15:04:12.957302+00:00
1598672420541546496,ukraine-de,True,True,False,False,False,False,False,False,False,False,2022-12-02 15:04:12.957088+00:00,2022-12-02 15:04:12.957088+00:00
1598672422043099137,ukraine-de,True,False,False,False,False,False,False,False,False,False,2022-12-03 01:30:18.834424+00:00,2022-12-03 01:30:18.834424+00:00
1598672432277192708,ukraine-de,True,True,False,False,False,False,False,False,False,False,2022-12-02 15:04:12.956939+00:00,2022-12-02 15:04:12.956939+00:00
1598672445145235460,ukraine-de,True,True,False,False,False,False,False,False,False,False,2022-12-02 15:04:12.956839+00:00,2022-12-02 15:04:12.956839+00:00
1598672456163680256,ukraine-de,True,True,False,False,False,False,False,False,False,False,2022-12-02 15:04:12.956737+00:00,2022-12-02 15:04:12.956737+00:00
1598672476233416705,ukraine-de,True,True,False,False,False,False,False,False,False,False,2022-12-02 15:04:12.956620+00:00,2022-12-02 15:04:12.956620+00:00
1598672511801196545,ukraine-de,True,True,False,False,False,False,False,False,False,False,2022-12-02 15:04:12.956521+00:00,2022-12-02 15:04:12.956521+00:00
1598672525818576896,ukraine-de,True,False,False,False,False,False,False,False,False,False,2022-12-02 15:04:13.010564+00:00,2022-12-02 15:04:13.010564+00:00
1598672529215963137,ukraine-de,True,True,False,False,False,False,False,False,False,False,2022-12-02 15:04:12.956420+00:00,2022-12-02 15:04:12.956420+00:00
1598672609729687554,ukraine-de,True,True,False,False,False,False,False,False,False,False,2022-12-02 15:04:12.956308+00:00,2022-12-02 15:04:12.956308+00:00
1598672623591882752,ukraine-de,True,True,False,False,False,False,False,False,False,False,2022-12-02 15:04:12.956210+00:00,2022-12-02 15:04:12.956210+00:00
1598672639240933379,ukraine-de,True,True,False,False,False,False,False,False,False,False,2022-12-02 15:04:12.956111+00:00,2022-12-02 15:04:12.956111+00:00
1598672647059128325,ukraine-de,True,True,False,False,False,False,False,False,False,False,2022-12-02 15:04:12.956009+00:00,2022-12-02 15:04:12.956009+00:00
1598672668886241281,ukraine-de,True,True,False,False,False,False,False,False,False,False,2022-12-02 15:04:12.955900+00:00,2022-12-02 15:04:12.955900+00:00
1598672695423635458,ukraine-de,True,True,False,False,False,False,False,False,False,False,2022-12-02 15:04:12.955802+00:00,2022-12-02 15:04:12.955802+00:00
1598672705250742274,ukraine-de,True,True,False,False,False,False,False,False,False,False,2022-12-02 15:04:12.955703+00:00,2022-12-02 15:04:12.955703+00:00
1598672713081421826,ukraine-de,True,True,False,False,False,False,False,False,False,False,2022-12-02 15:04:12.955605+00:00,2022-12-02 15:04:12.955605+00:00
1598672720727887873,ukraine-de,True,False,False,False,False,False,False,False,False,False,2022-12-02 15:01:30.381471+00:00,2022-12-02 15:01:30.381471+00:00
1598672743297343490,ukraine-de,True,True,False,False,False,False,False,False,False,False,2022-12-02 15:01:30.389977+00:00,2022-12-02 15:04:12.955505+00:00
1598672773248823297,ukraine-de,True,True,False,False,False,False,False,False,False,False,2022-12-02 15:04:12.955404+00:00,2022-12-02 15:04:12.955404+00:00
1598672830513700866,ukraine-de,True,True,False,False,False,False,False,False,False,False,2022-12-02 15:04:12.955278+00:00,2022-12-02 15:04:12.955278+00:00
1598672845118140417,ukraine-de,True,True,False,False,False,False,False,False,False,False,2022-12-02 15:04:12.955165+00:00,2022-12-02 15:04:12.955165+00:00
1598672857227214849,ukraine-de,True,True,False,False,False,False,False,False,False,False,2022-12-02 15:04:12.955067+00:00,2022-12-02 15:04:12.955067+00:00
1598672861232865282,ukraine-de,True,True,False,False,False,False,False,False,False,False,2022-12-02 15:04:12.954967+00:00,2022-12-02 15:04:12.954967+00:00
1598672901489598465,ukraine-de,True,False,False,False,False,False,False,False,False,False,2022-12-02 19:51:08.487287+00:00,2022-12-02 19:51:08.487287+00:00
1598672906262925312,ukraine-de,True,True,False,False,False,False,False,False,False,False,2022-12-02 15:04:12.954842+00:00,2022-12-02 15:04:12.954842+00:00
1598672914760474625,ukraine-de,True,True,False,False,False,False,False,False,False,False,2022-12-02 15:01:05.639475+00:00,2022-12-02 15:04:12.954748+00:00
1598672927423070214,ukraine-de,True,False,False,False,False,False,False,False,False,False,2022-12-02 15:04:13.009317+00:00,2022-12-02 15:04:13.009317+00:00
1598672929537069062,ukraine-de,True,True,False,False,False,False,False,False,False,False,2022-12-02 15:04:12.954653+00:00,2022-12-02 15:04:12.954653+00:00
1598672934696112132,ukraine-de,True,True,False,False,False,False,False,False,False,False,2022-12-02 15:04:12.954558+00:00,2022-12-02 15:04:12.954558+00:00
1598672942832881664,ukraine-de,True,True,False,False,False,False,False,False,False,False,2022-12-02 15:04:12.954446+00:00,2022-12-02 15:04:12.954446+00:00
1598672946322706437,ukraine-de,True,False,False,False,False,False,False,False,False,False,2022-12-02 15:01:05.635968+00:00,2022-12-02 15:01:05.635968+00:00
1598672969420574722,ukraine-de,True,True,False,False,False,False,False,False,False,False,2022-12-02 15:04:12.954345+00:00,2022-12-02 15:04:12.954345+00:00
1598672969772982273,ukraine-de,True,True,False,False,False,False,False,False,False,False,2022-12-02 15:04:12.954228+00:00,2022-12-02 15:04:12.954228+00:00
1598672971094278144,ukraine-de,True,True,False,False,False,False,False,False,False,False,2022-12-02 15:04:12.954128+00:00,2022-12-02 15:04:12.954128+00:00
1598673012349440001,ukraine-de,True,False,False,False,False,False,False,False,False,False,2022-12-02 15:01:30.391234+00:00,2022-12-02 15:01:30.391234+00:00
1598673012508631040,ukraine-de,True,True,False,False,False,False,False,False,False,False,2022-12-02 15:04:12.954006+00:00,2022-12-02 15:04:12.954006+00:00
1598673026677186562,ukraine-de,True,True,False,False,False,False,False,False,False,False,2022-12-02 15:04:12.953909+00:00,2022-12-02 15:04:12.953909+00:00
1598673026870116353,ukraine-de,True,True,False,False,False,False,False,False,False,False,2022-12-02 15:04:12.953810+00:00,2022-12-02 15:04:12.953810+00:00
1598673030435045377,ukraine-de,True,False,False,False,False,False,False,False,False,False,2022-12-02 22:35:17.207735+00:00,2022-12-02 22:35:17.207735+00:00
1598673031504830466,ukraine-de,True,True,False,False,False,False,False,False,False,False,2022-12-02 15:04:12.953713+00:00,2022-12-02 15:04:12.953713+00:00
1598673056444174337,ukraine-de,True,True,False,False,False,False,False,False,False,False,2022-12-02 15:04:12.953614+00:00,2022-12-02 15:04:12.953614+00:00
1598673090816331776,ukraine-de,True,True,False,False,False,False,False,False,False,False,2022-12-02 15:04:12.953498+00:00,2022-12-02 15:04:12.953498+00:00
1598673123553034240,ukraine-de,True,True,False,False,False,False,False,False,False,False,2022-12-02 15:04:12.953399+00:00,2022-12-02 15:04:12.953399+00:00
1598673144205672451,ukraine-de,True,False,False,False,False,False,False,False,False,False,2022-12-02 19:51:41.484752+00:00,2022-12-02 19:51:41.484752+00:00
1598673177441407001,ukraine-de,True,True,False,False,False,False,False,False,False,False,2022-12-02 15:04:12.953299+00:00,2022-12-02 15:04:12.953299+00:00
1598673206017228803,ukraine-de,True,True,False,False,False,False,False,False,False,False,2022-12-02 15:04:12.953199+00:00,2022-12-02 15:04:12.953199+00:00
1598673244403515396,ukraine-de,True,True,False,False,False,False,False,False,False,False,2022-12-02 15:04:12.953092+00:00,2022-12-02 15:04:12.953092+00:00
1598673247683325952,ukraine-de,True,True,False,False,False,False,False,False,False,False,2022-12-02 15:04:12.952948+00:00,2022-12-02 15:04:12.952948+00:00
1598673258223640577,ukraine-de,True,True,False,False,False,False,False,False,False,False,2022-12-02 15:04:12.952849+00:00,2022-12-02 15:04:12.952849+00:00
1598673266020794368,ukraine-de,True,True,False,False,False,False,False,False,False,False,2022-12-02 15:04:12.952749+00:00,2022-12-02 15:04:12.952749+00:00
1598673266461351940,ukraine-de,True,True,False,False,False,False,False,False,False,False,2022-12-02 15:04:12.952640+00:00,2022-12-02 15:04:12.952640+00:00
1598673282219347969,ukraine-de,True,True,False,False,False,False,False,False,False,False,2022-12-02 15:04:12.952401+00:00,2022-12-02 15:04:12.952401+00:00
1598673282651553792,ukraine-de,True,True,False,False,False,False,False,False,False,False,2022-12-02 15:04:12.952269+00:00,2022-12-02 15:04:12.952269+00:00
1598673310526722048,ukraine-de,True,True,False,False,False,False,False,False,False,False,2022-12-02 15:04:12.952134+00:00,2022-12-02 15:04:12.952134+00:00
1598673384698630144,ukraine-de,True,True,False,False,False,False,False,False,False,False,2022-12-02 15:04:12.952015+00:00,2022-12-02 15:04:12.952015+00:00
1598673392445661184,ukraine-de,True,True,False,False,False,False,False,False,False,False,2022-12-02 15:04:12.951903+00:00,2022-12-02 15:04:12.951903+00:00
1598673393288712192,ukraine-de,True,True,False,False,False,False,False,False,False,False,2022-12-02 15:04:12.951711+00:00,2022-12-02 15:04:12.951711+00:00
1598673416717991939,ukraine-de,True,True,False,False,False,False,False,False,False,False,2022-12-02 15:01:30.408794+00:00,2022-12-02 15:04:12.951547+00:00
1598673419033202688,ukraine-de,True,True,False,False,False,False,False,False,False,False,2022-12-02 15:04:12.951421+00:00,2022-12-02 15:04:12.951421+00:00
1598673458757570561,ukraine-de,True,True,False,False,False,False,False,False,False,False,2022-12-02 15:04:12.951273+00:00,2022-12-02 15:04:12.951273+00:00
1598673491804430337,ukraine-de,True,True,False,False,False,False,False,False,False,False,2022-12-02 15:01:30.390289+00:00,2022-12-02 15:04:12.951025+00:00
1598673498263650305,ukraine-de,True,True,False,False,False,False,False,False,False,False,2022-12-02 15:01:30.380456+00:00,2022-12-02 15:01:30.380456+00:00
1598673507386376199,ukraine-de,True,True,False,False,False,False,False,False,False,False,2022-12-02 15:01:30.380354+00:00,2022-12-02 15:01:30.380354+00:00
1598673514629849089,ukraine-de,True,True,False,False,False,False,False,False,False,False,2022-12-02 15:01:30.380251+00:00,2022-12-02 15:01:30.380251+00:00
1598673543432228866,ukraine-de,True,True,False,False,False,False,False,False,False,False,2022-12-02 15:01:30.380130+00:00,2022-12-02 15:01:30.380130+00:00
1598673578995683328,ukraine-de,True,False,False,False,False,False,False,False,False,False,2022-12-02 19:50:27.668222+00:00,2022-12-02 19:50:27.668222+00:00
1598673581390516224,ukraine-de,True,True,False,False,False,False,False,False,False,False,2022-12-02 15:01:05.645815+00:00,2022-12-02 15:01:30.379980+00:00
1598673589930172418,ukraine-de,True,True,False,False,False,False,False,False,False,False,2022-12-02 15:01:30.379798+00:00,2022-12-02 15:01:30.379798+00:00
1598673594577522689,ukraine-de,True,True,False,False,False,False,False,False,False,False,2022-12-02 15:01:30.379696+00:00,2022-12-02 15:01:30.379696+00:00
1598673646528385024,ukraine-de,True,True,False,False,False,False,False,False,False,False,2022-12-02 15:01:30.379592+00:00,2022-12-02 15:01:30.379592+00:00
1598673647618740225,ukraine-de,True,True,False,False,False,False,False,False,False,False,2022-12-02 15:01:30.379486+00:00,2022-12-02 15:01:30.379486+00:00
1598673648461684738,ukraine-de,True,True,False,False,False,False,False,False,False,False,2022-12-02 15:01:30.379353+00:00,2022-12-02 15:01:30.379353+00:00
1598673658892910594,ukraine-de,True,True,False,False,False,False,False,False,False,False,2022-12-02 15:01:30.378759+00:00,2022-12-02 15:01:30.378759+00:00
1598673672033767424,ukraine-de,True,True,False,False,False,False,False,False,False,False,2022-12-02 15:01:30.378660+00:00,2022-12-02 15:01:30.378660+00:00
1598673702132006914,ukraine-de,True,True,False,False,False,False,False,False,False,False,2022-12-02 15:01:30.378562+00:00,2022-12-02 15:01:30.378562+00:00
1598673729755684866,ukraine-de,True,True,False,False,False,False,False,False,False,False,2022-12-02 15:01:30.378463+00:00,2022-12-02 15:01:30.378463+00:00
1598673731416719362,ukraine-de,True,True,False,False,False,False,False,False,False,False,2022-12-02 15:01:30.378362+00:00,2022-12-02 15:01:30.378362+00:00
1598673750530072583,ukraine-de,True,True,False,False,False,False,False,False,False,False,2022-12-02 15:01:30.378260+00:00,2022-12-02 15:01:30.378260+00:00
1598673753243885570,ukraine-de,True,True,False,False,False,False,False,False,False,False,2022-12-02 15:01:30.378155+00:00,2022-12-02 15:01:30.378155+00:00
1598673763222126592,ukraine-de,True,True,False,False,False,False,False,False,False,False,2022-12-02 15:01:30.378026+00:00,2022-12-02 15:01:30.378026+00:00
1598673764451061760,ukraine-de,True,True,False,False,False,False,False,False,False,False,2022-12-02 15:01:30.377731+00:00,2022-12-02 15:01:30.377731+00:00
1598673796638150658,ukraine-de,True,True,False,False,False,False,False,False,False,False,2022-12-02 15:01:30.377630+00:00,2022-12-02 15:01:30.377630+00:00
1598673821040623617,ukraine-de,True,True,False,False,False,False,False,False,False,False,2022-12-02 15:01:30.377511+00:00,2022-12-02 15:01:30.377511+00:00
1598673836194545664,ukraine-de,True,False,False,False,False,False,False,False,False,False,2022-12-02 19:50:27.664243+00:00,2022-12-02 19:50:27.664243+00:00
1598673870583730177,ukraine-de,True,True,False,False,False,False,False,False,False,False,2022-12-02 15:01:30.377401+00:00,2022-12-02 15:01:30.377401+00:00
1598673875818127361,ukraine-de,True,True,False,False,False,False,False,False,False,False,2022-12-02 15:01:30.377204+00:00,2022-12-02 15:01:30.377204+00:00
1598673876254445578,ukraine-de,True,True,False,False,False,False,False,False,False,False,2022-12-02 15:01:30.377070+00:00,2022-12-02 15:01:30.377070+00:00
1598673888187031552,ukraine-de,True,True,False,False,False,False,False,False,False,False,2022-12-02 15:01:30.376952+00:00,2022-12-02 15:01:30.376952+00:00
1598673902674350082,ukraine-de,True,True,False,False,False,False,False,False,False,False,2022-12-02 15:01:30.376850+00:00,2022-12-02 15:01:30.376850+00:00
1598673926485327875,ukraine-de,True,False,False,False,False,False,False,False,False,False,2022-12-03 08:10:46.233549+00:00,2022-12-03 08:10:46.233549+00:00
1598673937684205570,ukraine-de,True,True,False,False,False,False,False,False,False,False,2022-12-02 15:01:30.376742+00:00,2022-12-02 15:01:30.376742+00:00
1598673961834815488,ukraine-de,True,True,False,False,False,False,False,False,False,False,2022-12-02 15:01:30.376627+00:00,2022-12-02 15:01:30.376627+00:00
1598673962103349253,ukraine-de,True,True,False,False,False,False,False,False,False,False,2022-12-02 15:01:30.376455+00:00,2022-12-02 15:01:30.376455+00:00
1598673968029782018,ukraine-de,True,True,False,False,False,False,False,False,False,False,2022-12-02 15:01:30.375755+00:00,2022-12-02 15:01:30.375755+00:00
1598673969888075777,ukraine-de,True,True,False,False,False,False,False,False,False,False,2022-12-02 15:01:30.375654+00:00,2022-12-02 15:01:30.375654+00:00
1598673978532716550,ukraine-de,True,True,False,False,False,False,False,False,False,False,2022-12-02 15:01:30.375537+00:00,2022-12-02 15:01:30.375537+00:00
1598673978599608320,ukraine-de,True,True,False,False,False,False,False,False,False,False,2022-12-02 15:01:30.375382+00:00,2022-12-02 15:01:30.375382+00:00
1598673989282713600,ukraine-de,True,True,False,False,False,False,False,False,False,False,2022-12-02 15:01:30.375265+00:00,2022-12-02 15:01:30.375265+00:00
1598674010086285312,ukraine-de,True,True,False,False,False,False,False,False,False,False,2022-12-02 15:01:30.375154+00:00,2022-12-02 15:01:30.375154+00:00
1598674013198221313,ukraine-de,True,True,False,False,False,False,False,False,False,False,2022-12-02 15:01:30.375050+00:00,2022-12-02 15:01:30.375050+00:00
1598674051928662016,ukraine-de,True,True,False,False,False,False,False,False,False,False,2022-12-02 15:01:30.374937+00:00,2022-12-02 15:01:30.374937+00:00
1598674052868186113,ukraine-de,True,True,False,False,False,False,False,False,False,False,2022-12-02 15:01:30.374694+00:00,2022-12-02 15:01:30.374694+00:00
1598674071985627136,ukraine-de,True,True,False,False,False,False,False,False,False,False,2022-12-02 15:01:30.374592+00:00,2022-12-02 15:01:30.374592+00:00
1598674108140687364,ukraine-de,True,True,False,False,False,False,False,False,False,False,2022-12-02 15:01:30.374474+00:00,2022-12-02 15:01:30.374474+00:00
1598674157897752578,ukraine-de,True,True,False,False,False,False,False,False,False,False,2022-12-02 15:01:30.374374+00:00,2022-12-02 15:01:30.374374+00:00
1598674205880373253,ukraine-de,True,False,False,False,False,False,False,False,False,False,2022-12-02 19:51:30.184496+00:00,2022-12-02 19:51:30.184496+00:00
1598674214017441792,ukraine-de,True,True,False,False,False,False,False,False,False,False,2022-12-02 15:01:30.374276+00:00,2022-12-02 15:01:30.374276+00:00
1598674227887976448,ukraine-de,True,True,False,False,False,False,False,False,False,False,2022-12-02 15:01:30.374178+00:00,2022-12-02 15:01:30.374178+00:00
1598674263149535233,ukraine-de,True,True,False,False,False,False,False,False,False,False,2022-12-02 15:01:30.374078+00:00,2022-12-02 15:01:30.374078+00:00
1598674289531576321,ukraine-de,True,True,False,False,False,False,False,False,False,False,2022-12-02 15:01:30.373976+00:00,2022-12-02 15:01:30.373976+00:00
1598674304442503170,ukraine-de,True,True,False,False,False,False,False,False,False,False,2022-12-02 15:01:30.373874+00:00,2022-12-02 15:01:30.373874+00:00
1598674311602229248,ukraine-de,True,True,False,False,False,False,False,False,False,False,2022-12-02 15:01:30.373758+00:00,2022-12-02 15:01:30.373758+00:00
1598674343470456834,ukraine-de,True,True,False,False,False,False,False,False,False,False,2022-12-02 15:01:30.373645+00:00,2022-12-02 15:01:30.373645+00:00
1598674344951136258,ukraine-de,True,True,False,False,False,False,False,False,False,False,2022-12-02 15:01:30.373525+00:00,2022-12-02 15:01:30.373525+00:00
1598674395786084354,ukraine-de,True,True,False,False,False,False,False,False,False,False,2022-12-02 15:01:30.373418+00:00,2022-12-02 15:01:30.373418+00:00
1598674397803515906,ukraine-de,True,True,False,False,False,False,False,False,False,False,2022-12-02 15:01:30.373279+00:00,2022-12-02 15:01:30.373279+00:00
1598674443009761284,ukraine-de,True,True,False,False,False,False,False,False,False,False,2022-12-02 15:01:30.373177+00:00,2022-12-02 15:01:30.373177+00:00
1598674444108500993,ukraine-de,True,True,False,False,False,False,False,False,False,False,2022-12-02 15:01:30.373036+00:00,2022-12-02 15:01:30.373036+00:00
1598674476698202112,ukraine-de,True,True,False,False,False,False,False,False,False,False,2022-12-02 15:01:30.372929+00:00,2022-12-02 15:01:30.372929+00:00
1598674482574532610,ukraine-de,True,True,False,False,False,False,False,False,False,False,2022-12-02 15:01:30.372583+00:00,2022-12-02 15:01:30.372583+00:00
1598674490107404288,ukraine-de,True,True,False,False,False,False,False,False,False,False,2022-12-02 15:01:30.372464+00:00,2022-12-02 15:01:30.372464+00:00
1598674496621367297,ukraine-de,True,True,False,False,False,False,False,False,False,False,2022-12-02 15:01:30.372362+00:00,2022-12-02 15:01:30.372362+00:00
1598674501465567232,ukraine-de,True,False,False,False,False,False,False,False,False,False,2022-12-02 15:01:30.394490+00:00,2022-12-02 15:01:30.394490+00:00
1598674513713053696,ukraine-de,True,True,False,False,False,False,False,False,False,False,2022-12-02 15:01:30.372257+00:00,2022-12-02 15:01:30.372257+00:00
1598674533694984194,ukraine-de,True,True,False,False,False,False,False,False,False,False,2022-12-02 15:01:30.372137+00:00,2022-12-02 15:01:30.372137+00:00
1598674563323281409,ukraine-de,True,True,False,False,False,False,False,False,False,False,2022-12-02 15:01:30.372029+00:00,2022-12-02 15:01:30.372029+00:00
1598674574249545728,ukraine-de,True,True,False,False,False,False,False,False,False,False,2022-12-02 15:01:30.371774+00:00,2022-12-02 15:01:30.371774+00:00
1598674574387953665,ukraine-de,True,True,False,False,False,False,False,False,False,False,2022-12-02 15:01:30.371660+00:00,2022-12-02 15:01:30.371660+00:00
1598674578947117058,ukraine-de,True,True,False,False,False,False,False,False,False,False,2022-12-02 15:01:30.371557+00:00,2022-12-02 15:01:30.371557+00:00
1598674589265154051,ukraine-de,True,True,False,False,False,False,False,False,False,False,2022-12-02 15:01:30.371454+00:00,2022-12-02 15:01:30.371454+00:00
1598674601084583936,ukraine-de,True,True,False,False,False,False,False,False,False,False,2022-12-02 15:01:30.371335+00:00,2022-12-02 15:01:30.371335+00:00
1598674610232430593,ukraine-de,True,False,False,False,False,False,False,False,False,False,2022-12-03 01:30:30.059448+00:00,2022-12-03 01:30:30.059448+00:00
1598674610299367424,ukraine-de,True,True,False,False,False,False,False,False,False,False,2022-12-02 15:01:30.371222+00:00,2022-12-02 15:01:30.371222+00:00
1598674618394365952,ukraine-de,True,False,False,False,False,False,False,False,False,False,2022-12-02 15:01:30.401102+00:00,2022-12-02 15:01:30.401102+00:00
1598674627076685825,ukraine-de,True,False,False,False,False,False,False,False,False,False,2022-12-02 19:51:08.488824+00:00,2022-12-02 19:51:08.488824+00:00
1598674628595048449,ukraine-de,True,True,False,False,False,False,False,False,False,False,2022-12-02 15:01:30.371118+00:00,2022-12-02 15:01:30.371118+00:00
1598674647536517126,ukraine-de,True,True,False,False,False,False,False,False,False,False,2022-12-02 15:01:30.370998+00:00,2022-12-02 15:01:30.370998+00:00
1598674668474564610,ukraine-de,True,True,False,False,False,False,False,False,False,False,2022-12-02 15:01:30.370879+00:00,2022-12-02 15:01:30.370879+00:00
1598674673746706432,ukraine-de,True,True,False,False,False,False,False,False,False,False,2022-12-02 15:01:30.370728+00:00,2022-12-02 15:01:30.370728+00:00
1598674677316038656,ukraine-de,True,True,False,False,False,False,False,False,False,False,2022-12-02 15:01:30.370628+00:00,2022-12-02 15:01:30.370628+00:00
1598674681049059328,ukraine-de,True,True,False,False,False,False,False,False,False,False,2022-12-02 15:01:30.370527+00:00,2022-12-02 15:01:30.370527+00:00
1598674681573294084,ukraine-de,True,True,False,False,False,False,False,False,False,False,2022-12-02 15:01:30.370426+00:00,2022-12-02 15:01:30.370426+00:00
1598674692348452867,ukraine-de,True,True,False,False,False,False,False,False,False,False,2022-12-02 15:01:30.370308+00:00,2022-12-02 15:01:30.370308+00:00
1598674702096113665,ukraine-de,True,True,False,False,False,False,False,False,False,False,2022-12-02 15:01:30.370208+00:00,2022-12-02 15:01:30.370208+00:00
1598674705069838338,ukraine-de,True,True,False,False,False,False,False,False,False,False,2022-12-02 15:01:30.370108+00:00,2022-12-02 15:01:30.370108+00:00
1598674717346598912,ukraine-de,True,True,False,False,False,False,False,False,False,False,2022-12-02 15:01:30.370007+00:00,2022-12-02 15:01:30.370007+00:00
1598674731716288516,ukraine-de,True,True,False,False,False,False,False,False,False,False,2022-12-02 15:01:30.369891+00:00,2022-12-02 15:01:30.369891+00:00
1598674742097186819,ukraine-de,True,True,False,False,False,False,False,False,False,False,2022-12-02 15:01:30.369774+00:00,2022-12-02 15:01:30.369774+00:00
1598674742113931273,ukraine-de,True,True,False,False,False,False,False,False,False,False,2022-12-02 15:01:30.369661+00:00,2022-12-02 15:01:30.369661+00:00
1598674752247582720,ukraine-de,True,True,False,False,False,False,False,False,False,False,2022-12-02 15:01:30.369528+00:00,2022-12-02 15:01:30.369528+00:00
1598674770920448003,ukraine-de,True,True,False,False,False,False,False,False,False,False,2022-12-02 15:01:30.369408+00:00,2022-12-02 15:01:30.369408+00:00
1598674798242045954,ukraine-de,True,True,False,False,False,False,False,False,False,False,2022-12-02 15:01:30.369308+00:00,2022-12-02 15:01:30.369308+00:00
1598674809491267585,ukraine-de,True,True,False,False,False,False,False,False,False,False,2022-12-02 15:01:30.369208+00:00,2022-12-02 15:01:30.369208+00:00
1598674809763889153,ukraine-de,True,False,False,False,False,False,False,False,False,False,2022-12-02 15:01:30.382038+00:00,2022-12-02 15:01:30.382038+00:00
1598674851937406976,ukraine-de,True,True,False,False,False,False,False,False,False,False,2022-12-02 15:01:30.369092+00:00,2022-12-02 15:01:30.369092+00:00
1598674862121390081,ukraine-de,True,True,False,False,False,False,False,False,False,False,2022-12-02 15:01:30.368991+00:00,2022-12-02 15:01:30.368991+00:00
1598674873425039364,ukraine-de,True,False,False,False,False,False,False,False,False,False,2022-12-02 15:01:30.392544+00:00,2022-12-02 15:01:30.392544+00:00
1598674876008628224,ukraine-de,True,True,False,False,False,False,False,False,False,False,2022-12-02 15:01:30.368874+00:00,2022-12-02 15:01:30.368874+00:00
1598674889891729408,ukraine-de,True,True,False,False,False,False,False,False,False,False,2022-12-02 15:01:30.368755+00:00,2022-12-02 15:01:30.368755+00:00
1598674931352576001,ukraine-de,True,True,False,False,False,False,False,False,False,False,2022-12-02 15:01:30.368655+00:00,2022-12-02 15:01:30.368655+00:00
1598674939212603392,ukraine-de,True,False,False,False,False,False,False,False,False,False,2022-12-02 15:01:30.397247+00:00,2022-12-02 15:01:30.397247+00:00
1598674942438084608,ukraine-de,True,False,False,False,False,False,False,False,False,False,2022-12-02 19:50:59.832489+00:00,2022-12-02 19:50:59.832489+00:00
1598674943545335811,ukraine-de,True,True,False,False,False,False,False,False,False,False,2022-12-02 15:01:30.368555+00:00,2022-12-02 15:01:30.368555+00:00
1598674951032143873,ukraine-de,True,True,False,False,False,False,False,False,False,False,2022-12-02 15:01:30.368457+00:00,2022-12-02 15:01:30.368457+00:00
1598674989573627904,ukraine-de,True,True,False,False,False,False,False,False,False,False,2022-12-02 15:01:30.368357+00:00,2022-12-02 15:01:30.368357+00:00
1598675028652040198,ukraine-de,True,True,False,False,False,False,False,False,False,False,2022-12-02 15:01:30.368257+00:00,2022-12-02 15:01:30.368257+00:00
1598675042614878210,ukraine-de,True,True,False,False,False,False,False,False,False,False,2022-12-02 15:01:30.368158+00:00,2022-12-02 15:01:30.368158+00:00
1598675044644913152,ukraine-de,True,True,False,False,False,False,False,False,False,False,2022-12-02 15:01:30.368056+00:00,2022-12-02 15:01:30.368056+00:00
1598675046737772546,ukraine-de,True,True,False,False,False,False,False,False,False,False,2022-12-02 15:01:30.367956+00:00,2022-12-02 15:01:30.367956+00:00
1598675073036083201,ukraine-de,True,True,False,False,False,False,False,False,False,False,2022-12-02 15:01:30.367855+00:00,2022-12-02 15:01:30.367855+00:00
1598675073862205440,ukraine-de,True,True,False,False,False,False,False,False,False,False,2022-12-02 15:01:30.367726+00:00,2022-12-02 15:01:30.367726+00:00
1598675085476466690,ukraine-de,True,True,False,False,False,False,False,False,False,False,2022-12-02 15:01:30.367628+00:00,2022-12-02 15:01:30.367628+00:00
1598675093864951808,ukraine-de,True,True,False,False,False,False,False,False,False,False,2022-12-02 15:01:30.367527+00:00,2022-12-02 15:01:30.367527+00:00
1598675112886140928,ukraine-de,True,True,False,False,False,False,False,False,False,False,2022-12-02 15:01:30.367426+00:00,2022-12-02 15:01:30.367426+00:00
1598675132549017600,ukraine-de,True,True,False,False,False,False,False,False,False,False,2022-12-02 15:01:30.367316+00:00,2022-12-02 15:01:30.367316+00:00
1598675175633027074,ukraine-de,True,True,False,False,False,False,False,False,False,False,2022-12-02 15:01:30.367214+00:00,2022-12-02 15:01:30.367214+00:00
1598675199590895617,ukraine-de,True,True,False,False,False,False,False,False,False,False,2022-12-02 15:01:30.367111+00:00,2022-12-02 15:01:30.367111+00:00
1598675209149730816,ukraine-de,True,True,False,False,False,False,False,False,False,False,2022-12-02 15:01:30.366990+00:00,2022-12-02 15:01:30.366990+00:00
1598675227260555265,ukraine-de,True,True,False,False,False,False,False,False,False,False,2022-12-02 15:01:30.366798+00:00,2022-12-02 15:01:30.366798+00:00
1598675228552478720,ukraine-de,True,True,False,False,False,False,False,False,False,False,2022-12-02 15:01:30.366695+00:00,2022-12-02 15:01:30.366695+00:00
1598675269086216193,ukraine-de,True,True,False,False,False,False,False,False,False,False,2022-12-02 15:01:30.366589+00:00,2022-12-02 15:01:30.366589+00:00
1598675273863553025,ukraine-de,True,True,False,False,False,False,False,False,False,False,2022-12-02 15:01:30.366457+00:00,2022-12-02 15:01:30.366457+00:00
1598675274643771392,ukraine-de,True,True,False,False,False,False,False,False,False,False,2022-12-02 15:01:30.366350+00:00,2022-12-02 15:01:30.366350+00:00
1598675279370768384,ukraine-de,True,True,False,False,False,False,False,False,False,False,2022-12-02 15:01:30.366230+00:00,2022-12-02 15:01:30.366230+00:00
1598675336673124359,ukraine-de,True,True,False,False,False,False,False,False,False,False,2022-12-02 15:01:30.366118+00:00,2022-12-02 15:01:30.366118+00:00
1598675339777085440,ukraine-de,True,True,False,False,False,False,False,False,False,False,2022-12-02 15:01:30.365974+00:00,2022-12-02 15:01:30.365974+00:00
1598675359129473025,ukraine-de,True,True,False,False,False,False,False,False,False,False,2022-12-02 15:01:30.364835+00:00,2022-12-02 15:01:30.364835+00:00
1598675369560776704,ukraine-de,True,True,False,False,False,False,False,False,False,False,2022-12-02 15:01:30.364717+00:00,2022-12-02 15:01:30.364717+00:00
1598675402620280834,ukraine-de,True,True,False,False,False,False,False,False,False,False,2022-12-02 15:01:30.364618+00:00,2022-12-02 15:01:30.364618+00:00
1598675417543720960,ukraine-de,True,True,False,False,False,False,False,False,False,False,2022-12-02 15:01:30.364505+00:00,2022-12-02 15:01:30.364505+00:00
1598675432429215757,ukraine-de,True,True,False,False,False,False,False,False,False,False,2022-12-02 15:01:30.364403+00:00,2022-12-02 15:01:30.364403+00:00
1598675433549012993,ukraine-de,True,True,False,False,False,False,False,False,False,False,2022-12-02 15:01:30.364287+00:00,2022-12-02 15:01:30.364287+00:00
1598675463831834624,ukraine-de,True,True,False,False,False,False,False,False,False,False,2022-12-02 15:01:30.364185+00:00,2022-12-02 15:01:30.364185+00:00
1598675465060945920,ukraine-de,True,True,False,False,False,False,False,False,False,False,2022-12-02 15:01:30.364031+00:00,2022-12-02 15:01:30.364031+00:00
1598675470148575237,ukraine-de,True,True,False,False,False,False,False,False,False,False,2022-12-02 15:01:30.363917+00:00,2022-12-02 15:01:30.363917+00:00
1598675482588782592,ukraine-de,True,True,False,False,False,False,False,False,False,False,2022-12-02 15:01:30.363815+00:00,2022-12-02 15:01:30.363815+00:00
1598675521562464258,ukraine-de,True,True,False,False,False,False,False,False,False,False,2022-12-02 15:01:30.363700+00:00,2022-12-02 15:01:30.363700+00:00
1598675543414767617,ukraine-de,True,True,False,False,False,False,False,False,False,False,2022-12-02 15:01:30.363601+00:00,2022-12-02 15:01:30.363601+00:00
1598675544299773955,ukraine-de,True,True,False,False,False,False,False,False,False,False,2022-12-02 15:01:30.363500+00:00,2022-12-02 15:01:30.363500+00:00
1598675546770001920,ukraine-de,True,True,False,False,False,False,False,False,False,False,2022-12-02 15:01:30.363377+00:00,2022-12-02 15:01:30.363377+00:00
1598675582836842497,ukraine-de,True,True,False,False,False,False,False,False,False,False,2022-12-02 15:01:30.363252+00:00,2022-12-02 15:01:30.363252+00:00
1598675624872144896,ukraine-de,True,True,False,False,False,False,False,False,False,False,2022-12-02 15:01:30.363010+00:00,2022-12-02 15:01:30.363010+00:00
1598675636859461632,ukraine-de,True,True,False,False,False,False,False,False,False,False,2022-12-02 15:01:30.362909+00:00,2022-12-02 15:01:30.362909+00:00
1598675654341435394,ukraine-de,True,True,False,False,False,False,False,False,False,False,2022-12-02 15:01:30.362808+00:00,2022-12-02 15:01:30.362808+00:00
1598675658233757696,ukraine-de,True,False,False,False,False,False,False,False,False,False,2022-12-02 15:01:05.640510+00:00,2022-12-02 15:01:05.640510+00:00
1598675661215993857,ukraine-de,True,True,False,False,False,False,False,False,False,False,2022-12-02 15:01:30.362700+00:00,2022-12-02 15:01:30.362700+00:00
1598675668673388544,ukraine-de,True,True,False,False,False,False,False,False,False,False,2022-12-02 15:01:30.362537+00:00,2022-12-02 15:01:30.362537+00:00
1598675681948442625,ukraine-de,True,True,False,False,False,False,False,False,False,False,2022-12-02 15:01:30.362407+00:00,2022-12-02 15:01:30.362407+00:00
1598675689934315525,ukraine-de,True,True,False,False,False,False,False,False,False,False,2022-12-02 15:01:05.638086+00:00,2022-12-02 15:01:30.362198+00:00
1598675690211131392,ukraine-de,True,True,False,False,False,False,False,False,False,False,2022-12-02 15:01:30.362075+00:00,2022-12-02 15:01:30.362075+00:00
1598675702970286081,ukraine-de,True,True,False,False,False,False,False,False,False,False,2022-12-02 15:01:30.361893+00:00,2022-12-02 15:01:30.361893+00:00
1598675718342381570,ukraine-de,True,True,False,False,False,False,False,False,False,False,2022-12-02 15:01:30.361793+00:00,2022-12-02 15:01:30.361793+00:00
1598675721731309568,ukraine-de,True,True,False,False,False,False,False,False,False,False,2022-12-02 15:01:30.361692+00:00,2022-12-02 15:01:30.361692+00:00
1598675725497745408,ukraine-de,True,True,False,False,False,False,False,False,False,False,2022-12-02 15:01:30.361574+00:00,2022-12-02 15:01:30.361574+00:00
1598675730795200512,ukraine-de,True,True,False,False,False,False,False,False,False,False,2022-12-02 15:01:30.361449+00:00,2022-12-02 15:01:30.361449+00:00
1598675740496912386,ukraine-de,True,True,False,False,False,False,False,False,False,False,2022-12-02 15:01:30.361349+00:00,2022-12-02 15:01:30.361349+00:00
1598675753591341056,ukraine-de,True,True,False,False,False,False,False,False,False,False,2022-12-02 15:01:30.361239+00:00,2022-12-02 15:01:30.361239+00:00
1598675766186835974,ukraine-de,True,True,False,False,False,False,False,False,False,False,2022-12-02 15:01:30.361138+00:00,2022-12-02 15:01:30.361138+00:00
1598675788479488000,ukraine-de,True,True,False,False,False,False,False,False,False,False,2022-12-02 15:01:05.655178+00:00,2022-12-02 15:01:30.361024+00:00
1598675794754150402,ukraine-de,True,True,False,False,False,False,False,False,False,False,2022-12-02 15:01:30.360909+00:00,2022-12-02 15:01:30.360909+00:00
1598675802962292736,ukraine-de,True,True,False,False,False,False,False,False,False,False,2022-12-02 15:01:30.360814+00:00,2022-12-02 15:01:30.360814+00:00
1598675843471007750,ukraine-de,True,True,False,False,False,False,False,False,False,False,2022-12-02 15:01:30.360706+00:00,2022-12-02 15:01:30.360706+00:00
1598675888194949120,ukraine-de,True,True,False,False,False,False,False,False,False,False,2022-12-02 15:01:30.360608+00:00,2022-12-02 15:01:30.360608+00:00
1598675915747229700,ukraine-de,True,True,False,False,False,False,False,False,False,False,2022-12-02 15:01:30.360508+00:00,2022-12-02 15:01:30.360508+00:00
1598675925905932291,ukraine-de,True,True,False,False,False,False,False,False,False,False,2022-12-02 15:01:30.360408+00:00,2022-12-02 15:01:30.360408+00:00
1598675954435387392,ukraine-de,True,True,False,False,False,False,False,False,False,False,2022-12-02 15:01:30.360307+00:00,2022-12-02 15:01:30.360307+00:00
1598675971514793990,ukraine-de,True,True,False,False,False,False,False,False,False,False,2022-12-02 15:01:30.360191+00:00,2022-12-02 15:01:30.360191+00:00
1598676012967026689,ukraine-de,True,True,False,False,False,False,False,False,False,False,2022-12-02 15:01:30.360091+00:00,2022-12-02 15:01:30.360091+00:00
1598676036371243008,ukraine-de,True,True,False,False,False,False,False,False,False,False,2022-12-02 15:01:30.359991+00:00,2022-12-02 15:01:30.359991+00:00
1598676050883608576,ukraine-de,True,True,False,False,False,False,False,False,False,False,2022-12-02 15:01:30.359892+00:00,2022-12-02 15:01:30.359892+00:00
1598676053920141312,ukraine-de,True,True,False,False,False,False,False,False,False,False,2022-12-02 15:01:30.359793+00:00,2022-12-02 15:01:30.359793+00:00
1598676063411920899,ukraine-de,True,False,False,False,False,False,False,False,False,False,2022-12-03 11:06:05.446859+00:00,2022-12-03 11:06:05.446859+00:00
1598676066524020736,ukraine-de,True,True,False,False,False,False,False,False,False,False,2022-12-02 15:01:30.359692+00:00,2022-12-02 15:01:30.359692+00:00
1598676104159449089,ukraine-de,True,True,False,False,False,False,False,False,False,False,2022-12-02 15:01:30.359591+00:00,2022-12-02 15:01:30.359591+00:00
1598676117094862848,ukraine-de,True,True,False,False,False,False,False,False,False,False,2022-12-02 15:01:30.359487+00:00,2022-12-02 15:01:30.359487+00:00
1598676119158505477,ukraine-de,True,True,False,False,False,False,False,False,False,False,2022-12-02 15:01:30.359299+00:00,2022-12-02 15:01:30.359299+00:00
1598676122732044289,ukraine-de,True,True,False,False,False,False,False,False,False,False,2022-12-02 15:01:30.359196+00:00,2022-12-02 15:01:30.359196+00:00
1598676141493346309,ukraine-de,True,True,False,False,False,False,False,False,False,False,2022-12-02 15:01:30.359086+00:00,2022-12-02 15:01:30.359086+00:00
1598676157985181696,ukraine-de,True,True,False,False,False,False,False,False,False,False,2022-12-02 15:01:30.358986+00:00,2022-12-02 15:01:30.358986+00:00
1598676159364997120,ukraine-de,True,True,False,False,False,False,False,False,False,False,2022-12-02 15:01:30.358884+00:00,2022-12-02 15:01:30.358884+00:00
1598676178239356931,ukraine-de,True,True,False,False,False,False,False,False,False,False,2022-12-02 15:01:30.358784+00:00,2022-12-02 15:01:30.358784+00:00
1598676196019118082,ukraine-de,True,False,False,False,False,False,False,False,False,False,2022-12-03 01:30:18.831596+00:00,2022-12-03 01:30:18.831596+00:00
1598676216113811456,ukraine-de,True,True,False,False,False,False,False,False,False,False,2022-12-02 15:01:30.358665+00:00,2022-12-02 15:01:30.358665+00:00
1598676244970831876,ukraine-de,True,True,False,False,False,False,False,False,False,False,2022-12-02 15:01:30.358565+00:00,2022-12-02 15:01:30.358565+00:00
1598676247806185472,ukraine-de,True,True,False,False,False,False,False,False,False,False,2022-12-02 15:01:30.358464+00:00,2022-12-02 15:01:30.358464+00:00
1598676287421399042,ukraine-de,True,True,False,False,False,False,False,False,False,False,2022-12-02 15:01:30.358366+00:00,2022-12-02 15:01:30.358366+00:00
1598676289459732480,ukraine-de,True,True,False,False,False,False,False,False,False,False,2022-12-02 15:01:30.358267+00:00,2022-12-02 15:01:30.358267+00:00
1598676303330398208,ukraine-de,True,True,False,False,False,False,False,False,False,False,2022-12-02 15:01:30.358166+00:00,2022-12-02 15:01:30.358166+00:00
1598676319776169987,ukraine-de,True,True,False,False,False,False,False,False,False,False,2022-12-02 15:01:30.358048+00:00,2022-12-02 15:01:30.358048+00:00
1598676324062842880,ukraine-de,True,True,False,False,False,False,False,False,False,False,2022-12-02 15:01:30.357951+00:00,2022-12-02 15:01:30.357951+00:00
1598676351841607682,ukraine-de,True,True,False,False,False,False,False,False,False,False,2022-12-02 15:01:30.357853+00:00,2022-12-02 15:01:30.357853+00:00
1598676352772673536,ukraine-de,True,True,False,False,False,False,False,False,False,False,2022-12-02 15:01:30.357752+00:00,2022-12-02 15:01:30.357752+00:00
1598676354551013377,ukraine-de,True,True,False,False,False,False,False,False,False,False,2022-12-02 15:01:30.357519+00:00,2022-12-02 15:01:30.357519+00:00
1598676383823269888,ukraine-de,True,True,False,False,False,False,False,False,False,False,2022-12-02 15:01:30.357420+00:00,2022-12-02 15:01:30.357420+00:00
1598676396901031937,ukraine-de,True,False,False,False,False,False,False,False,False,False,2022-12-02 15:01:05.648574+00:00,2022-12-02 15:01:05.648574+00:00
1598676410259890178,ukraine-de,True,True,False,False,False,False,False,False,False,False,2022-12-02 15:01:30.357303+00:00,2022-12-02 15:01:30.357303+00:00
1598676411182620675,ukraine-de,True,True,False,False,False,False,False,False,False,False,2022-12-02 15:01:30.357174+00:00,2022-12-02 15:01:30.357174+00:00
1598676418669563904,ukraine-de,True,True,False,False,False,False,False,False,False,False,2022-12-02 15:01:30.357074+00:00,2022-12-02 15:01:30.357074+00:00
1598676441025204225,ukraine-de,True,True,False,False,False,False,False,False,False,False,2022-12-02 15:01:30.356972+00:00,2022-12-02 15:01:30.356972+00:00
1598676443269152771,ukraine-de,True,True,False,False,False,False,False,False,False,False,2022-12-02 15:01:30.356742+00:00,2022-12-02 15:01:30.356742+00:00
1598676445525688326,ukraine-de,True,True,False,False,False,False,False,False,False,False,2022-12-02 15:01:30.356647+00:00,2022-12-02 15:01:30.356647+00:00
1598676458083270656,ukraine-de,True,True,False,False,False,False,False,False,False,False,2022-12-02 15:01:30.356537+00:00,2022-12-02 15:01:30.356537+00:00
1598676458674655232,ukraine-de,True,True,False,False,False,False,False,False,False,False,2022-12-02 15:01:30.356423+00:00,2022-12-02 15:01:30.356423+00:00
1598676460918620160,ukraine-de,True,True,False,False,False,False,False,False,False,False,2022-12-02 15:01:30.356326+00:00,2022-12-02 15:01:30.356326+00:00
1598676480720080902,ukraine-de,True,True,False,False,False,False,False,False,False,False,2022-12-02 15:01:30.356228+00:00,2022-12-02 15:01:30.356228+00:00
1598676486508060672,ukraine-de,True,True,False,False,False,False,False,False,False,False,2022-12-02 15:01:30.356129+00:00,2022-12-02 15:01:30.356129+00:00
1598676497769775105,ukraine-de,True,True,False,False,False,False,False,False,False,False,2022-12-02 15:01:30.356031+00:00,2022-12-02 15:01:30.356031+00:00
1598676505206439939,ukraine-de,True,True,False,False,False,False,False,False,False,False,2022-12-02 15:01:30.355932+00:00,2022-12-02 15:01:30.355932+00:00
1598676531110354946,ukraine-de,True,True,False,False,False,False,False,False,False,False,2022-12-02 15:01:30.355832+00:00,2022-12-02 15:01:30.355832+00:00
1598676538765058049,ukraine-de,True,False,False,False,False,False,False,False,False,False,2022-12-02 15:01:30.398224+00:00,2022-12-02 15:01:30.398224+00:00
1598676540107145217,ukraine-de,True,True,False,False,False,False,False,False,False,False,2022-12-02 15:01:30.355731+00:00,2022-12-02 15:01:30.355731+00:00
1598676541285797890,ukraine-de,True,True,False,False,False,False,False,False,False,False,2022-12-02 15:01:30.355622+00:00,2022-12-02 15:01:30.355622+00:00
1598676546159534085,ukraine-de,True,True,False,False,False,False,False,False,False,False,2022-12-02 15:01:30.355520+00:00,2022-12-02 15:01:30.355520+00:00
1598676549321957377,ukraine-de,True,True,False,False,False,False,False,False,False,False,2022-12-02 15:01:30.355416+00:00,2022-12-02 15:01:30.355416+00:00
1598676580255113217,ukraine-de,True,True,False,False,False,False,False,False,False,False,2022-12-02 15:01:05.645272+00:00,2022-12-02 15:01:30.355283+00:00
1598676602208100358,ukraine-de,True,True,False,False,False,False,False,False,False,False,2022-12-02 15:01:30.355093+00:00,2022-12-02 15:01:30.355093+00:00
1598676608562434048,ukraine-de,True,True,False,False,False,False,False,False,False,False,2022-12-02 15:01:30.354978+00:00,2022-12-02 15:01:30.354978+00:00
1598676620864372738,ukraine-de,True,True,False,False,False,False,False,False,False,False,2022-12-02 15:01:30.354865+00:00,2022-12-02 15:01:30.354865+00:00
1598676621958840321,ukraine-de,True,True,False,False,False,False,False,False,False,False,2022-12-02 15:01:30.354754+00:00,2022-12-02 15:01:30.354754+00:00
1598676631022804993,ukraine-de,True,True,False,False,False,False,False,False,False,False,2022-12-02 15:01:30.354658+00:00,2022-12-02 15:01:30.354658+00:00
1598676631522267137,ukraine-de,True,True,False,False,False,False,False,False,False,False,2022-12-02 15:01:30.354559+00:00,2022-12-02 15:01:30.354559+00:00
1598676649574383617,ukraine-de,True,True,False,False,False,False,False,False,False,False,2022-12-02 15:01:30.354460+00:00,2022-12-02 15:01:30.354460+00:00
1598676686081589248,ukraine-de,True,True,False,False,False,False,False,False,False,False,2022-12-02 15:01:30.354363+00:00,2022-12-02 15:01:30.354363+00:00
1598676687440400385,ukraine-de,True,True,False,False,False,False,False,False,False,False,2022-12-02 15:01:30.354264+00:00,2022-12-02 15:01:30.354264+00:00
1598676700086280192,ukraine-de,True,True,False,False,False,False,False,False,False,False,2022-12-02 15:01:30.354166+00:00,2022-12-02 15:01:30.354166+00:00
1598676718427979778,ukraine-de,True,True,False,False,False,False,False,False,False,False,2022-12-02 15:01:30.354067+00:00,2022-12-02 15:01:30.354067+00:00
1598676728003584001,ukraine-de,True,True,False,False,False,False,False,False,False,False,2022-12-02 15:01:30.353966+00:00,2022-12-02 15:01:30.353966+00:00
1598676755740561409,ukraine-de,True,True,False,False,False,False,False,False,False,False,2022-12-02 15:01:30.353866+00:00,2022-12-02 15:01:30.353866+00:00
1598676787155828737,ukraine-de,True,True,False,False,False,False,False,False,False,False,2022-12-02 15:01:30.353764+00:00,2022-12-02 15:01:30.353764+00:00
1598676793707626496,ukraine-de,True,True,False,False,False,False,False,False,False,False,2022-12-02 15:01:30.353657+00:00,2022-12-02 15:01:30.353657+00:00
1598676806638477313,ukraine-de,True,True,False,False,False,False,False,False,False,False,2022-12-02 15:01:30.353509+00:00,2022-12-02 15:01:30.353509+00:00
1598676822899585025,ukraine-de,True,True,False,False,False,False,False,False,False,False,2022-12-02 15:01:30.353391+00:00,2022-12-02 15:01:30.353391+00:00
1598676824745279496,ukraine-de,True,True,False,False,False,False,False,False,False,False,2022-12-02 15:01:05.636445+00:00,2022-12-02 15:01:30.353291+00:00
1598676844877778944,ukraine-de,True,True,False,False,False,False,False,False,False,False,2022-12-02 15:01:30.353181+00:00,2022-12-02 15:01:30.353181+00:00
1598676853786411008,ukraine-de,True,True,False,False,False,False,False,False,False,False,2022-12-02 15:01:30.353080+00:00,2022-12-02 15:01:30.353080+00:00
1598676859440562177,ukraine-de,True,True,False,False,False,False,False,False,False,False,2022-12-02 15:01:30.352981+00:00,2022-12-02 15:01:30.352981+00:00
1598676868999307266,ukraine-de,True,True,False,False,False,False,False,False,False,False,2022-12-02 15:01:30.352883+00:00,2022-12-02 15:01:30.352883+00:00
1598676883683831808,ukraine-de,True,True,False,False,False,False,False,False,False,False,2022-12-02 15:01:30.352785+00:00,2022-12-02 15:01:30.352785+00:00
1598676892084748288,ukraine-de,True,True,False,False,False,False,False,False,False,False,2022-12-02 15:01:30.352684+00:00,2022-12-02 15:01:30.352684+00:00
1598676976549728259,ukraine-de,True,True,False,False,False,False,False,False,False,False,2022-12-02 15:01:30.352513+00:00,2022-12-02 15:01:30.352513+00:00
1598676978495885312,ukraine-de,True,True,False,False,False,False,False,False,False,False,2022-12-02 15:01:30.352413+00:00,2022-12-02 15:01:30.352413+00:00
1598676987668680704,ukraine-de,True,True,False,False,False,False,False,False,False,False,2022-12-02 15:01:30.352314+00:00,2022-12-02 15:01:30.352314+00:00
1598676995684155393,ukraine-de,True,False,False,False,False,False,False,False,False,False,2022-12-02 19:50:17.526249+00:00,2022-12-02 19:50:17.526249+00:00
1598677012276596737,ukraine-de,True,True,False,False,False,False,False,False,False,False,2022-12-02 15:01:30.352216+00:00,2022-12-02 15:01:30.352216+00:00
1598677025115496448,ukraine-de,True,True,False,False,False,False,False,False,False,False,2022-12-02 15:01:30.352117+00:00,2022-12-02 15:01:30.352117+00:00
1598677041016102912,ukraine-de,True,True,False,False,False,False,False,False,False,False,2022-12-02 15:01:30.351999+00:00,2022-12-02 15:01:30.351999+00:00
1598677077263355905,ukraine-de,True,True,False,False,False,False,False,False,False,False,2022-12-02 15:01:30.351902+00:00,2022-12-02 15:01:30.351902+00:00
1598677081365233664,ukraine-de,True,True,False,False,False,False,False,False,False,False,2022-12-02 15:01:30.351803+00:00,2022-12-02 15:01:30.351803+00:00
1598677118287847426,ukraine-de,True,True,False,False,False,False,False,False,False,False,2022-12-02 15:01:30.351704+00:00,2022-12-02 15:01:30.351704+00:00
1598677120863113217,ukraine-de,True,True,False,False,False,False,False,False,False,False,2022-12-02 15:01:30.351589+00:00,2022-12-02 15:01:30.351589+00:00
1598677121345331200,ukraine-de,True,False,False,False,False,False,False,False,False,False,2022-12-02 19:50:36.516177+00:00,2022-12-02 19:50:36.516177+00:00
1598677135350284288,ukraine-de,True,False,False,False,False,False,False,False,False,False,2022-12-02 19:51:08.497571+00:00,2022-12-02 19:51:08.497571+00:00
1598677142123925504,ukraine-de,True,True,False,False,False,False,False,False,False,False,2022-12-02 15:01:30.351489+00:00,2022-12-02 15:01:30.351489+00:00
1598677162923413504,ukraine-de,True,True,False,False,False,False,False,False,False,False,2022-12-02 15:01:30.351350+00:00,2022-12-02 15:01:30.351350+00:00
1598677166274781185,ukraine-de,True,True,False,False,False,False,False,False,False,False,2022-12-02 15:01:30.351244+00:00,2022-12-02 15:01:30.351244+00:00
1598677186604683264,ukraine-de,True,True,False,False,False,False,False,False,False,False,2022-12-02 15:01:30.351133+00:00,2022-12-02 15:01:30.351133+00:00
1598677206737326083,ukraine-de,True,True,False,False,False,False,False,False,False,False,2022-12-02 15:01:30.351022+00:00,2022-12-02 15:01:30.351022+00:00
1598677215314599938,ukraine-de,True,True,False,False,False,False,False,False,False,False,2022-12-02 15:01:30.350924+00:00,2022-12-02 15:01:30.350924+00:00
1598677378800107520,ukraine-de,True,True,False,False,False,False,False,False,False,False,2022-12-02 15:01:30.350798+00:00,2022-12-02 15:01:30.350798+00:00
1598677382088359937,ukraine-de,True,True,False,False,False,False,False,False,False,False,2022-12-02 15:01:30.350688+00:00,2022-12-02 15:01:30.350688+00:00
1598677393308360705,ukraine-de,True,True,False,False,False,False,False,False,False,False,2022-12-02 15:01:30.350581+00:00,2022-12-02 15:01:30.350581+00:00
1598677414019735553,ukraine-de,True,True,False,False,False,False,False,False,False,False,2022-12-02 15:01:30.350482+00:00,2022-12-02 15:01:30.350482+00:00
1598677418251882497,ukraine-de,True,True,False,False,False,False,False,False,False,False,2022-12-02 15:01:30.350383+00:00,2022-12-02 15:01:30.350383+00:00
1598677424144719872,ukraine-de,True,True,False,False,False,False,False,False,False,False,2022-12-02 15:01:30.350282+00:00,2022-12-02 15:01:30.350282+00:00
1598677438938038273,ukraine-de,True,True,False,False,False,False,False,False,False,False,2022-12-02 15:01:30.350181+00:00,2022-12-02 15:01:30.350181+00:00
1598677449839185921,ukraine-de,True,True,False,False,False,False,False,False,False,False,2022-12-02 15:01:30.350055+00:00,2022-12-02 15:01:30.350055+00:00
1598677501894873090,ukraine-de,True,True,False,False,False,False,False,False,False,False,2022-12-02 15:01:30.349950+00:00,2022-12-02 15:01:30.349950+00:00
1598677516364963840,ukraine-de,True,True,False,False,False,False,False,False,False,False,2022-12-02 15:01:30.349830+00:00,2022-12-02 15:01:30.349830+00:00
1598677523109318656,ukraine-de,True,True,False,False,False,False,False,False,False,False,2022-12-02 15:01:30.349731+00:00,2022-12-02 15:01:30.349731+00:00
1598677557007683584,ukraine-de,True,True,False,False,False,False,False,False,False,False,2022-12-02 15:01:30.349631+00:00,2022-12-02 15:01:30.349631+00:00
1598677601261965313,ukraine-de,True,False,False,False,False,False,False,False,False,False,2022-12-02 19:50:59.827175+00:00,2022-12-02 19:50:59.827175+00:00
1598677628549996545,ukraine-de,True,True,False,False,False,False,False,False,False,False,2022-12-02 15:01:30.349498+00:00,2022-12-02 15:01:30.349498+00:00
1598677644958212096,ukraine-de,True,False,False,False,False,False,False,False,False,False,2022-12-02 15:01:30.396557+00:00,2022-12-02 15:01:30.396557+00:00
1598677656307785728,ukraine-de,True,True,False,False,False,False,False,False,False,False,2022-12-02 15:01:30.349400+00:00,2022-12-02 15:01:30.349400+00:00
1598677666088960000,ukraine-de,True,True,False,False,False,False,False,False,False,False,2022-12-02 15:01:30.349302+00:00,2022-12-02 15:01:30.349302+00:00
1598677674745950208,ukraine-de,True,True,False,False,False,False,False,False,False,False,2022-12-02 15:01:30.349206+00:00,2022-12-02 15:01:30.349206+00:00
1598677688058875904,ukraine-de,True,True,False,False,False,False,False,False,False,False,2022-12-02 15:01:30.349108+00:00,2022-12-02 15:01:30.349108+00:00
1598677692504760320,ukraine-de,True,True,False,False,False,False,False,False,False,False,2022-12-02 15:01:30.349007+00:00,2022-12-02 15:01:30.349007+00:00
1598677700100620290,ukraine-de,True,True,False,False,False,False,False,False,False,False,2022-12-02 15:01:30.348905+00:00,2022-12-02 15:01:30.348905+00:00
1598677796217307139,ukraine-de,True,True,False,False,False,False,False,False,False,False,2022-12-02 15:01:30.348782+00:00,2022-12-02 15:01:30.348782+00:00
1598677814743441408,ukraine-de,True,True,False,False,False,False,False,False,False,False,2022-12-02 15:01:30.348541+00:00,2022-12-02 15:01:30.348541+00:00
1598677820460470272,ukraine-de,True,True,False,False,False,False,False,False,False,False,2022-12-02 15:01:30.348440+00:00,2022-12-02 15:01:30.348440+00:00
1598677827989053440,ukraine-de,True,True,False,False,False,False,False,False,False,False,2022-12-02 15:01:30.348339+00:00,2022-12-02 15:01:30.348339+00:00
1598677836172140544,ukraine-de,True,True,False,False,False,False,False,False,False,False,2022-12-02 15:01:30.348237+00:00,2022-12-02 15:01:30.348237+00:00
1598677880740929536,ukraine-de,True,True,False,False,False,False,False,False,False,False,2022-12-02 15:01:30.348136+00:00,2022-12-02 15:01:30.348136+00:00
1598677897773973505,ukraine-de,True,True,False,False,False,False,False,False,False,False,2022-12-02 15:01:30.348035+00:00,2022-12-02 15:01:30.348035+00:00
1598677914274480128,ukraine-de,True,True,False,False,False,False,False,False,False,False,2022-12-02 15:01:30.347936+00:00,2022-12-02 15:01:30.347936+00:00
1598677943198224384,ukraine-de,True,True,False,False,False,False,False,False,False,False,2022-12-02 15:01:30.347834+00:00,2022-12-02 15:01:30.347834+00:00
1598678005655764995,ukraine-de,True,True,False,False,False,False,False,False,False,False,2022-12-02 15:01:30.347728+00:00,2022-12-02 15:01:30.347728+00:00
1598678006750646273,ukraine-de,True,True,False,False,False,False,False,False,False,False,2022-12-02 15:01:30.347558+00:00,2022-12-02 15:01:30.347558+00:00
1598678019111063552,ukraine-de,True,True,False,False,False,False,False,False,False,False,2022-12-02 15:01:30.347435+00:00,2022-12-02 15:01:30.347435+00:00
1598678022453972992,ukraine-de,True,True,False,False,False,False,False,False,False,False,2022-12-02 15:01:30.347295+00:00,2022-12-02 15:01:30.347295+00:00
1598678050241187843,ukraine-de,True,True,False,False,False,False,False,False,False,False,2022-12-02 15:01:30.347185+00:00,2022-12-02 15:01:30.347185+00:00
1598678066540163074,ukraine-de,True,True,False,False,False,False,False,False,False,False,2022-12-02 15:01:30.347086+00:00,2022-12-02 15:01:30.347086+00:00
1598678098274295808,ukraine-de,True,True,False,False,False,False,False,False,False,False,2022-12-02 15:01:30.346988+00:00,2022-12-02 15:01:30.346988+00:00
1598678112908283906,ukraine-de,True,True,False,False,False,False,False,False,False,False,2022-12-02 15:01:30.346889+00:00,2022-12-02 15:01:30.346889+00:00
1598678137843421184,ukraine-de,True,True,False,False,False,False,False,False,False,False,2022-12-02 15:01:30.346790+00:00,2022-12-02 15:01:30.346790+00:00
1598678147452608512,ukraine-de,True,False,False,False,False,False,False,False,False,False,2022-12-02 22:35:17.180495+00:00,2022-12-02 22:35:17.180495+00:00
1598678200866979840,ukraine-de,True,True,False,False,False,False,False,False,False,False,2022-12-02 15:01:30.346689+00:00,2022-12-02 15:01:30.346689+00:00
1598678226381017088,ukraine-de,True,True,False,False,False,False,False,False,False,False,2022-12-02 15:01:30.346588+00:00,2022-12-02 15:01:30.346588+00:00
1598678259130155009,ukraine-de,True,True,False,False,False,False,False,False,False,False,2022-12-02 15:01:30.346485+00:00,2022-12-02 15:01:30.346485+00:00
1598678269561393157,ukraine-de,True,True,False,False,False,False,False,False,False,False,2022-12-02 15:01:05.650820+00:00,2022-12-02 15:01:30.346333+00:00
1598678329770418178,ukraine-de,True,True,False,False,False,False,False,False,False,False,2022-12-02 15:01:30.346217+00:00,2022-12-02 15:01:30.346217+00:00
1598678336590471170,ukraine-de,True,True,False,False,False,False,False,False,False,False,2022-12-02 15:01:30.346115+00:00,2022-12-02 15:01:30.346115+00:00
1598678341136961536,ukraine-de,True,True,False,False,False,False,False,False,False,False,2022-12-02 15:01:30.345997+00:00,2022-12-02 15:01:30.345997+00:00
1598678355183915008,ukraine-de,True,True,False,False,False,False,False,False,False,False,2022-12-02 15:01:05.650266+00:00,2022-12-02 15:01:30.345886+00:00
1598678365367582720,ukraine-de,True,True,False,False,False,False,False,False,False,False,2022-12-02 15:01:30.345773+00:00,2022-12-02 15:01:30.345773+00:00
1598678378743226368,ukraine-de,True,True,False,False,False,False,False,False,False,False,2022-12-02 15:01:05.652437+00:00,2022-12-02 15:01:30.345633+00:00
1598678394341728256,ukraine-de,True,True,False,False,False,False,False,False,False,False,2022-12-02 15:01:30.345397+00:00,2022-12-02 15:01:30.345397+00:00
1598678411097931777,ukraine-de,True,True,False,False,False,False,False,False,False,False,2022-12-02 15:01:30.345295+00:00,2022-12-02 15:01:30.345295+00:00
1598678411165188096,ukraine-de,True,True,False,False,False,False,False,False,False,False,2022-12-02 15:01:30.345186+00:00,2022-12-02 15:01:30.345186+00:00
1598678475878998017,ukraine-de,True,True,False,False,False,False,False,False,False,False,2022-12-02 15:01:30.345009+00:00,2022-12-02 15:01:30.345009+00:00
1598678500176580608,ukraine-de,True,True,False,False,False,False,False,False,False,False,2022-12-02 15:01:30.344909+00:00,2022-12-02 15:01:30.344909+00:00
1598678507369791488,ukraine-de,True,True,False,False,False,False,False,False,False,False,2022-12-02 15:01:30.344806+00:00,2022-12-02 15:01:30.344806+00:00
1598678536398966785,ukraine-de,True,True,False,False,False,False,False,False,False,False,2022-12-02 15:01:30.344688+00:00,2022-12-02 15:01:30.344688+00:00
1598678537895936000,ukraine-de,True,True,False,False,False,False,False,False,False,False,2022-12-02 15:01:30.344586+00:00,2022-12-02 15:01:30.344586+00:00
1598678540744007681,ukraine-de,True,True,False,False,False,False,False,False,False,False,2022-12-02 15:01:30.344475+00:00,2022-12-02 15:01:30.344475+00:00
1598678553339510791,ukraine-de,True,True,False,False,False,False,False,False,False,False,2022-12-02 15:01:30.344301+00:00,2022-12-02 15:01:30.344301+00:00
1598678580002709505,ukraine-de,True,True,False,False,False,False,False,False,False,False,2022-12-02 15:01:30.344200+00:00,2022-12-02 15:01:30.344200+00:00
1598678591050747905,ukraine-de,True,True,False,False,False,False,False,False,False,False,2022-12-02 15:01:05.637004+00:00,2022-12-02 15:01:30.344099+00:00
1598678594561220611,ukraine-de,True,True,False,False,False,False,False,False,False,False,2022-12-02 15:01:30.343977+00:00,2022-12-02 15:01:30.343977+00:00
1598678603814047746,ukraine-de,True,True,False,False,False,False,False,False,False,False,2022-12-02 15:01:30.343877+00:00,2022-12-02 15:01:30.343877+00:00
1598678618615316481,ukraine-de,True,True,False,False,False,False,False,False,False,False,2022-12-02 15:01:30.343775+00:00,2022-12-02 15:01:30.343775+00:00
1598678633308381184,ukraine-de,True,True,False,False,False,False,False,False,False,False,2022-12-02 15:01:30.343666+00:00,2022-12-02 15:01:30.343666+00:00
1598678634088259585,ukraine-de,True,True,False,False,False,False,False,False,False,False,2022-12-02 15:01:30.343548+00:00,2022-12-02 15:01:30.343548+00:00
1598678638718849029,ukraine-de,True,True,False,False,False,False,False,False,False,False,2022-12-02 15:01:30.343437+00:00,2022-12-02 15:01:30.343437+00:00
1598678653256491010,ukraine-de,True,False,False,False,False,False,False,False,False,False,2022-12-03 01:30:18.830204+00:00,2022-12-03 01:30:18.830204+00:00
1598678662655639558,ukraine-de,True,True,False,False,False,False,False,False,False,False,2022-12-02 15:01:05.639185+00:00,2022-12-02 15:01:30.343326+00:00
1598678669072863232,ukraine-de,True,True,False,False,False,False,False,False,False,False,2022-12-02 15:01:30.343226+00:00,2022-12-02 15:01:30.343226+00:00
1598678701620842497,ukraine-de,True,True,False,False,False,False,False,False,False,False,2022-12-02 15:01:30.343121+00:00,2022-12-02 15:01:30.343121+00:00
1598678701922713604,ukraine-de,True,True,False,False,False,False,False,False,False,False,2022-12-02 15:01:30.342973+00:00,2022-12-02 15:01:30.342973+00:00
1598678730469249028,ukraine-de,True,False,False,False,False,False,False,False,False,False,2022-12-02 19:51:30.206839+00:00,2022-12-02 19:51:30.206839+00:00
1598678743375138816,ukraine-de,True,True,False,False,False,False,False,False,False,False,2022-12-02 15:01:30.342748+00:00,2022-12-02 15:01:30.342748+00:00
1598678787276898306,ukraine-de,True,True,False,False,False,False,False,False,False,False,2022-12-02 15:01:30.342640+00:00,2022-12-02 15:01:30.342640+00:00
1598678787859808256,ukraine-de,True,True,False,False,False,False,False,False,False,False,2022-12-02 15:01:30.342360+00:00,2022-12-02 15:01:30.342360+00:00
1598678799721197569,ukraine-de,True,True,False,False,False,False,False,False,False,False,2022-12-02 15:01:30.342262+00:00,2022-12-02 15:01:30.342262+00:00
1598678816234291202,ukraine-de,True,True,False,False,False,False,False,False,False,False,2022-12-02 15:01:30.342163+00:00,2022-12-02 15:01:30.342163+00:00
1598678829597335553,ukraine-de,True,True,False,False,False,False,False,False,False,False,2022-12-02 15:01:30.342055+00:00,2022-12-02 15:01:30.342055+00:00
1598678853592940552,ukraine-de,True,False,False,False,False,False,False,False,False,False,2022-12-02 19:51:22.127638+00:00,2022-12-02 19:51:22.127638+00:00
1598678873566330881,ukraine-de,True,True,False,False,False,False,False,False,False,False,2022-12-02 15:01:30.341944+00:00,2022-12-02 15:01:30.341944+00:00
1598678899801587716,ukraine-de,True,True,False,False,False,False,False,False,False,False,2022-12-02 15:01:30.341836+00:00,2022-12-02 15:01:30.341836+00:00
1598678924925423617,ukraine-de,True,True,False,False,False,False,False,False,False,False,2022-12-02 15:01:30.341634+00:00,2022-12-02 15:01:30.341634+00:00
1598678927001604096,ukraine-de,True,False,False,False,False,False,False,False,False,False,2022-12-03 03:40:14.826932+00:00,2022-12-03 03:40:14.826932+00:00
1598678974913052672,ukraine-de,True,True,False,False,False,False,False,False,False,False,2022-12-02 15:01:30.341500+00:00,2022-12-02 15:01:30.341500+00:00
1598679034191388672,ukraine-de,True,True,False,False,False,False,False,False,False,False,2022-12-02 15:01:30.341400+00:00,2022-12-02 15:01:30.341400+00:00
1598679037936914433,ukraine-de,True,True,False,False,False,False,False,False,False,False,2022-12-02 15:01:30.341286+00:00,2022-12-02 15:01:30.341286+00:00
1598679041216692224,ukraine-de,True,True,False,False,False,False,False,False,False,False,2022-12-02 15:01:30.341186+00:00,2022-12-02 15:01:30.341186+00:00
1598679112607883265,ukraine-de,True,True,False,False,False,False,False,False,False,False,2022-12-02 15:01:30.341080+00:00,2022-12-02 15:01:30.341080+00:00
1598679145793347585,ukraine-de,True,True,False,False,False,False,False,False,False,False,2022-12-02 15:01:30.340971+00:00,2022-12-02 15:01:30.340971+00:00
1598679158896443394,ukraine-de,True,True,False,False,False,False,False,False,False,False,2022-12-02 15:01:30.340872+00:00,2022-12-02 15:01:30.340872+00:00
1598679182044717056,ukraine-de,True,False,False,False,False,False,False,False,False,False,2022-12-02 15:01:05.657912+00:00,2022-12-02 15:01:05.657912+00:00
1598679196196380680,ukraine-de,True,True,False,False,False,False,False,False,False,False,2022-12-02 15:01:30.340773+00:00,2022-12-02 15:01:30.340773+00:00
1598679208645066752,ukraine-de,True,False,False,False,False,False,False,False,False,False,2022-12-02 15:01:05.644338+00:00,2022-12-02 15:01:05.644338+00:00
1598679219223027713,ukraine-de,True,True,False,False,False,False,False,False,False,False,2022-12-02 15:01:30.340672+00:00,2022-12-02 15:01:30.340672+00:00
1598679223312347136,ukraine-de,True,True,False,False,False,False,False,False,False,False,2022-12-02 15:01:30.340569+00:00,2022-12-02 15:01:30.340569+00:00
1598679229952040961,ukraine-de,True,True,False,False,False,False,False,False,False,False,2022-12-02 15:01:30.340452+00:00,2022-12-02 15:01:30.340452+00:00
1598679248981614592,ukraine-de,True,True,False,False,False,False,False,False,False,False,2022-12-02 15:01:30.340326+00:00,2022-12-02 15:01:30.340326+00:00
1598679304602357765,ukraine-de,True,True,False,False,False,False,False,False,False,False,2022-12-02 15:01:30.340222+00:00,2022-12-02 15:01:30.340222+00:00
1598679313641271296,ukraine-de,True,True,False,False,False,False,False,False,False,False,2022-12-02 15:01:30.340106+00:00,2022-12-02 15:01:30.340106+00:00
1598679338324733952,ukraine-de,True,True,False,False,False,False,False,False,False,False,2022-12-02 15:01:30.340006+00:00,2022-12-02 15:01:30.340006+00:00
1598679342980161539,ukraine-de,True,False,False,False,False,False,False,False,False,False,2022-12-02 15:01:30.393081+00:00,2022-12-02 15:01:30.393081+00:00
1598679344045592576,ukraine-de,True,True,False,False,False,False,False,False,False,False,2022-12-02 15:01:30.339905+00:00,2022-12-02 15:01:30.339905+00:00
1598679344154550274,ukraine-de,True,True,False,False,False,False,False,False,False,False,2022-12-02 15:01:30.339801+00:00,2022-12-02 15:01:30.339801+00:00
1598679346486689795,ukraine-de,True,True,False,False,False,False,False,False,False,False,2022-12-02 15:01:30.339681+00:00,2022-12-02 15:01:30.339681+00:00
1598679399133495298,ukraine-de,True,True,False,False,False,False,False,False,False,False,2022-12-02 15:01:30.339563+00:00,2022-12-02 15:01:30.339563+00:00
1598679418876182528,ukraine-de,True,True,False,False,False,False,False,False,False,False,2022-12-02 15:01:30.339449+00:00,2022-12-02 15:01:30.339449+00:00
1598679447867215874,ukraine-de,True,False,False,False,False,False,False,False,False,False,2022-12-02 15:01:30.391342+00:00,2022-12-02 15:01:30.391342+00:00
1598679476870717440,ukraine-de,True,False,False,False,False,False,False,False,False,False,2022-12-03 01:30:30.083383+00:00,2022-12-03 01:30:30.083383+00:00
1598679498777509888,ukraine-de,True,True,False,False,False,False,False,False,False,False,2022-12-02 15:01:30.338864+00:00,2022-12-02 15:01:30.338864+00:00
1598679504930721793,ukraine-de,True,True,False,False,False,False,False,False,False,False,2022-12-02 15:01:30.338763+00:00,2022-12-02 15:01:30.338763+00:00
1598679509397446656,ukraine-de,True,True,False,False,False,False,False,False,False,False,2022-12-02 15:01:30.338655+00:00,2022-12-02 15:01:30.338655+00:00
1598679518075441152,ukraine-de,True,True,False,False,False,False,False,False,False,False,2022-12-02 15:01:30.338540+00:00,2022-12-02 15:01:30.338540+00:00
1598679523742158852,ukraine-de,True,False,False,False,False,False,False,False,False,False,2022-12-02 15:01:30.385502+00:00,2022-12-02 15:01:30.385502+00:00
1598679562497441793,ukraine-de,True,True,False,False,False,False,False,False,False,False,2022-12-02 15:01:30.338442+00:00,2022-12-02 15:01:30.338442+00:00
1598679578406518787,ukraine-de,True,True,False,False,False,False,False,False,False,False,2022-12-02 15:01:30.338344+00:00,2022-12-02 15:01:30.338344+00:00
1598679578494509069,ukraine-de,True,True,False,False,False,False,False,False,False,False,2022-12-02 15:01:30.338246+00:00,2022-12-02 15:01:30.338246+00:00
1598679588212572160,ukraine-de,True,True,False,False,False,False,False,False,False,False,2022-12-02 15:01:30.338144+00:00,2022-12-02 15:01:30.338144+00:00
1598679649881571329,ukraine-de,True,True,False,False,False,False,False,False,False,False,2022-12-02 15:01:30.338038+00:00,2022-12-02 15:01:30.338038+00:00
1598679658366574593,ukraine-de,True,True,False,False,False,False,False,False,False,False,2022-12-02 15:01:30.337938+00:00,2022-12-02 15:01:30.337938+00:00
1598679672287543298,ukraine-de,True,True,False,False,False,False,False,False,False,False,2022-12-02 15:01:30.337824+00:00,2022-12-02 15:01:30.337824+00:00
1598679673067782146,ukraine-de,True,True,False,False,False,False,False,False,False,False,2022-12-02 15:01:30.337726+00:00,2022-12-02 15:01:30.337726+00:00
1598679711147646977,ukraine-de,True,True,False,False,False,False,False,False,False,False,2022-12-02 15:01:30.337624+00:00,2022-12-02 15:01:30.337624+00:00
1598679717711953921,ukraine-de,True,True,False,False,False,False,False,False,False,False,2022-12-02 15:01:30.337505+00:00,2022-12-02 15:01:30.337505+00:00
1598679784699166721,ukraine-de,True,False,False,False,False,False,False,False,False,False,2022-12-02 15:01:30.390499+00:00,2022-12-02 15:01:30.390499+00:00
1598679817536393217,ukraine-de,True,True,False,False,False,False,False,False,False,False,2022-12-02 15:01:30.337390+00:00,2022-12-02 15:01:30.337390+00:00
1598679833089028097,ukraine-de,True,True,False,False,False,False,False,False,False,False,2022-12-02 15:01:30.337281+00:00,2022-12-02 15:01:30.337281+00:00
1598679835823382528,ukraine-de,True,True,False,False,False,False,False,False,False,False,2022-12-02 15:01:30.337180+00:00,2022-12-02 15:01:30.337180+00:00
1598679844241416198,ukraine-de,True,True,False,False,False,False,False,False,False,False,2022-12-02 15:01:30.337065+00:00,2022-12-02 15:01:30.337065+00:00
1598679848800526336,ukraine-de,True,True,False,False,False,False,False,False,False,False,2022-12-02 15:01:30.336965+00:00,2022-12-02 15:01:30.336965+00:00
1598679852994990080,ukraine-de,True,True,False,False,False,False,False,False,False,False,2022-12-02 15:01:30.336849+00:00,2022-12-02 15:01:30.336849+00:00
1598679861920514050,ukraine-de,True,True,False,False,False,False,False,False,False,False,2022-12-02 15:01:30.336738+00:00,2022-12-02 15:01:30.336738+00:00
1598679868711084039,ukraine-de,True,True,False,False,False,False,False,False,False,False,2022-12-02 15:01:30.336628+00:00,2022-12-02 15:01:30.336628+00:00
1598679871948959744,ukraine-de,True,True,False,False,False,False,False,False,False,False,2022-12-02 15:01:30.336526+00:00,2022-12-02 15:01:30.336526+00:00
1598679887069401088,ukraine-de,True,True,False,False,False,False,False,False,False,False,2022-12-02 15:01:30.336425+00:00,2022-12-02 15:01:30.336425+00:00
1598679895244410882,ukraine-de,True,True,False,False,False,False,False,False,False,False,2022-12-02 15:01:30.336324+00:00,2022-12-02 15:01:30.336324+00:00
1598679914835853314,ukraine-de,True,True,False,False,False,False,False,False,False,False,2022-12-02 15:01:30.336210+00:00,2022-12-02 15:01:30.336210+00:00
1598679917977296898,ukraine-de,True,True,False,False,False,False,False,False,False,False,2022-12-02 15:01:30.336111+00:00,2022-12-02 15:01:30.336111+00:00
1598679942459531264,ukraine-de,True,True,False,False,False,False,False,False,False,False,2022-12-02 15:01:30.336000+00:00,2022-12-02 15:01:30.336000+00:00
1598679947425488900,ukraine-de,True,True,False,False,False,False,False,False,False,False,2022-12-02 15:01:30.335900+00:00,2022-12-02 15:01:30.335900+00:00
1598679968317423618,ukraine-de,True,True,False,False,False,False,False,False,False,False,2022-12-02 15:01:05.641892+00:00,2022-12-02 15:01:30.335784+00:00
1598679987132899329,ukraine-de,True,True,False,False,False,False,False,False,False,False,2022-12-02 15:01:30.335673+00:00,2022-12-02 15:01:30.335673+00:00
1598679998394671110,ukraine-de,True,True,False,False,False,False,False,False,False,False,2022-12-02 15:01:30.335570+00:00,2022-12-02 15:01:30.335570+00:00
1598680004212178944,ukraine-de,True,True,False,False,False,False,False,False,False,False,2022-12-02 15:01:30.335440+00:00,2022-12-02 15:01:30.335440+00:00
1598680013116784648,ukraine-de,True,True,False,False,False,False,False,False,False,False,2022-12-02 15:01:30.335329+00:00,2022-12-02 15:01:30.335329+00:00
1598680016950378496,ukraine-de,True,True,False,False,False,False,False,False,False,False,2022-12-02 15:01:30.335222+00:00,2022-12-02 15:01:30.335222+00:00
1598680061531635712,ukraine-de,True,False,False,False,False,False,False,False,False,False,2022-12-02 15:01:30.385229+00:00,2022-12-02 15:01:30.385229+00:00
1598680086290513925,ukraine-de,True,True,False,False,False,False,False,False,False,False,2022-12-02 15:01:30.335123+00:00,2022-12-02 15:01:30.335123+00:00
1598680088744116229,ukraine-de,True,True,False,False,False,False,False,False,False,False,2022-12-02 15:01:30.335024+00:00,2022-12-02 15:01:30.335024+00:00
1598680089948037121,ukraine-de,True,True,False,False,False,False,False,False,False,False,2022-12-02 15:01:30.334924+00:00,2022-12-02 15:01:30.334924+00:00
1598680121140920320,ukraine-de,True,True,False,False,False,False,False,False,False,False,2022-12-02 15:01:30.334821+00:00,2022-12-02 15:01:30.334821+00:00
1598680138610315264,ukraine-de,True,True,False,False,False,False,False,False,False,False,2022-12-02 15:01:30.334699+00:00,2022-12-02 15:01:30.334699+00:00
1598680147632300034,ukraine-de,True,True,False,False,False,False,False,False,False,False,2022-12-02 15:01:30.334595+00:00,2022-12-02 15:01:30.334595+00:00
1598680148441604096,ukraine-de,True,True,False,False,False,False,False,False,False,False,2022-12-02 15:01:30.334362+00:00,2022-12-02 15:01:30.334362+00:00
1598680202414022657,ukraine-de,True,True,False,False,False,False,False,False,False,False,2022-12-02 15:01:30.334262+00:00,2022-12-02 15:01:30.334262+00:00
1598680236471771136,ukraine-de,True,True,False,False,False,False,False,False,False,False,2022-12-02 15:01:30.334149+00:00,2022-12-02 15:01:30.334149+00:00
1598680243165962246,ukraine-de,True,True,False,False,False,False,False,False,False,False,2022-12-02 15:01:30.334029+00:00,2022-12-02 15:01:30.334029+00:00
1598680304738181121,ukraine-de,True,True,False,False,False,False,False,False,False,False,2022-12-02 15:01:30.333910+00:00,2022-12-02 15:01:30.333910+00:00
1598680342163951618,ukraine-de,True,True,False,False,False,False,False,False,False,False,2022-12-02 15:01:30.333810+00:00,2022-12-02 15:01:30.333810+00:00
1598680364871868419,ukraine-de,True,True,False,False,False,False,False,False,False,False,2022-12-02 15:01:30.333705+00:00,2022-12-02 15:01:30.333705+00:00
1598680367413612544,ukraine-de,True,True,False,False,False,False,False,False,False,False,2022-12-02 15:01:30.333553+00:00,2022-12-02 15:01:30.333553+00:00
1598680372383989760,ukraine-de,True,True,False,False,False,False,False,False,False,False,2022-12-02 15:01:30.333442+00:00,2022-12-02 15:01:30.333442+00:00
1598680449798135808,ukraine-de,True,True,False,False,False,False,False,False,False,False,2022-12-02 15:01:30.333311+00:00,2022-12-02 15:01:30.333311+00:00
1598680480647299075,ukraine-de,True,True,False,False,False,False,False,False,False,False,2022-12-02 15:01:30.333153+00:00,2022-12-02 15:01:30.333153+00:00
1598680487483973632,ukraine-de,True,True,False,False,False,False,False,False,False,False,2022-12-02 15:01:30.333024+00:00,2022-12-02 15:01:30.333024+00:00
1598680539715739650,ukraine-de,True,True,False,False,False,False,False,False,False,False,2022-12-02 15:01:30.332863+00:00,2022-12-02 15:01:30.332863+00:00
1598680625371746304,ukraine-de,True,True,False,False,False,False,False,False,False,False,2022-12-02 15:01:30.332658+00:00,2022-12-02 15:01:30.332658+00:00
1598680630895820800,ukraine-de,True,True,False,False,False,False,False,False,False,False,2022-12-02 15:01:30.332539+00:00,2022-12-02 15:01:30.332539+00:00
1598680638562902017,ukraine-de,True,True,False,False,False,False,False,False,False,False,2022-12-02 15:01:30.332420+00:00,2022-12-02 15:01:30.332420+00:00
1598680651150114819,ukraine-de,True,True,False,False,False,False,False,False,False,False,2022-12-02 15:01:30.332138+00:00,2022-12-02 15:01:30.332138+00:00
1598680683874074624,ukraine-de,True,True,False,False,False,False,False,False,False,False,2022-12-02 15:01:30.331956+00:00,2022-12-02 15:01:30.331956+00:00
1598680705239814145,ukraine-de,True,True,False,False,False,False,False,False,False,False,2022-12-02 15:01:30.331852+00:00,2022-12-02 15:01:30.331852+00:00
1598680715574607873,ukraine-de,True,True,False,False,False,False,False,False,False,False,2022-12-02 15:01:30.331746+00:00,2022-12-02 15:01:30.331746+00:00
1598680727654060032,ukraine-de,True,False,False,False,False,False,False,False,False,False,2022-12-02 15:01:30.386568+00:00,2022-12-02 15:01:30.386568+00:00
1598680766355046401,ukraine-de,True,True,False,False,False,False,False,False,False,False,2022-12-02 15:01:30.331597+00:00,2022-12-02 15:01:30.331597+00:00
1598680781681041408,ukraine-de,True,True,False,False,False,False,False,False,False,False,2022-12-02 15:01:30.331279+00:00,2022-12-02 15:01:30.331279+00:00
1598680786064101378,ukraine-de,True,True,False,False,False,False,False,False,False,False,2022-12-02 15:01:30.330863+00:00,2022-12-02 15:01:30.330863+00:00
1598680795706703872,ukraine-de,True,True,False,False,False,False,False,False,False,False,2022-12-02 15:01:30.330744+00:00,2022-12-02 15:01:30.330744+00:00
1598680802182811648,ukraine-de,True,True,False,False,False,False,False,False,False,False,2022-12-02 15:01:30.330294+00:00,2022-12-02 15:01:30.330294+00:00
1598680807580704768,ukraine-de,True,False,False,False,False,False,False,False,False,False,2022-12-02 15:01:30.384173+00:00,2022-12-02 15:01:30.384173+00:00
1598680812739756033,ukraine-de,True,True,False,False,False,False,False,False,False,False,2022-12-02 15:01:30.330053+00:00,2022-12-02 15:01:30.330053+00:00
1598680864442834945,ukraine-de,True,False,False,False,False,False,False,False,False,False,2022-12-02 19:51:41.484072+00:00,2022-12-02 19:51:41.484072+00:00
1598680877562667008,ukraine-de,True,True,False,False,False,False,False,False,False,False,2022-12-02 15:01:30.329623+00:00,2022-12-02 15:01:30.329623+00:00
1598680879739682822,ukraine-de,True,True,False,False,False,False,False,False,False,False,2022-12-02 15:01:30.329481+00:00,2022-12-02 15:01:30.329481+00:00
1598680889671589888,ukraine-de,True,True,False,False,False,False,False,False,False,False,2022-12-02 15:01:30.329203+00:00,2022-12-02 15:01:30.329203+00:00
1598680901667495940,ukraine-de,True,True,False,False,False,False,False,False,False,False,2022-12-02 15:01:30.328621+00:00,2022-12-02 15:01:30.328621+00:00
1598680904209035264,ukraine-de,True,True,False,False,False,False,False,False,False,False,2022-12-02 15:01:30.328521+00:00,2022-12-02 15:01:30.328521+00:00
1598681005858095107,ukraine-de,True,True,False,False,False,False,False,False,False,False,2022-12-02 15:01:30.328420+00:00,2022-12-02 15:01:30.328420+00:00
1598681014754213888,ukraine-de,True,True,False,False,False,False,False,False,False,False,2022-12-02 15:01:30.328316+00:00,2022-12-02 15:01:30.328316+00:00
1598681018931843072,ukraine-de,True,True,False,False,False,False,False,False,False,False,2022-12-02 15:01:30.328193+00:00,2022-12-02 15:01:30.328193+00:00
1598681032454279206,ukraine-de,True,True,False,False,False,False,False,False,False,False,2022-12-02 15:01:30.328086+00:00,2022-12-02 15:01:30.328086+00:00
1598681057183907843,ukraine-de,True,True,False,False,False,False,False,False,False,False,2022-12-02 15:01:30.327978+00:00,2022-12-02 15:01:30.327978+00:00
1598681060983832576,ukraine-de,True,True,False,False,False,False,False,False,False,False,2022-12-02 15:01:30.327847+00:00,2022-12-02 15:01:30.327847+00:00
1598681100750135296,ukraine-de,True,True,False,False,False,False,False,False,False,False,2022-12-02 15:01:30.327280+00:00,2022-12-02 15:01:30.327280+00:00
1598681110619234304,ukraine-de,True,True,False,False,False,False,False,False,False,False,2022-12-02 15:01:30.327164+00:00,2022-12-02 15:01:30.327164+00:00
1598681116273172482,ukraine-de,True,True,False,False,False,False,False,False,False,False,2022-12-02 15:01:30.327053+00:00,2022-12-02 15:01:30.327053+00:00
1598681121470005249,ukraine-de,True,True,False,False,False,False,False,False,False,False,2022-12-02 15:01:30.326897+00:00,2022-12-02 15:01:30.326897+00:00
1598681142890209283,ukraine-de,True,True,False,False,False,False,False,False,False,False,2022-12-02 15:01:30.326566+00:00,2022-12-02 15:01:30.326566+00:00
1598681173626130432,ukraine-de,True,False,False,False,False,False,False,False,False,False,2022-12-02 19:50:36.509514+00:00,2022-12-02 19:50:36.509514+00:00
1598681205062279169,ukraine-de,True,False,False,False,False,False,False,False,False,False,2022-12-02 15:01:30.381571+00:00,2022-12-02 15:01:30.381571+00:00
1598681221873033216,ukraine-de,True,True,False,False,False,False,False,False,False,False,2022-12-02 15:01:30.326268+00:00,2022-12-02 15:01:30.326268+00:00
1598681230882394113,ukraine-de,True,True,False,False,False,False,False,False,False,False,2022-12-02 15:01:30.326108+00:00,2022-12-02 15:01:30.326108+00:00
1598681300637925377,ukraine-de,True,False,False,False,False,False,False,False,False,False,2022-12-02 19:50:59.828994+00:00,2022-12-02 19:50:59.828994+00:00
1598681323362738176,ukraine-de,True,True,False,False,False,False,False,False,False,False,2022-12-02 15:01:30.326002+00:00,2022-12-02 15:01:30.326002+00:00
1598681347622522880,ukraine-de,True,True,False,False,False,False,False,False,False,False,2022-12-02 15:01:30.325755+00:00,2022-12-02 15:01:30.325755+00:00
1598681349468176386,ukraine-de,True,True,False,False,False,False,False,False,False,False,2022-12-02 15:01:30.325416+00:00,2022-12-02 15:01:30.325416+00:00
1598681361346449409,ukraine-de,True,True,False,False,False,False,False,False,False,False,2022-12-02 15:01:30.325272+00:00,2022-12-02 15:01:30.325272+00:00
1598681362730557442,ukraine-de,True,True,False,False,False,False,False,False,False,False,2022-12-02 15:01:30.325064+00:00,2022-12-02 15:01:30.325064+00:00
1598681366660423680,ukraine-de,True,True,False,False,False,False,False,False,False,False,2022-12-02 15:01:30.324907+00:00,2022-12-02 15:01:30.324907+00:00
1598681396020748288,ukraine-de,True,True,False,False,False,False,False,False,False,False,2022-12-02 15:01:05.651139+00:00,2022-12-02 15:01:30.324668+00:00
1598681414265970689,ukraine-de,True,True,False,False,False,False,False,False,False,False,2022-12-02 15:01:30.324307+00:00,2022-12-02 15:01:30.324307+00:00
1598681432196620290,ukraine-de,True,True,False,False,False,False,False,False,False,False,2022-12-02 15:01:30.324150+00:00,2022-12-02 15:01:30.324150+00:00
1598681435149373440,ukraine-de,True,True,False,False,False,False,False,False,False,False,2022-12-02 15:01:30.324018+00:00,2022-12-02 15:01:30.324018+00:00
1598681442220969989,ukraine-de,True,True,False,False,False,False,False,False,False,False,2022-12-02 15:01:30.323775+00:00,2022-12-02 15:01:30.323775+00:00
1598681453826654208,ukraine-de,True,False,False,False,False,False,False,False,False,False,2022-12-02 15:01:05.656023+00:00,2022-12-02 15:01:05.656023+00:00
1598681469781786625,ukraine-de,True,True,False,False,False,False,False,False,False,False,2022-12-02 15:01:30.323660+00:00,2022-12-02 15:01:30.323660+00:00
1598681475452387328,ukraine-de,True,True,False,False,False,False,False,False,False,False,2022-12-02 15:01:30.323276+00:00,2022-12-02 15:01:30.323276+00:00
1598681490262577152,ukraine-de,True,True,False,False,False,False,False,False,False,False,2022-12-02 15:01:30.323137+00:00,2022-12-02 15:01:30.323137+00:00
1598681505122979844,ukraine-de,True,True,False,False,False,False,False,False,False,False,2022-12-02 15:01:30.322715+00:00,2022-12-02 15:01:30.322715+00:00
1598681510038716416,ukraine-de,True,True,False,False,False,False,False,False,False,False,2022-12-02 15:01:30.322611+00:00,2022-12-02 15:01:30.322611+00:00
1598681536093573120,ukraine-de,True,True,False,False,False,False,False,False,False,False,2022-12-02 15:01:30.322496+00:00,2022-12-02 15:01:30.322496+00:00
1598681559652933632,ukraine-de,True,True,False,False,False,False,False,False,False,False,2022-12-02 15:01:30.322354+00:00,2022-12-02 15:01:30.322354+00:00
1598681572122697732,ukraine-de,True,True,False,False,False,False,False,False,False,False,2022-12-02 15:01:30.322153+00:00,2022-12-02 15:01:30.322153+00:00
1598681578934239233,ukraine-de,True,True,False,False,False,False,False,False,False,False,2022-12-02 15:01:30.321875+00:00,2022-12-02 15:01:30.321875+00:00
1598681630020960263,ukraine-de,True,True,False,False,False,False,False,False,False,False,2022-12-02 15:01:30.321433+00:00,2022-12-02 15:01:30.321433+00:00
1598681634773032961,ukraine-de,True,True,False,False,False,False,False,False,False,False,2022-12-02 15:01:30.321035+00:00,2022-12-02 15:01:30.321035+00:00
1598681661595652098,ukraine-de,True,True,False,False,False,False,False,False,False,False,2022-12-02 15:01:30.320770+00:00,2022-12-02 15:01:30.320770+00:00
1598681663579607042,ukraine-de,True,True,False,False,False,False,False,False,False,False,2022-12-02 15:01:30.320458+00:00,2022-12-02 15:01:30.320458+00:00
1598681676032479235,ukraine-de,True,False,False,False,False,False,False,False,False,False,2022-12-02 19:51:30.188132+00:00,2022-12-02 19:51:30.188132+00:00
1598681695171104769,ukraine-de,True,True,False,False,False,False,False,False,False,False,2022-12-02 15:01:30.320093+00:00,2022-12-02 15:01:30.320093+00:00
1598681730533269504,ukraine-de,True,True,False,False,False,False,False,False,False,False,2022-12-02 15:01:30.319989+00:00,2022-12-02 15:01:30.319989+00:00
1598681732449857536,ukraine-de,True,True,False,False,False,False,False,False,False,False,2022-12-02 15:01:30.319884+00:00,2022-12-02 15:01:30.319884+00:00
1598681737541963781,ukraine-de,True,True,False,False,False,False,False,False,False,False,2022-12-02 15:01:30.319779+00:00,2022-12-02 15:01:30.319779+00:00
1598681759134396416,ukraine-de,True,True,False,False,False,False,False,False,False,False,2022-12-02 15:01:30.319651+00:00,2022-12-02 15:01:30.319651+00:00
1598681861915639810,ukraine-de,True,True,False,False,False,False,False,False,False,False,2022-12-02 15:01:30.319535+00:00,2022-12-02 15:01:30.319535+00:00
1598681902902349824,ukraine-de,True,True,False,False,False,False,False,False,False,False,2022-12-02 15:01:05.648141+00:00,2022-12-02 15:01:30.318816+00:00
1598681994757636096,ukraine-de,True,True,False,False,False,False,False,False,False,False,2022-12-02 15:01:30.318612+00:00,2022-12-02 15:01:30.318612+00:00
1598681999706832897,ukraine-de,True,True,False,False,False,False,False,False,False,False,2022-12-02 15:01:30.318494+00:00,2022-12-02 15:01:30.318494+00:00
1598682021592649734,ukraine-de,True,True,False,False,False,False,False,False,False,False,2022-12-02 15:01:30.318390+00:00,2022-12-02 15:01:30.318390+00:00
1598682024390295553,ukraine-de,True,True,False,False,False,False,False,False,False,False,2022-12-02 15:01:30.318285+00:00,2022-12-02 15:01:30.318285+00:00
1598682054283108353,ukraine-de,True,True,False,False,False,False,False,False,False,False,2022-12-02 15:01:30.318179+00:00,2022-12-02 15:01:30.318179+00:00
1598682099481038850,ukraine-de,True,True,False,False,False,False,False,False,False,False,2022-12-02 15:01:30.318071+00:00,2022-12-02 15:01:30.318071+00:00
1598682110931386371,ukraine-de,True,True,False,False,False,False,False,False,False,False,2022-12-02 15:01:30.317955+00:00,2022-12-02 15:01:30.317955+00:00
1598682129310908416,ukraine-de,True,True,False,False,False,False,False,False,False,False,2022-12-02 15:01:30.317737+00:00,2022-12-02 15:01:30.317737+00:00
1598682129537327110,ukraine-de,True,True,False,False,False,False,False,False,False,False,2022-12-02 15:01:30.315824+00:00,2022-12-02 15:01:30.315824+00:00
1598682138798342144,ukraine-de,True,False,False,False,False,False,False,False,False,False,2022-12-02 15:01:05.658898+00:00,2022-12-02 15:01:05.658898+00:00
1598682139423293440,ukraine-de,True,True,False,False,False,False,False,False,False,False,2022-12-02 15:01:30.315659+00:00,2022-12-02 15:01:30.315659+00:00
1598682154623553537,ukraine-de,True,False,False,False,False,False,False,False,False,False,2022-12-03 11:06:05.461170+00:00,2022-12-03 11:06:05.461170+00:00
1598682181852794885,ukraine-de,True,True,False,False,False,False,False,False,False,False,2022-12-02 15:01:30.315466+00:00,2022-12-02 15:01:30.315466+00:00
1598682185879343104,ukraine-de,True,True,False,False,False,False,False,False,False,False,2022-12-02 15:01:30.315356+00:00,2022-12-02 15:01:30.315356+00:00
1598682197602365441,ukraine-de,True,True,False,False,False,False,False,False,False,False,2022-12-02 15:01:30.315255+00:00,2022-12-02 15:01:30.315255+00:00
1598682203197775875,ukraine-de,True,True,False,False,False,False,False,False,False,False,2022-12-02 15:01:30.315138+00:00,2022-12-02 15:01:30.315138+00:00
1598682209581498371,ukraine-de,True,True,False,False,False,False,False,False,False,False,2022-12-02 15:01:30.315038+00:00,2022-12-02 15:01:30.315038+00:00
1598682216590024704,ukraine-de,True,True,False,False,False,False,False,False,False,False,2022-12-02 15:01:30.314925+00:00,2022-12-02 15:01:30.314925+00:00
1598682218741829632,ukraine-de,True,True,False,False,False,False,False,False,False,False,2022-12-02 15:01:30.314821+00:00,2022-12-02 15:01:30.314821+00:00
1598682230997540864,ukraine-de,True,True,False,False,False,False,False,False,False,False,2022-12-02 15:01:30.314705+00:00,2022-12-02 15:01:30.314705+00:00
1598682238773764098,ukraine-de,True,True,False,False,False,False,False,False,False,False,2022-12-02 15:01:30.314602+00:00,2022-12-02 15:01:30.314602+00:00
1598682259770548224,ukraine-de,True,True,False,False,False,False,False,False,False,False,2022-12-02 15:01:30.314482+00:00,2022-12-02 15:01:30.314482+00:00
1598682274836480001,ukraine-de,True,True,False,False,False,False,False,False,False,False,2022-12-02 15:01:30.314382+00:00,2022-12-02 15:01:30.314382+00:00
1598682278745481218,ukraine-de,True,True,False,False,False,False,False,False,False,False,2022-12-02 15:01:30.314278+00:00,2022-12-02 15:01:30.314278+00:00
1598682286555267073,ukraine-de,True,True,False,False,False,False,False,False,False,False,2022-12-02 15:01:30.314153+00:00,2022-12-02 15:01:30.314153+00:00
1598682332940173312,ukraine-de,True,True,False,False,False,False,False,False,False,False,2022-12-02 15:01:30.313942+00:00,2022-12-02 15:01:30.313942+00:00
1598682341542690816,ukraine-de,True,True,False,False,False,False,False,False,False,False,2022-12-02 15:01:30.313819+00:00,2022-12-02 15:01:30.313819+00:00
1598682345233522688,ukraine-de,True,True,False,False,False,False,False,False,False,False,2022-12-02 15:01:30.313717+00:00,2022-12-02 15:01:30.313717+00:00
1598682350409244672,ukraine-de,True,True,False,False,False,False,False,False,False,False,2022-12-02 15:01:30.313614+00:00,2022-12-02 15:01:30.313614+00:00
1598682365467017219,ukraine-de,True,True,False,False,False,False,False,False,False,False,2022-12-02 15:01:30.313495+00:00,2022-12-02 15:01:30.313495+00:00
1598682402007572480,ukraine-de,True,True,False,False,False,False,False,False,False,False,2022-12-02 15:01:30.313394+00:00,2022-12-02 15:01:30.313394+00:00
1598682479862366208,ukraine-de,True,True,False,False,False,False,False,False,False,False,2022-12-02 15:01:30.313291+00:00,2022-12-02 15:01:30.313291+00:00
1598682481976385537,ukraine-de,True,True,False,False,False,False,False,False,False,False,2022-12-02 15:01:30.313166+00:00,2022-12-02 15:01:30.313166+00:00
1598682519716745219,ukraine-de,True,True,False,False,False,False,False,False,False,False,2022-12-02 15:01:30.313066+00:00,2022-12-02 15:01:30.313066+00:00
1598682601342083072,ukraine-de,True,False,False,False,False,False,False,False,False,False,2022-12-02 22:35:54.193312+00:00,2022-12-02 22:35:54.193312+00:00
1598682657100943360,ukraine-de,True,True,False,False,False,False,False,False,False,False,2022-12-02 15:01:30.312964+00:00,2022-12-02 15:01:30.312964+00:00
1598682658300641280,ukraine-de,True,True,False,False,False,False,False,False,False,False,2022-12-02 15:01:30.312831+00:00,2022-12-02 15:01:30.312831+00:00
1598682683571404801,ukraine-de,True,False,False,False,False,False,False,False,False,False,2022-12-02 19:51:41.471346+00:00,2022-12-02 19:51:41.471346+00:00
1598682692320579584,ukraine-de,True,True,False,False,False,False,False,False,False,False,2022-12-02 15:01:30.312730+00:00,2022-12-02 15:01:30.312730+00:00
1598682711119433729,ukraine-de,True,True,False,False,False,False,False,False,False,False,2022-12-02 15:01:30.312627+00:00,2022-12-02 15:01:30.312627+00:00
1598682723052158976,ukraine-de,True,True,False,False,False,False,False,False,False,False,2022-12-02 15:01:30.312520+00:00,2022-12-02 15:01:30.312520+00:00
1598682728416743424,ukraine-de,True,True,False,False,False,False,False,False,False,False,2022-12-02 15:01:30.312274+00:00,2022-12-02 15:01:30.312274+00:00
1598682746452205574,ukraine-de,True,True,False,False,False,False,False,False,False,False,2022-12-02 15:01:30.312174+00:00,2022-12-02 15:01:30.312174+00:00
1598682758326394883,ukraine-de,True,True,False,False,False,False,False,False,False,False,2022-12-02 15:01:30.312074+00:00,2022-12-02 15:01:30.312074+00:00
1598682769755889667,ukraine-de,True,True,False,False,False,False,False,False,False,False,2022-12-02 15:01:30.311973+00:00,2022-12-02 15:01:30.311973+00:00
1598682780476461056,ukraine-de,True,False,False,False,False,False,False,False,False,False,2022-12-02 15:01:05.654875+00:00,2022-12-02 15:01:05.654875+00:00
1598682780644392963,ukraine-de,True,True,False,False,False,False,False,False,False,False,2022-12-02 15:01:30.311872+00:00,2022-12-02 15:01:30.311872+00:00
1598682783353823232,ukraine-de,True,True,False,False,False,False,False,False,False,False,2022-12-02 15:01:30.311769+00:00,2022-12-02 15:01:30.311769+00:00
1598682793160089602,ukraine-de,True,True,False,False,False,False,False,False,False,False,2022-12-02 15:01:30.311667+00:00,2022-12-02 15:01:30.311667+00:00
1598682811577139201,ukraine-de,True,True,False,False,False,False,False,False,False,False,2022-12-02 15:01:30.311562+00:00,2022-12-02 15:01:30.311562+00:00
1598682826995511296,ukraine-de,True,True,False,False,False,False,False,False,False,False,2022-12-02 15:01:30.311455+00:00,2022-12-02 15:01:30.311455+00:00
1598682842485202946,ukraine-de,True,True,False,False,False,False,False,False,False,False,2022-12-02 15:01:30.311334+00:00,2022-12-02 15:01:30.311334+00:00
1598682845727318018,ukraine-de,True,True,False,False,False,False,False,False,False,False,2022-12-02 15:01:30.311214+00:00,2022-12-02 15:01:30.311214+00:00
1598682847694540801,ukraine-de,True,True,False,False,False,False,False,False,False,False,2022-12-02 15:01:05.632940+00:00,2022-12-02 15:01:30.310941+00:00
1598682870410711040,ukraine-de,True,True,False,False,False,False,False,False,False,False,2022-12-02 15:01:05.632235+00:00,2022-12-02 15:01:05.632235+00:00
1598682876459077637,ukraine-de,True,True,False,False,False,False,False,False,False,False,2022-12-02 15:01:05.632136+00:00,2022-12-02 15:01:05.632136+00:00
1598682884491075586,ukraine-de,True,True,False,False,False,False,False,False,False,False,2022-12-02 15:01:05.632036+00:00,2022-12-02 15:01:05.632036+00:00
1598682900492320768,ukraine-de,True,True,False,False,False,False,False,False,False,False,2022-12-02 15:01:05.631937+00:00,2022-12-02 15:01:05.631937+00:00
1598682908910313473,ukraine-de,True,True,False,False,False,False,False,False,False,False,2022-12-02 15:01:05.631835+00:00,2022-12-02 15:01:05.631835+00:00
1598682915097001988,ukraine-de,True,True,False,False,False,False,False,False,False,False,2022-12-02 15:01:05.631728+00:00,2022-12-02 15:01:05.631728+00:00
1598682919454871553,ukraine-de,True,True,False,False,False,False,False,False,False,False,2022-12-02 15:01:05.631624+00:00,2022-12-02 15:01:05.631624+00:00
1598682946290032646,ukraine-de,True,True,False,False,False,False,False,False,False,False,2022-12-02 15:01:05.631522+00:00,2022-12-02 15:01:05.631522+00:00
1598682969983619079,ukraine-de,True,True,False,False,False,False,False,False,False,False,2022-12-02 15:01:05.631401+00:00,2022-12-02 15:01:05.631401+00:00
1598683027000987648,ukraine-de,True,True,False,False,False,False,False,False,False,False,2022-12-02 15:01:05.631250+00:00,2022-12-02 15:01:05.631250+00:00
1598683034664030211,ukraine-de,True,True,False,False,False,False,False,False,False,False,2022-12-02 15:01:05.631149+00:00,2022-12-02 15:01:05.631149+00:00
1598683076611260417,ukraine-de,True,True,False,False,False,False,False,False,False,False,2022-12-02 15:01:05.631045+00:00,2022-12-02 15:01:05.631045+00:00
1598683083947008002,ukraine-de,True,True,False,False,False,False,False,False,False,False,2022-12-02 15:01:05.630945+00:00,2022-12-02 15:01:05.630945+00:00
1598683128524115970,ukraine-de,True,True,False,False,False,False,False,False,False,False,2022-12-02 15:01:05.630840+00:00,2022-12-02 15:01:05.630840+00:00
1598683137432854528,ukraine-de,True,True,False,False,False,False,False,False,False,False,2022-12-02 15:01:05.630717+00:00,2022-12-02 15:01:05.630717+00:00
1598683144378404864,ukraine-de,True,True,False,False,False,False,False,False,False,False,2022-12-02 15:01:05.630616+00:00,2022-12-02 15:01:05.630616+00:00
1598683197939879936,ukraine-de,True,True,False,False,False,False,False,False,False,False,2022-12-02 15:01:05.630513+00:00,2022-12-02 15:01:05.630513+00:00
1598683211290345472,ukraine-de,True,True,False,False,False,False,False,False,False,False,2022-12-02 15:01:05.630415+00:00,2022-12-02 15:01:05.630415+00:00
1598683211927797760,ukraine-de,True,True,False,False,False,False,False,False,False,False,2022-12-02 15:01:05.630313+00:00,2022-12-02 15:01:05.630313+00:00
1598683229984366602,ukraine-de,True,True,False,False,False,False,False,False,False,False,2022-12-02 15:01:05.630214+00:00,2022-12-02 15:01:05.630214+00:00
1598683264398549001,ukraine-de,True,True,False,False,False,False,False,False,False,False,2022-12-02 15:01:05.630112+00:00,2022-12-02 15:01:05.630112+00:00
1598683331146776577,ukraine-de,True,True,False,False,False,False,False,False,False,False,2022-12-02 15:01:05.629996+00:00,2022-12-02 15:01:05.629996+00:00
1598683344857956355,ukraine-de,True,True,False,False,False,False,False,False,False,False,2022-12-02 15:01:05.629896+00:00,2022-12-02 15:01:05.629896+00:00
1598683348024655873,ukraine-de,True,True,False,False,False,False,False,False,False,False,2022-12-02 15:01:05.629797+00:00,2022-12-02 15:01:05.629797+00:00
1598683369608564738,ukraine-de,True,False,False,False,False,False,False,False,False,False,2022-12-02 19:51:30.184037+00:00,2022-12-02 19:51:30.184037+00:00
1598683377908981761,ukraine-de,True,False,False,False,False,False,False,False,False,False,2022-12-02 15:01:05.653573+00:00,2022-12-02 15:01:05.653573+00:00
1598683389808222209,ukraine-de,True,True,False,False,False,False,False,False,False,False,2022-12-02 15:01:05.629697+00:00,2022-12-02 15:01:05.629697+00:00
1598683488563216384,ukraine-de,True,True,False,False,False,False,False,False,False,False,2022-12-02 15:01:05.629577+00:00,2022-12-02 15:01:05.629577+00:00
1598683521106808832,ukraine-de,True,False,False,False,False,False,False,False,False,False,2022-12-02 19:51:41.482590+00:00,2022-12-02 19:51:41.482590+00:00
1598683525254889473,ukraine-de,True,True,False,False,False,False,False,False,False,False,2022-12-02 15:01:05.629475+00:00,2022-12-02 15:01:05.629475+00:00
1598683532166979585,ukraine-de,True,True,False,False,False,False,False,False,False,False,2022-12-02 15:01:05.629374+00:00,2022-12-02 15:01:05.629374+00:00
1598683537724563456,ukraine-de,True,True,False,False,False,False,False,False,False,False,2022-12-02 15:01:05.629274+00:00,2022-12-02 15:01:05.629274+00:00
1598683555839688704,ukraine-de,True,True,False,False,False,False,False,False,False,False,2022-12-02 15:01:05.629164+00:00,2022-12-02 15:01:05.629164+00:00
1598683605609357314,ukraine-de,True,True,False,False,False,False,False,False,False,False,2022-12-02 15:01:05.629048+00:00,2022-12-02 15:01:05.629048+00:00
1598683609677938689,ukraine-de,True,True,False,False,False,False,False,False,False,False,2022-12-02 15:01:05.628941+00:00,2022-12-02 15:01:05.628941+00:00
1598683612764946434,ukraine-de,True,True,False,False,False,False,False,False,False,False,2022-12-02 15:01:05.628839+00:00,2022-12-02 15:01:05.628839+00:00
1598683654993092608,ukraine-de,True,True,False,False,False,False,False,False,False,False,2022-12-02 15:01:05.628718+00:00,2022-12-02 15:01:05.628718+00:00
1598683665093083138,ukraine-de,True,True,False,False,False,False,False,False,False,False,2022-12-02 15:01:05.628508+00:00,2022-12-02 15:01:05.628508+00:00
1598683709649158144,ukraine-de,True,True,False,False,False,False,False,False,False,False,2022-12-02 15:01:05.628388+00:00,2022-12-02 15:01:05.628388+00:00
1598683711213551616,ukraine-de,True,True,False,False,False,False,False,False,False,False,2022-12-02 15:01:05.628272+00:00,2022-12-02 15:01:05.628272+00:00
1598683717228236801,ukraine-de,True,True,False,False,False,False,False,False,False,False,2022-12-02 15:01:05.627779+00:00,2022-12-02 15:01:05.627779+00:00
1598683728875757568,ukraine-de,True,True,False,False,False,False,False,False,False,False,2022-12-02 15:01:05.627569+00:00,2022-12-02 15:01:05.627569+00:00
1598683741060317184,ukraine-de,True,True,False,False,False,False,False,False,False,False,2022-12-02 15:01:05.627467+00:00,2022-12-02 15:01:05.627467+00:00
1598683749083885568,ukraine-de,True,True,False,False,False,False,False,False,False,False,2022-12-02 15:01:05.627317+00:00,2022-12-02 15:01:05.627317+00:00
1598683769577275394,ukraine-de,True,True,False,False,False,False,False,False,False,False,2022-12-02 15:01:05.627218+00:00,2022-12-02 15:01:05.627218+00:00
1598683791681376258,ukraine-de,True,True,False,False,False,False,False,False,False,False,2022-12-02 15:01:05.627108+00:00,2022-12-02 15:01:05.627108+00:00
1598683833456541697,ukraine-de,True,True,False,False,False,False,False,False,False,False,2022-12-02 15:01:05.626989+00:00,2022-12-02 15:01:05.626989+00:00
1598683837533413379,ukraine-de,True,True,False,False,False,False,False,False,False,False,2022-12-02 15:01:05.626891+00:00,2022-12-02 15:01:05.626891+00:00
1598683860086280193,ukraine-de,True,True,False,False,False,False,False,False,False,False,2022-12-02 15:01:05.626790+00:00,2022-12-02 15:01:05.626790+00:00
1598683871062609920,ukraine-de,True,True,False,False,False,False,False,False,False,False,2022-12-02 15:01:05.626682+00:00,2022-12-02 15:01:05.626682+00:00
1598683873881333761,ukraine-de,True,True,False,False,False,False,False,False,False,False,2022-12-02 15:01:05.626575+00:00,2022-12-02 15:01:05.626575+00:00
1598683879883231232,ukraine-de,True,True,False,False,False,False,False,False,False,False,2022-12-02 15:01:05.626457+00:00,2022-12-02 15:01:05.626457+00:00
1598683882836180992,ukraine-de,True,True,False,False,False,False,False,False,False,False,2022-12-02 15:01:05.626348+00:00,2022-12-02 15:01:05.626348+00:00
1598683894370516995,ukraine-de,True,False,False,False,False,False,False,False,False,False,2022-12-02 19:51:30.198434+00:00,2022-12-02 19:51:30.198434+00:00
1598683895800774656,ukraine-de,True,True,False,False,False,False,False,False,False,False,2022-12-02 15:01:05.626248+00:00,2022-12-02 15:01:05.626248+00:00
1598683901462986752,ukraine-de,True,False,False,False,False,False,False,False,False,False,2022-12-02 19:50:27.669468+00:00,2022-12-02 19:50:27.669468+00:00
1598683914255667200,ukraine-de,True,True,False,False,False,False,False,False,False,False,2022-12-02 15:01:05.626139+00:00,2022-12-02 15:01:05.626139+00:00
1598683921340063745,ukraine-de,True,True,False,False,False,False,False,False,False,False,2022-12-02 15:01:05.626040+00:00,2022-12-02 15:01:05.626040+00:00
1598683958954233856,ukraine-de,True,True,False,False,False,False,False,False,False,False,2022-12-02 15:01:05.625921+00:00,2022-12-02 15:01:05.625921+00:00
1598683967812681730,ukraine-de,True,False,False,False,False,False,False,False,False,False,2022-12-02 15:01:05.635516+00:00,2022-12-02 15:01:05.635516+00:00
1598683977304444929,ukraine-de,True,False,False,False,False,False,False,False,False,False,2022-12-02 15:01:05.652924+00:00,2022-12-02 15:01:05.652924+00:00
1598683990361251840,ukraine-de,True,True,False,False,False,False,False,False,False,False,2022-12-02 15:01:05.625803+00:00,2022-12-02 15:01:05.625803+00:00
1598683992416362497,ukraine-de,True,True,False,False,False,False,False,False,False,False,2022-12-02 15:01:05.625567+00:00,2022-12-02 15:01:05.625567+00:00
1598684001681625089,ukraine-de,True,True,False,False,False,False,False,False,False,False,2022-12-02 15:01:05.625466+00:00,2022-12-02 15:01:05.625466+00:00
1598684014252101633,ukraine-de,True,False,False,False,False,False,False,False,False,False,2022-12-02 19:51:22.133650+00:00,2022-12-02 19:51:22.133650+00:00
1598684030370983936,ukraine-de,True,True,False,False,False,False,False,False,False,False,2022-12-02 15:01:05.625345+00:00,2022-12-02 15:01:05.625345+00:00
1598684037182259201,ukraine-de,True,True,False,False,False,False,False,False,False,False,2022-12-02 15:01:05.625244+00:00,2022-12-02 15:01:05.625244+00:00
1598684040835477504,ukraine-de,True,True,False,False,False,False,False,False,False,False,2022-12-02 15:01:05.625146+00:00,2022-12-02 15:01:05.625146+00:00
1598684058187350016,ukraine-de,True,True,False,False,False,False,False,False,False,False,2022-12-02 15:01:05.625046+00:00,2022-12-02 15:01:05.625046+00:00
1598684060041240578,ukraine-de,True,True,False,False,False,False,False,False,False,False,2022-12-02 15:01:05.624948+00:00,2022-12-02 15:01:05.624948+00:00
1598684071818821633,ukraine-de,True,True,False,False,False,False,False,False,False,False,2022-12-02 15:01:05.624847+00:00,2022-12-02 15:01:05.624847+00:00
1598684096066199553,ukraine-de,True,True,False,False,False,False,False,False,False,False,2022-12-02 15:01:05.624748+00:00,2022-12-02 15:01:05.624748+00:00
1598684104907788288,ukraine-de,True,True,False,False,False,False,False,False,False,False,2022-12-02 15:01:05.624643+00:00,2022-12-02 15:01:05.624643+00:00
1598684110066573312,ukraine-de,True,True,False,False,False,False,False,False,False,False,2022-12-02 15:01:05.624544+00:00,2022-12-02 15:01:05.624544+00:00
1598684163661496320,ukraine-de,True,True,False,False,False,False,False,False,False,False,2022-12-02 15:01:05.624442+00:00,2022-12-02 15:01:05.624442+00:00
1598684164278157312,ukraine-de,True,True,False,False,False,False,False,False,False,False,2022-12-02 15:01:05.624339+00:00,2022-12-02 15:01:05.624339+00:00
1598684200047202304,ukraine-de,True,True,False,False,False,False,False,False,False,False,2022-12-02 15:01:05.624236+00:00,2022-12-02 15:01:05.624236+00:00
1598684224567009281,ukraine-de,True,True,False,False,False,False,False,False,False,False,2022-12-02 15:01:05.624135+00:00,2022-12-02 15:01:05.624135+00:00
1598684227217653760,ukraine-de,True,True,False,False,False,False,False,False,False,False,2022-12-02 15:01:05.624035+00:00,2022-12-02 15:01:05.624035+00:00
1598684237728813057,ukraine-de,True,True,False,False,False,False,False,False,False,False,2022-12-02 15:01:05.623935+00:00,2022-12-02 15:01:05.623935+00:00
1598684252349964288,ukraine-de,True,True,False,False,False,False,False,False,False,False,2022-12-02 15:01:05.623837+00:00,2022-12-02 15:01:05.623837+00:00
1598684258880495617,ukraine-de,True,True,False,False,False,False,False,False,False,False,2022-12-02 15:01:05.623737+00:00,2022-12-02 15:01:05.623737+00:00
1598684286927765506,ukraine-de,True,False,False,False,False,False,False,False,False,False,2022-12-02 15:01:05.644585+00:00,2022-12-02 15:01:05.644585+00:00
1598684288823660545,ukraine-de,True,True,False,False,False,False,False,False,False,False,2022-12-02 15:01:05.623637+00:00,2022-12-02 15:01:05.623637+00:00
1598684290035875840,ukraine-de,True,True,False,False,False,False,False,False,False,False,2022-12-02 15:01:05.623534+00:00,2022-12-02 15:01:05.623534+00:00
1598684294700040196,ukraine-de,True,True,False,False,False,False,False,False,False,False,2022-12-02 15:01:05.623410+00:00,2022-12-02 15:01:05.623410+00:00
1598684298747453440,ukraine-de,True,True,False,False,False,False,False,False,False,False,2022-12-02 15:01:05.623258+00:00,2022-12-02 15:01:05.623258+00:00
1598684356494647299,ukraine-de,True,True,False,False,False,False,False,False,False,False,2022-12-02 15:01:05.623148+00:00,2022-12-02 15:01:05.623148+00:00
1598684387524202496,ukraine-de,True,False,False,False,False,False,False,False,False,False,2022-12-02 15:01:05.652194+00:00,2022-12-02 15:01:05.652194+00:00
1598684421304963072,ukraine-de,True,True,False,False,False,False,False,False,False,False,2022-12-02 15:01:05.623047+00:00,2022-12-02 15:01:05.623047+00:00
1598684468532977664,ukraine-de,True,True,False,False,False,False,False,False,False,False,2022-12-02 15:01:05.622923+00:00,2022-12-02 15:01:05.622923+00:00
1598684478397898759,ukraine-de,True,True,False,False,False,False,False,False,False,False,2022-12-02 15:01:05.622826+00:00,2022-12-02 15:01:05.622826+00:00
1598684508383023106,ukraine-de,True,True,False,False,False,False,False,False,False,False,2022-12-02 15:01:05.622727+00:00,2022-12-02 15:01:05.622727+00:00
1598684520219394049,ukraine-de,True,False,False,False,False,False,False,False,False,False,2022-12-02 15:01:05.653353+00:00,2022-12-02 15:01:05.653353+00:00
1598684541413105668,ukraine-de,True,True,False,False,False,False,False,False,False,False,2022-12-02 15:01:05.622611+00:00,2022-12-02 15:01:05.622611+00:00
1598684559889006592,ukraine-de,True,True,False,False,False,False,False,False,False,False,2022-12-02 15:01:05.622515+00:00,2022-12-02 15:01:05.622515+00:00
1598684564171509762,ukraine-de,True,True,False,False,False,False,False,False,False,False,2022-12-02 15:01:05.622418+00:00,2022-12-02 15:01:05.622418+00:00
1598684603543347202,ukraine-de,True,True,False,False,False,False,False,False,False,False,2022-12-02 15:01:05.622319+00:00,2022-12-02 15:01:05.622319+00:00
1598684603727986691,ukraine-de,True,True,False,False,False,False,False,False,False,False,2022-12-02 15:01:05.622206+00:00,2022-12-02 15:01:05.622206+00:00
1598684620421218304,ukraine-de,True,False,False,False,False,False,False,False,False,False,2022-12-02 19:51:30.190422+00:00,2022-12-02 19:51:30.190422+00:00
1598684625345413120,ukraine-de,True,True,False,False,False,False,False,False,False,False,2022-12-02 15:01:05.622108+00:00,2022-12-02 15:01:05.622108+00:00
1598684644848717824,ukraine-de,True,True,False,False,False,False,False,False,False,False,2022-12-02 15:01:05.622002+00:00,2022-12-02 15:01:05.622002+00:00
1598684646031724545,ukraine-de,True,True,False,False,False,False,False,False,False,False,2022-12-02 15:01:05.621897+00:00,2022-12-02 15:01:05.621897+00:00
1598684654495682560,ukraine-de,True,True,False,False,False,False,False,False,False,False,2022-12-02 15:01:05.621679+00:00,2022-12-02 15:01:05.621679+00:00
1598684668546752512,ukraine-de,True,True,False,False,False,False,False,False,False,False,2022-12-02 15:01:05.621560+00:00,2022-12-02 15:01:05.621560+00:00
1598684676113170433,ukraine-de,True,True,False,False,False,False,False,False,False,False,2022-12-02 15:01:05.621448+00:00,2022-12-02 15:01:05.621448+00:00
1598684684015194112,ukraine-de,True,True,False,False,False,False,False,False,False,False,2022-12-02 15:01:05.621335+00:00,2022-12-02 15:01:05.621335+00:00
1598684707859755008,ukraine-de,True,True,False,False,False,False,False,False,False,False,2022-12-02 15:01:05.621234+00:00,2022-12-02 15:01:05.621234+00:00
1598684709701226496,ukraine-de,True,True,False,False,False,False,False,False,False,False,2022-12-02 15:01:05.621136+00:00,2022-12-02 15:01:05.621136+00:00
1598684729120722946,ukraine-de,True,True,False,False,False,False,False,False,False,False,2022-12-02 15:01:05.621030+00:00,2022-12-02 15:01:05.621030+00:00
1598684764365529090,ukraine-de,True,True,False,False,False,False,False,False,False,False,2022-12-02 15:01:05.620931+00:00,2022-12-02 15:01:05.620931+00:00
1598684801044828160,ukraine-de,True,True,False,False,False,False,False,False,False,False,2022-12-02 15:01:05.620821+00:00,2022-12-02 15:01:05.620821+00:00
1598684805645754369,ukraine-de,True,True,False,False,False,False,False,False,False,False,2022-12-02 15:01:05.620723+00:00,2022-12-02 15:01:05.620723+00:00
1598684827267522567,ukraine-de,True,True,False,False,False,False,False,False,False,False,2022-12-02 15:01:05.620620+00:00,2022-12-02 15:01:05.620620+00:00
1598684859119042568,ukraine-de,True,True,False,False,False,False,False,False,False,False,2022-12-02 15:01:05.620521+00:00,2022-12-02 15:01:05.620521+00:00
1598684891654356992,ukraine-de,True,True,False,False,False,False,False,False,False,False,2022-12-02 15:01:05.620419+00:00,2022-12-02 15:01:05.620419+00:00
1598684892413546497,ukraine-de,True,True,False,False,False,False,False,False,False,False,2022-12-02 15:01:05.620317+00:00,2022-12-02 15:01:05.620317+00:00
1598684918141390849,ukraine-de,True,True,False,False,False,False,False,False,False,False,2022-12-02 15:01:05.620215+00:00,2022-12-02 15:01:05.620215+00:00
1598684930233565184,ukraine-de,True,True,False,False,False,False,False,False,False,False,2022-12-02 15:01:05.620109+00:00,2022-12-02 15:01:05.620109+00:00
1598684939171631113,ukraine-de,True,True,False,False,False,False,False,False,False,False,2022-12-02 15:01:05.619972+00:00,2022-12-02 15:01:05.619972+00:00
1598684947543658496,ukraine-de,True,True,False,False,False,False,False,False,False,False,2022-12-02 15:01:05.619866+00:00,2022-12-02 15:01:05.619866+00:00
1598684954250121216,ukraine-de,True,True,False,False,False,False,False,False,False,False,2022-12-02 15:01:05.619741+00:00,2022-12-02 15:01:05.619741+00:00
1598685000064442370,ukraine-de,True,False,False,False,False,False,False,False,False,False,2022-12-03 01:30:30.084730+00:00,2022-12-03 01:30:30.084730+00:00
1598685019928600576,ukraine-de,True,True,False,False,False,False,False,False,False,False,2022-12-02 15:01:05.619639+00:00,2022-12-02 15:01:05.619639+00:00
1598685031173693440,ukraine-de,True,True,False,False,False,False,False,False,False,False,2022-12-02 15:01:05.619536+00:00,2022-12-02 15:01:05.619536+00:00
1598685034503983105,ukraine-de,True,True,False,False,False,False,False,False,False,False,2022-12-02 15:01:05.619409+00:00,2022-12-02 15:01:05.619409+00:00
1598685034621423616,ukraine-de,True,True,False,False,False,False,False,False,False,False,2022-12-02 15:01:05.619237+00:00,2022-12-02 15:01:05.619237+00:00
1598685042447892480,ukraine-de,True,True,False,False,False,False,False,False,False,False,2022-12-02 15:01:05.619133+00:00,2022-12-02 15:01:05.619133+00:00
1598685057308295168,ukraine-de,True,True,False,False,False,False,False,False,False,False,2022-12-02 15:01:05.619033+00:00,2022-12-02 15:01:05.619033+00:00
1598685067899011073,ukraine-de,True,True,False,False,False,False,False,False,False,False,2022-12-02 15:01:05.618931+00:00,2022-12-02 15:01:05.618931+00:00
1598685109565235201,ukraine-de,True,False,False,False,False,False,False,False,False,False,2022-12-03 08:10:46.220550+00:00,2022-12-03 08:10:46.220550+00:00
1598685126665306112,ukraine-de,True,True,False,False,False,False,False,False,False,False,2022-12-02 15:01:05.618830+00:00,2022-12-02 15:01:05.618830+00:00
1598685134152253440,ukraine-de,True,True,False,False,False,False,False,False,False,False,2022-12-02 15:01:05.618728+00:00,2022-12-02 15:01:05.618728+00:00
1598685159167037440,ukraine-de,True,True,False,False,False,False,False,False,False,False,2022-12-02 15:01:05.618626+00:00,2022-12-02 15:01:05.618626+00:00
1598685215953666049,ukraine-de,True,True,False,False,False,False,False,False,False,False,2022-12-02 15:01:05.618526+00:00,2022-12-02 15:01:05.618526+00:00
1598685217627246595,ukraine-de,True,True,False,False,False,False,False,False,False,False,2022-12-02 15:01:05.618423+00:00,2022-12-02 15:01:05.618423+00:00
1598685242314874880,ukraine-de,True,True,False,False,False,False,False,False,False,False,2022-12-02 15:01:05.618304+00:00,2022-12-02 15:01:05.618304+00:00
1598685243996663808,ukraine-de,True,False,False,False,False,False,False,False,False,False,2022-12-02 15:01:05.652705+00:00,2022-12-02 15:01:05.652705+00:00
1598685259310272515,ukraine-de,True,True,False,False,False,False,False,False,False,False,2022-12-02 15:01:05.618198+00:00,2022-12-02 15:01:05.618198+00:00
1598685284891332608,ukraine-de,True,True,False,False,False,False,False,False,False,False,2022-12-02 15:01:05.618096+00:00,2022-12-02 15:01:05.618096+00:00
1598685298304684032,ukraine-de,True,False,False,False,False,False,False,False,False,False,2022-12-02 19:51:22.129386+00:00,2022-12-02 19:51:22.129386+00:00
1598685298715672581,ukraine-de,True,True,False,False,False,False,False,False,False,False,2022-12-02 15:01:05.617981+00:00,2022-12-02 15:01:05.617981+00:00
1598685365828653057,ukraine-de,True,True,False,False,False,False,False,False,False,False,2022-12-02 15:01:05.617880+00:00,2022-12-02 15:01:05.617880+00:00
1598685367468785666,ukraine-de,True,True,False,False,False,False,False,False,False,False,2022-12-02 15:01:05.617780+00:00,2022-12-02 15:01:05.617780+00:00
1598685392911273985,ukraine-de,True,True,False,False,False,False,False,False,False,False,2022-12-02 15:01:05.617675+00:00,2022-12-02 15:01:05.617675+00:00
1598685394899554305,ukraine-de,True,True,False,False,False,False,False,False,False,False,2022-12-02 15:01:05.617551+00:00,2022-12-02 15:01:05.617551+00:00
1598685411102040064,ukraine-de,True,True,False,False,False,False,False,False,False,False,2022-12-02 15:01:05.617433+00:00,2022-12-02 15:01:05.617433+00:00
1598685416449871874,ukraine-de,True,True,False,False,False,False,False,False,False,False,2022-12-02 15:01:05.617308+00:00,2022-12-02 15:01:05.617308+00:00
1598685475748864001,ukraine-de,True,True,False,False,False,False,False,False,False,False,2022-12-02 15:01:05.617209+00:00,2022-12-02 15:01:05.617209+00:00
1598685501749432320,ukraine-de,True,False,False,False,False,False,False,False,False,False,2022-12-02 15:01:05.647269+00:00,2022-12-02 15:01:05.647269+00:00
1598685552324345856,ukraine-de,True,True,False,False,False,False,False,False,False,False,2022-12-02 15:01:05.617106+00:00,2022-12-02 15:01:05.617106+00:00
1598685555285319680,ukraine-de,True,True,False,False,False,False,False,False,False,False,2022-12-02 15:01:05.617005+00:00,2022-12-02 15:01:05.617005+00:00
1598685566144479233,ukraine-de,True,True,False,False,False,False,False,False,False,False,2022-12-02 15:01:05.616891+00:00,2022-12-02 15:01:05.616891+00:00
1598685576059830273,ukraine-de,True,True,False,False,False,False,False,False,False,False,2022-12-02 15:01:05.616789+00:00,2022-12-02 15:01:05.616789+00:00
1598685594498080776,ukraine-de,True,False,False,False,False,False,False,False,False,False,2022-12-03 11:05:57.674840+00:00,2022-12-03 11:05:57.674840+00:00
1598685600583852033,ukraine-de,True,True,False,False,False,False,False,False,False,False,2022-12-02 15:01:05.616683+00:00,2022-12-02 15:01:05.616683+00:00
1598685656649285634,ukraine-de,True,True,False,False,False,False,False,False,False,False,2022-12-02 15:01:05.616560+00:00,2022-12-02 15:01:05.616560+00:00
1598685672612716550,ukraine-de,True,True,False,False,False,False,False,False,False,False,2022-12-02 15:01:05.616458+00:00,2022-12-02 15:01:05.616458+00:00
1598685674944794627,ukraine-de,True,True,False,False,False,False,False,False,False,False,2022-12-02 15:01:05.616355+00:00,2022-12-02 15:01:05.616355+00:00
1598685702572515328,ukraine-de,True,False,False,False,False,False,False,False,False,False,2022-12-02 19:50:36.524790+00:00,2022-12-02 19:50:36.524790+00:00
1598685706230063111,ukraine-de,True,True,False,False,False,False,False,False,False,False,2022-12-02 15:01:05.616247+00:00,2022-12-02 15:01:05.616247+00:00
1598685706854928384,ukraine-de,True,True,False,False,False,False,False,False,False,False,2022-12-02 15:01:05.616110+00:00,2022-12-02 15:01:05.616110+00:00
1598685715126263808,ukraine-de,True,True,False,False,False,False,False,False,False,False,2022-12-02 15:01:05.615999+00:00,2022-12-02 15:01:05.615999+00:00
1598685716388651008,ukraine-de,True,False,False,False,False,False,False,False,False,False,2022-12-02 15:01:05.648990+00:00,2022-12-02 15:01:05.648990+00:00
1598685727725862914,ukraine-de,True,True,False,False,False,False,False,False,False,False,2022-12-02 15:01:05.615878+00:00,2022-12-02 15:01:05.615878+00:00
1598685778833510400,ukraine-de,True,True,False,False,False,False,False,False,False,False,2022-12-02 15:01:05.615774+00:00,2022-12-02 15:01:05.615774+00:00
1598685781631041537,ukraine-de,True,False,False,False,False,False,False,False,False,False,2022-12-03 11:05:26.625012+00:00,2022-12-03 11:05:26.625012+00:00
1598685797242265603,ukraine-de,True,True,False,False,False,False,False,False,False,False,2022-12-02 15:01:05.615668+00:00,2022-12-02 15:01:05.615668+00:00
1598685808235536384,ukraine-de,True,True,False,False,False,False,False,False,False,False,2022-12-02 15:01:05.615537+00:00,2022-12-02 15:01:05.615537+00:00
1598685815097409537,ukraine-de,True,True,False,False,False,False,False,False,False,False,2022-12-02 15:01:05.615254+00:00,2022-12-02 15:01:05.615254+00:00
1598685854146465796,ukraine-de,True,True,False,False,False,False,False,False,False,False,2022-12-02 15:01:05.615153+00:00,2022-12-02 15:01:05.615153+00:00
1598685860458790912,ukraine-de,True,True,False,False,False,False,False,False,False,False,2022-12-02 15:01:05.615056+00:00,2022-12-02 15:01:05.615056+00:00
1598685865072594945,ukraine-de,True,False,False,False,False,False,False,False,False,False,2022-12-02 22:35:54.177420+00:00,2022-12-02 22:35:54.177420+00:00
1598685887730044928,ukraine-de,True,True,False,False,False,False,False,False,False,False,2022-12-02 15:01:05.614957+00:00,2022-12-02 15:01:05.614957+00:00
1598685934798749696,ukraine-de,True,True,False,False,False,False,False,False,False,False,2022-12-02 15:01:05.614859+00:00,2022-12-02 15:01:05.614859+00:00
1598685946114965506,ukraine-de,True,True,False,False,False,False,False,False,False,False,2022-12-02 15:01:05.614750+00:00,2022-12-02 15:01:05.614750+00:00
1598685946563772418,ukraine-de,True,True,False,False,False,False,False,False,False,False,2022-12-02 15:01:05.614638+00:00,2022-12-02 15:01:05.614638+00:00
1598685958777765888,ukraine-de,True,True,False,False,False,False,False,False,False,False,2022-12-02 15:01:05.614523+00:00,2022-12-02 15:01:05.614523+00:00
1598685960442724355,ukraine-de,True,True,False,False,False,False,False,False,False,False,2022-12-02 15:01:05.614393+00:00,2022-12-02 15:01:05.614393+00:00
1598686016617037827,ukraine-de,True,True,False,False,False,False,False,False,False,False,2022-12-02 15:01:05.614273+00:00,2022-12-02 15:01:05.614273+00:00
1598686026913947653,ukraine-de,True,True,False,False,False,False,False,False,False,False,2022-12-02 15:01:05.614173+00:00,2022-12-02 15:01:05.614173+00:00
1598686031016038405,ukraine-de,True,False,False,False,False,False,False,False,False,False,2022-12-02 15:01:05.640021+00:00,2022-12-02 15:01:05.640021+00:00
1598686044861435906,ukraine-de,True,True,False,False,False,False,False,False,False,False,2022-12-02 15:01:05.614052+00:00,2022-12-02 15:01:05.614052+00:00
1598686063878410245,ukraine-de,True,True,False,False,False,False,False,False,False,False,2022-12-02 15:01:05.613952+00:00,2022-12-02 15:01:05.613952+00:00
1598686067980484608,ukraine-de,True,True,False,False,False,False,False,False,False,False,2022-12-02 15:01:05.613834+00:00,2022-12-02 15:01:05.613834+00:00
1598686073101512704,ukraine-de,True,True,False,False,False,False,False,False,False,False,2022-12-02 15:01:05.613723+00:00,2022-12-02 15:01:05.613723+00:00
1598686080626302980,ukraine-de,True,True,False,False,False,False,False,False,False,False,2022-12-02 15:01:05.613575+00:00,2022-12-02 15:01:05.613575+00:00
1598686181415419905,ukraine-de,True,True,False,False,False,False,False,False,False,False,2022-12-02 15:01:05.613460+00:00,2022-12-02 15:01:05.613460+00:00
1598686193222156293,ukraine-de,True,True,False,False,False,False,False,False,False,False,2022-12-02 15:01:05.613326+00:00,2022-12-02 15:01:05.613326+00:00
1598686200675454976,ukraine-de,True,True,False,False,False,False,False,False,False,False,2022-12-02 15:01:05.613224+00:00,2022-12-02 15:01:05.613224+00:00
1598686212453269504,ukraine-de,True,True,False,False,False,False,False,False,False,False,2022-12-02 15:01:05.613124+00:00,2022-12-02 15:01:05.613124+00:00
1598686212658806784,ukraine-de,True,True,False,False,False,False,False,False,False,False,2022-12-02 15:01:05.613017+00:00,2022-12-02 15:01:05.613017+00:00
1598686219466153984,ukraine-de,True,True,False,False,False,False,False,False,False,False,2022-12-02 15:01:05.612917+00:00,2022-12-02 15:01:05.612917+00:00
1598686259437764614,ukraine-de,True,True,False,False,False,False,False,False,False,False,2022-12-02 15:01:05.612804+00:00,2022-12-02 15:01:05.612804+00:00
1598686264877715456,ukraine-de,True,True,False,False,False,False,False,False,False,False,2022-12-02 15:01:05.612691+00:00,2022-12-02 15:01:05.612691+00:00
1598686269244063745,ukraine-de,True,True,False,False,False,False,False,False,False,False,2022-12-02 15:01:05.612565+00:00,2022-12-02 15:01:05.612565+00:00
1598686304236994561,ukraine-de,True,True,False,False,False,False,False,False,False,False,2022-12-02 15:01:05.612444+00:00,2022-12-02 15:01:05.612444+00:00
1598686315058323462,ukraine-de,True,False,False,False,False,False,False,False,False,False,2022-12-02 19:51:30.193516+00:00,2022-12-02 19:51:30.193516+00:00
1598686320943054849,ukraine-de,True,True,False,False,False,False,False,False,False,False,2022-12-02 15:01:05.612329+00:00,2022-12-02 15:01:05.612329+00:00
1598686341482643457,ukraine-de,True,True,False,False,False,False,False,False,False,False,2022-12-02 15:01:05.612226+00:00,2022-12-02 15:01:05.612226+00:00
1598686347618721792,ukraine-de,True,True,False,False,False,False,False,False,False,False,2022-12-02 15:01:05.612122+00:00,2022-12-02 15:01:05.612122+00:00
1598686369794195456,ukraine-de,True,True,False,False,False,False,False,False,False,False,2022-12-02 15:01:05.612019+00:00,2022-12-02 15:01:05.612019+00:00
1598686405827469316,ukraine-de,True,True,False,False,False,False,False,False,False,False,2022-12-02 15:01:05.611899+00:00,2022-12-02 15:01:05.611899+00:00
1598686426505396224,ukraine-de,True,False,False,False,False,False,False,False,False,False,2022-12-02 15:01:05.646357+00:00,2022-12-02 15:01:05.646357+00:00
1598686438882770946,ukraine-de,True,True,False,False,False,False,False,False,False,False,2022-12-02 15:01:05.611780+00:00,2022-12-02 15:01:05.611780+00:00
1598686452778516481,ukraine-de,True,True,False,False,False,False,False,False,False,False,2022-12-02 15:01:05.611674+00:00,2022-12-02 15:01:05.611674+00:00
1598686478783184896,ukraine-de,True,True,False,False,False,False,False,False,False,False,2022-12-02 15:01:05.611550+00:00,2022-12-02 15:01:05.611550+00:00
1598686502527041538,ukraine-de,True,True,False,False,False,False,False,False,False,False,2022-12-02 15:01:05.611436+00:00,2022-12-02 15:01:05.611436+00:00
1598686509581959169,ukraine-de,True,True,False,False,False,False,False,False,False,False,2022-12-02 15:01:05.611265+00:00,2022-12-02 15:01:05.611265+00:00
1598686534676484097,ukraine-de,True,False,False,False,False,False,False,False,False,False,2022-12-03 01:30:30.085515+00:00,2022-12-03 01:30:30.085515+00:00
1598686555744313344,ukraine-de,True,True,False,False,False,False,False,False,False,False,2022-12-02 15:01:05.611162+00:00,2022-12-02 15:01:05.611162+00:00
1598686578502938624,ukraine-de,True,True,False,False,False,False,False,False,False,False,2022-12-02 15:01:05.611035+00:00,2022-12-02 15:01:05.611035+00:00
1598686581698732034,ukraine-de,True,True,False,False,False,False,False,False,False,False,2022-12-02 15:01:05.610839+00:00,2022-12-02 15:01:05.610839+00:00
1598686592218144768,ukraine-de,True,True,False,False,False,False,False,False,False,False,2022-12-02 15:01:05.610739+00:00,2022-12-02 15:01:05.610739+00:00
1598686602967982080,ukraine-de,True,True,False,False,False,False,False,False,False,False,2022-12-02 15:01:05.610642+00:00,2022-12-02 15:01:05.610642+00:00
1598686609892859905,ukraine-de,True,False,False,False,False,False,False,False,False,False,2022-12-03 01:30:18.836731+00:00,2022-12-03 01:30:18.836731+00:00
1598686621959757824,ukraine-de,True,False,False,False,False,False,False,False,False,False,2022-12-02 22:36:01.062665+00:00,2022-12-02 22:36:01.062665+00:00
1598686640045637634,ukraine-de,True,False,False,False,False,False,False,False,False,False,2022-12-03 01:30:18.803006+00:00,2022-12-03 01:30:18.803006+00:00
1598686693770424321,ukraine-de,True,True,False,False,False,False,False,False,False,False,2022-12-02 15:01:05.610544+00:00,2022-12-02 15:01:05.610544+00:00
1598686694332579841,ukraine-de,True,True,False,False,False,False,False,False,False,False,2022-12-02 15:01:05.610423+00:00,2022-12-02 15:01:05.610423+00:00
1598686695309778945,ukraine-de,True,True,False,False,False,False,False,False,False,False,2022-12-02 15:01:05.610322+00:00,2022-12-02 15:01:05.610322+00:00
1598686734371368960,ukraine-de,True,True,False,False,False,False,False,False,False,False,2022-12-02 15:01:05.610221+00:00,2022-12-02 15:01:05.610221+00:00
1598686773193867266,ukraine-de,True,True,False,False,False,False,False,False,False,False,2022-12-02 15:01:05.610082+00:00,2022-12-02 15:01:05.610082+00:00
1598686809533386758,ukraine-de,True,True,False,False,False,False,False,False,False,False,2022-12-02 15:01:05.609927+00:00,2022-12-02 15:01:05.609927+00:00
1598686853082800131,ukraine-de,True,True,False,False,False,False,False,False,False,False,2022-12-02 15:01:05.609806+00:00,2022-12-02 15:01:05.609806+00:00
1598686861551013888,ukraine-de,True,True,False,False,False,False,False,False,False,False,2022-12-02 15:01:05.609698+00:00,2022-12-02 15:01:05.609698+00:00
1598686898192629763,ukraine-de,True,False,False,False,False,False,False,False,False,False,2022-12-02 22:35:17.196382+00:00,2022-12-02 22:35:17.196382+00:00
1598686904232431617,ukraine-de,True,True,False,False,False,False,False,False,False,False,2022-12-02 15:01:05.609574+00:00,2022-12-02 15:01:05.609574+00:00
1598686906996461569,ukraine-de,True,True,False,False,False,False,False,False,False,False,2022-12-02 15:01:05.609434+00:00,2022-12-02 15:01:05.609434+00:00
1598686908795822080,ukraine-de,True,True,False,False,False,False,False,False,False,False,2022-12-02 15:01:05.609190+00:00,2022-12-02 15:01:05.609190+00:00
1598686946758316032,ukraine-de,True,True,False,False,False,False,False,False,False,False,2022-12-02 15:01:05.609056+00:00,2022-12-02 15:01:05.609056+00:00
1598687067969495040,ukraine-de,True,True,False,False,False,False,False,False,False,False,2022-12-02 15:01:05.608958+00:00,2022-12-02 15:01:05.608958+00:00
1598687092472795142,ukraine-de,True,True,False,False,False,False,False,False,False,False,2022-12-02 15:01:05.608840+00:00,2022-12-02 15:01:05.608840+00:00
1598687094376898563,ukraine-de,True,True,False,False,False,False,False,False,False,False,2022-12-02 15:01:05.608739+00:00,2022-12-02 15:01:05.608739+00:00
1598687116371927042,ukraine-de,True,True,False,False,False,False,False,False,False,False,2022-12-02 15:01:05.608630+00:00,2022-12-02 15:01:05.608630+00:00
1598687147460100097,ukraine-de,True,True,False,False,False,False,False,False,False,False,2022-12-02 15:01:05.608518+00:00,2022-12-02 15:01:05.608518+00:00
1598687166414159873,ukraine-de,True,True,False,False,False,False,False,False,False,False,2022-12-02 15:01:05.608406+00:00,2022-12-02 15:01:05.608406+00:00
1598687171115884544,ukraine-de,True,False,False,False,False,False,False,False,False,False,2022-12-02 15:01:05.642791+00:00,2022-12-02 15:01:05.642791+00:00
1598687201168089088,ukraine-de,True,False,False,False,False,False,False,False,False,False,2022-12-02 15:01:05.648792+00:00,2022-12-02 15:01:05.648792+00:00
1598687208373993474,ukraine-de,True,True,False,False,False,False,False,False,False,False,2022-12-02 15:01:05.608303+00:00,2022-12-02 15:01:05.608303+00:00
1598687210181722112,ukraine-de,True,True,False,False,False,False,False,False,False,False,2022-12-02 15:01:05.608185+00:00,2022-12-02 15:01:05.608185+00:00
1598687218909970433,ukraine-de,True,False,False,False,False,False,False,False,False,False,2022-12-02 15:01:05.641782+00:00,2022-12-02 15:01:05.641782+00:00
1598687232562409473,ukraine-de,True,True,False,False,False,False,False,False,False,False,2022-12-02 15:01:05.608082+00:00,2022-12-02 15:01:05.608082+00:00
1598687249444573185,ukraine-de,True,True,False,False,False,False,False,False,False,False,2022-12-02 15:01:05.607980+00:00,2022-12-02 15:01:05.607980+00:00
1598687254196600832,ukraine-de,True,True,False,False,False,False,False,False,False,False,2022-12-02 15:01:05.607877+00:00,2022-12-02 15:01:05.607877+00:00
1598687270516695044,ukraine-de,True,True,False,False,False,False,False,False,False,False,2022-12-02 15:01:05.607773+00:00,2022-12-02 15:01:05.607773+00:00
1598687287344123904,ukraine-de,True,True,False,False,False,False,False,False,False,False,2022-12-02 15:01:05.607662+00:00,2022-12-02 15:01:05.607662+00:00
1598687332126826496,ukraine-de,True,True,False,False,False,False,False,False,False,False,2022-12-02 15:01:05.607554+00:00,2022-12-02 15:01:05.607554+00:00
1598687333410275329,ukraine-de,True,True,False,False,False,False,False,False,False,False,2022-12-02 15:01:05.607426+00:00,2022-12-02 15:01:05.607426+00:00
1598687407355953154,ukraine-de,True,True,False,False,False,False,False,False,False,False,2022-12-02 15:01:05.607241+00:00,2022-12-02 15:01:05.607241+00:00
1598687514776293376,ukraine-de,True,True,False,False,False,False,False,False,False,False,2022-12-02 15:01:05.606005+00:00,2022-12-02 15:01:05.606005+00:00
1598687525937217538,ukraine-de,True,True,False,False,False,False,False,False,False,False,2022-12-02 15:01:05.605907+00:00,2022-12-02 15:01:05.605907+00:00
1598687526755115008,ukraine-de,True,True,False,False,False,False,False,False,False,False,2022-12-02 15:01:05.605806+00:00,2022-12-02 15:01:05.605806+00:00
1598687547818909703,ukraine-de,True,True,False,False,False,False,False,False,False,False,2022-12-02 15:01:05.605690+00:00,2022-12-02 15:01:05.605690+00:00
1598687555632906241,ukraine-de,True,True,False,False,False,False,False,False,False,False,2022-12-02 15:01:05.605576+00:00,2022-12-02 15:01:05.605576+00:00
1598687629083660297,ukraine-de,True,True,False,False,False,False,False,False,False,False,2022-12-02 15:01:05.605480+00:00,2022-12-02 15:01:05.605480+00:00
1598687703670718464,ukraine-de,True,True,False,False,False,False,False,False,False,False,2022-12-02 15:01:05.605385+00:00,2022-12-02 15:01:05.605385+00:00
1598687711363321857,ukraine-de,True,True,False,False,False,False,False,False,False,False,2022-12-02 15:01:05.605283+00:00,2022-12-02 15:01:05.605283+00:00
1598687711593914378,ukraine-de,True,True,False,False,False,False,False,False,False,False,2022-12-02 15:01:05.605186+00:00,2022-12-02 15:01:05.605186+00:00
1598687758628814848,ukraine-de,True,True,False,False,False,False,False,False,False,False,2022-12-02 15:01:05.605080+00:00,2022-12-02 15:01:05.605080+00:00
1598687762873339904,ukraine-de,True,True,False,False,False,False,False,False,False,False,2022-12-02 15:01:05.604968+00:00,2022-12-02 15:01:05.604968+00:00
1598687774537912320,ukraine-de,True,True,False,False,False,False,False,False,False,False,2022-12-02 15:01:05.604868+00:00,2022-12-02 15:01:05.604868+00:00
1598687794561531905,ukraine-de,True,True,False,False,False,False,False,False,False,False,2022-12-02 15:01:05.604770+00:00,2022-12-02 15:01:05.604770+00:00
1598687848122781698,ukraine-de,True,True,False,False,False,False,False,False,False,False,2022-12-02 15:01:05.604665+00:00,2022-12-02 15:01:05.604665+00:00
1598687871950528512,ukraine-de,True,True,False,False,False,False,False,False,False,False,2022-12-02 15:01:05.604525+00:00,2022-12-02 15:01:05.604525+00:00
1598687900274671617,ukraine-de,True,False,False,False,False,False,False,False,False,False,2022-12-02 15:01:05.639089+00:00,2022-12-02 15:01:05.639089+00:00
1598687922634399745,ukraine-de,True,False,False,False,False,False,False,False,False,False,2022-12-02 15:01:05.644935+00:00,2022-12-02 15:01:05.644935+00:00
1598687937821958144,ukraine-de,True,True,False,False,False,False,False,False,False,False,2022-12-02 15:01:05.604420+00:00,2022-12-02 15:01:05.604420+00:00
1598687941550915585,ukraine-de,True,False,False,False,False,False,False,False,False,False,2022-12-02 19:51:08.492050+00:00,2022-12-02 19:51:08.492050+00:00
1598687954095874048,ukraine-de,True,True,False,False,False,False,False,False,False,False,2022-12-02 15:01:05.604315+00:00,2022-12-02 15:01:05.604315+00:00
1598687961486434306,ukraine-de,True,True,False,False,False,False,False,False,False,False,2022-12-02 15:01:05.604213+00:00,2022-12-02 15:01:05.604213+00:00
1598687981858062338,ukraine-de,True,True,False,False,False,False,False,False,False,False,2022-12-02 15:01:05.604080+00:00,2022-12-02 15:01:05.604080+00:00
1598688001948729344,ukraine-de,True,True,False,False,False,False,False,False,False,False,2022-12-02 15:01:05.603980+00:00,2022-12-02 15:01:05.603980+00:00
1598688052687343621,ukraine-de,True,False,False,False,False,False,False,False,False,False,2022-12-02 15:01:05.640789+00:00,2022-12-02 15:01:05.640789+00:00
1598688054662799360,ukraine-de,True,True,False,False,False,False,False,False,False,False,2022-12-02 15:01:05.603880+00:00,2022-12-02 15:01:05.603880+00:00
1598688063257022465,ukraine-de,True,True,False,False,False,False,False,False,False,False,2022-12-02 15:01:05.603780+00:00,2022-12-02 15:01:05.603780+00:00
1598688064615813120,ukraine-de,True,True,False,False,False,False,False,False,False,False,2022-12-02 15:01:05.603677+00:00,2022-12-02 15:01:05.603677+00:00
1598688074996801536,ukraine-de,True,True,False,False,False,False,False,False,False,False,2022-12-02 15:01:05.603573+00:00,2022-12-02 15:01:05.603573+00:00
1598688101978804224,ukraine-de,True,True,False,False,False,False,False,False,False,False,2022-12-02 15:01:05.603472+00:00,2022-12-02 15:01:05.603472+00:00
1598688175865663491,ukraine-de,True,True,False,False,False,False,False,False,False,False,2022-12-02 15:01:05.603357+00:00,2022-12-02 15:01:05.603357+00:00
1598688182643863553,ukraine-de,True,False,False,False,False,False,False,False,False,False,2022-12-02 19:51:30.200741+00:00,2022-12-02 19:51:30.200741+00:00
1598688199701778433,ukraine-de,True,True,False,False,False,False,False,False,False,False,2022-12-02 15:01:05.603250+00:00,2022-12-02 15:01:05.603250+00:00
1598688235730903046,ukraine-de,True,True,False,False,False,False,False,False,False,False,2022-12-02 15:01:05.603083+00:00,2022-12-02 15:01:05.603083+00:00
1598688246233546752,ukraine-de,True,False,False,False,False,False,False,False,False,False,2022-12-02 19:50:36.495579+00:00,2022-12-02 19:50:36.495579+00:00
1598688253409886208,ukraine-de,True,False,False,False,False,False,False,False,False,False,2022-12-02 15:01:05.640934+00:00,2022-12-02 15:01:05.640934+00:00
1598688290533777409,ukraine-de,True,False,False,False,False,False,False,False,False,False,2022-12-02 19:51:22.125692+00:00,2022-12-02 19:51:22.125692+00:00
1598688322553012225,ukraine-de,True,True,False,False,False,False,False,False,False,False,2022-12-02 15:01:05.602965+00:00,2022-12-02 15:01:05.602965+00:00
1598688323018625024,ukraine-de,True,True,False,False,False,False,False,False,False,False,2022-12-02 15:01:05.602839+00:00,2022-12-02 15:01:05.602839+00:00
1598688326961299456,ukraine-de,True,True,False,False,False,False,False,False,False,False,2022-12-02 15:01:05.602721+00:00,2022-12-02 15:01:05.602721+00:00
1598688354362691584,ukraine-de,True,True,False,False,False,False,False,False,False,False,2022-12-02 15:01:05.602621+00:00,2022-12-02 15:01:05.602621+00:00
1598688357567053824,ukraine-de,True,True,False,False,False,False,False,False,False,False,2022-12-02 15:01:05.602504+00:00,2022-12-02 15:01:05.602504+00:00
1598688362369630208,ukraine-de,True,True,False,False,False,False,False,False,False,False,2022-12-02 15:01:05.602392+00:00,2022-12-02 15:01:05.602392+00:00
1598688380514193408,ukraine-de,True,True,False,False,False,False,False,False,False,False,2022-12-02 15:01:05.602292+00:00,2022-12-02 15:01:05.602292+00:00
1598688430233305089,ukraine-de,True,False,False,False,False,False,False,False,False,False,2022-12-02 19:51:22.149030+00:00,2022-12-02 19:51:22.149030+00:00
1598688435736383488,ukraine-de,True,True,False,False,False,False,False,False,False,False,2022-12-02 15:01:05.602171+00:00,2022-12-02 15:01:05.602171+00:00
1598688443093188609,ukraine-de,True,True,False,False,False,False,False,False,False,False,2022-12-02 15:01:05.602074+00:00,2022-12-02 15:01:05.602074+00:00
1598688453436133376,ukraine-de,True,True,False,False,False,False,False,False,False,False,2022-12-02 15:01:05.601965+00:00,2022-12-02 15:01:05.601965+00:00
1598688491751317505,ukraine-de,True,True,False,False,False,False,False,False,False,False,2022-12-02 15:01:05.601804+00:00,2022-12-02 15:01:05.601804+00:00
1598688512798244866,ukraine-de,True,False,False,False,False,False,False,False,False,False,2022-12-02 19:51:41.483976+00:00,2022-12-02 19:51:41.483976+00:00
1598688529625882626,ukraine-de,True,True,False,False,False,False,False,False,False,False,2022-12-02 15:01:05.601685+00:00,2022-12-02 15:01:05.601685+00:00
1598688532796772354,ukraine-de,True,True,False,False,False,False,False,False,False,False,2022-12-02 15:01:05.601553+00:00,2022-12-02 15:01:05.601553+00:00
1598688536051343361,ukraine-de,True,True,False,False,False,False,False,False,False,False,2022-12-02 15:01:05.601419+00:00,2022-12-02 15:01:05.601419+00:00
1598688541390901249,ukraine-de,True,True,False,False,False,False,False,False,False,False,2022-12-02 15:01:05.601319+00:00,2022-12-02 15:01:05.601319+00:00
1598688596118147073,ukraine-de,True,True,False,False,False,False,False,False,False,False,2022-12-02 15:01:05.601210+00:00,2022-12-02 15:01:05.601210+00:00
1598688643027292160,ukraine-de,True,True,False,False,False,False,False,False,False,False,2022-12-02 15:01:05.601103+00:00,2022-12-02 15:01:05.601103+00:00
1598688646411976706,ukraine-de,True,True,False,False,False,False,False,False,False,False,2022-12-02 15:01:05.601006+00:00,2022-12-02 15:01:05.601006+00:00
1598688654016118784,ukraine-de,True,True,False,False,False,False,False,False,False,False,2022-12-02 15:01:05.600906+00:00,2022-12-02 15:01:05.600906+00:00
1598688663960813568,ukraine-de,True,True,False,False,False,False,False,False,False,False,2022-12-02 15:01:05.600808+00:00,2022-12-02 15:01:05.600808+00:00
1598688671703523328,ukraine-de,True,False,False,False,False,False,False,False,False,False,2022-12-02 15:01:05.646562+00:00,2022-12-02 15:01:05.646562+00:00
1598688674270650368,ukraine-de,True,True,False,False,False,False,False,False,False,False,2022-12-02 15:01:05.600684+00:00,2022-12-02 15:01:05.600684+00:00
1598688678838247425,ukraine-de,True,True,False,False,False,False,False,False,False,False,2022-12-02 15:01:05.600574+00:00,2022-12-02 15:01:05.600574+00:00
1598688679391805440,ukraine-de,True,True,False,False,False,False,False,False,False,False,2022-12-02 15:01:05.600472+00:00,2022-12-02 15:01:05.600472+00:00
1598688687298150400,ukraine-de,True,False,False,False,False,False,False,False,False,False,2022-12-02 15:01:05.646455+00:00,2022-12-02 15:01:05.646455+00:00
1598688691702173696,ukraine-de,True,True,False,False,False,False,False,False,False,False,2022-12-02 15:01:05.600371+00:00,2022-12-02 15:01:05.600371+00:00
1598688693451165696,ukraine-de,True,True,False,False,False,False,False,False,False,False,2022-12-02 15:01:05.600253+00:00,2022-12-02 15:01:05.600253+00:00
1598688716070957056,ukraine-de,True,True,False,False,False,False,False,False,False,False,2022-12-02 15:01:05.600033+00:00,2022-12-02 15:01:05.600033+00:00
1598688731036360705,ukraine-de,True,True,False,False,False,False,False,False,False,False,2022-12-02 15:01:05.599928+00:00,2022-12-02 15:01:05.599928+00:00
1598688739223826433,ukraine-de,True,True,False,False,False,False,False,False,False,False,2022-12-02 15:01:05.599826+00:00,2022-12-02 15:01:05.599826+00:00
1598688746333147136,ukraine-de,True,True,False,False,False,False,False,False,False,False,2022-12-02 15:01:05.599708+00:00,2022-12-02 15:01:05.599708+00:00
1598688746735550471,ukraine-de,True,True,False,False,False,False,False,False,False,False,2022-12-02 15:01:05.599578+00:00,2022-12-02 15:01:05.599578+00:00
1598688751642894336,ukraine-de,True,True,False,False,False,False,False,False,False,False,2022-12-02 15:01:05.599356+00:00,2022-12-02 15:01:05.599356+00:00
1598688770798256128,ukraine-de,True,True,False,False,False,False,False,False,False,False,2022-12-02 15:01:05.599222+00:00,2022-12-02 15:01:05.599222+00:00
1598688776779313152,ukraine-de,True,True,False,False,False,False,False,False,False,False,2022-12-02 15:01:05.599058+00:00,2022-12-02 15:01:05.599058+00:00
1598688784383676416,ukraine-de,True,False,False,False,False,False,False,False,False,False,2022-12-02 19:50:36.493375+00:00,2022-12-02 19:50:36.493375+00:00
1598688800737300481,ukraine-de,True,True,False,False,False,False,False,False,False,False,2022-12-02 15:01:05.598937+00:00,2022-12-02 15:01:05.598937+00:00
1598688836506341377,ukraine-de,True,True,False,False,False,False,False,False,False,False,2022-12-02 15:01:05.598831+00:00,2022-12-02 15:01:05.598831+00:00
1598688904915423238,ukraine-de,True,True,False,False,False,False,False,False,False,False,2022-12-02 15:01:05.598730+00:00,2022-12-02 15:01:05.598730+00:00
1598688940881367041,ukraine-de,True,True,False,False,False,False,False,False,False,False,2022-12-02 15:01:05.598611+00:00,2022-12-02 15:01:05.598611+00:00
1598688941992857600,ukraine-de,True,True,False,False,False,False,False,False,False,False,2022-12-02 15:01:05.598506+00:00,2022-12-02 15:01:05.598506+00:00
1598688946979995648,ukraine-de,True,True,False,False,False,False,False,False,False,False,2022-12-02 15:01:05.598272+00:00,2022-12-02 15:01:05.598272+00:00
1598688950671081477,ukraine-de,True,True,False,False,False,False,False,False,False,False,2022-12-02 15:01:05.598171+00:00,2022-12-02 15:01:05.598171+00:00
1598688957516206082,ukraine-de,True,True,False,False,False,False,False,False,False,False,2022-12-02 15:01:05.597991+00:00,2022-12-02 15:01:05.597991+00:00
1598688983487234051,ukraine-de,True,False,False,False,False,False,False,False,False,False,2022-12-02 19:50:27.671362+00:00,2022-12-02 19:50:27.671362+00:00
1598688994279268352,ukraine-de,True,True,False,False,False,False,False,False,False,False,2022-12-02 15:01:05.597815+00:00,2022-12-02 15:01:05.597815+00:00
1598689052965969920,ukraine-de,True,True,False,False,False,False,False,False,False,False,2022-12-02 15:01:05.597716+00:00,2022-12-02 15:01:05.597716+00:00
1598689080027512836,ukraine-de,True,False,False,False,False,False,False,False,False,False,2022-12-02 15:01:05.634946+00:00,2022-12-02 15:01:05.634946+00:00
1598689113384828931,ukraine-de,True,True,False,False,False,False,False,False,False,False,2022-12-02 15:01:05.597576+00:00,2022-12-02 15:01:05.597576+00:00
1598689129830797313,ukraine-de,True,True,False,False,False,False,False,False,False,False,2022-12-02 15:01:05.597477+00:00,2022-12-02 15:01:05.597477+00:00
1598689131512692737,ukraine-de,True,True,False,False,False,False,False,False,False,False,2022-12-02 15:01:05.597364+00:00,2022-12-02 15:01:05.597364+00:00
1598689141100724230,ukraine-de,True,False,False,False,False,False,False,False,False,False,2022-12-02 19:51:08.483324+00:00,2022-12-02 19:51:08.483324+00:00
1598689144691200000,ukraine-de,True,True,False,False,False,False,False,False,False,False,2022-12-02 15:01:05.597267+00:00,2022-12-02 15:01:05.597267+00:00
1598689185677815809,ukraine-de,True,True,False,False,False,False,False,False,False,False,2022-12-02 15:01:05.597168+00:00,2022-12-02 15:01:05.597168+00:00
1598689187519250433,ukraine-de,True,True,False,False,False,False,False,False,False,False,2022-12-02 15:01:05.597067+00:00,2022-12-02 15:01:05.597067+00:00
1598689256150630405,ukraine-de,True,True,False,False,False,False,False,False,False,False,2022-12-02 15:01:05.596959+00:00,2022-12-02 15:01:05.596959+00:00
1598689263318622208,ukraine-de,True,False,False,False,False,False,False,False,False,False,2022-12-02 15:01:05.639911+00:00,2022-12-02 15:01:05.639911+00:00
1598689360580337670,ukraine-de,True,True,False,False,False,False,False,False,False,False,2022-12-02 15:01:05.596845+00:00,2022-12-02 15:01:05.596845+00:00
1598689379815260160,ukraine-de,True,True,False,False,False,False,False,False,False,False,2022-12-02 15:01:05.596746+00:00,2022-12-02 15:01:05.596746+00:00
1598689400455675904,ukraine-de,True,True,False,False,False,False,False,False,False,False,2022-12-02 15:01:05.596645+00:00,2022-12-02 15:01:05.596645+00:00
1598689468298498048,ukraine-de,True,True,False,False,False,False,False,False,False,False,2022-12-02 15:01:05.596528+00:00,2022-12-02 15:01:05.596528+00:00
1598689470404067330,ukraine-de,True,True,False,False,False,False,False,False,False,False,2022-12-02 15:01:05.596409+00:00,2022-12-02 15:01:05.596409+00:00
1598689492512161792,ukraine-de,True,True,False,False,False,False,False,False,False,False,2022-12-02 15:01:05.596284+00:00,2022-12-02 15:01:05.596284+00:00
1598689505845907457,ukraine-de,True,False,False,False,False,False,False,False,False,False,2022-12-02 19:51:41.469407+00:00,2022-12-02 19:51:41.469407+00:00
1598689510014992385,ukraine-de,True,True,False,False,False,False,False,False,False,False,2022-12-02 15:01:05.596183+00:00,2022-12-02 15:01:05.596183+00:00
1598689556043366403,ukraine-de,True,False,False,False,False,False,False,False,False,False,2022-12-02 19:51:30.191055+00:00,2022-12-02 19:51:30.191055+00:00
1598689560808005632,ukraine-de,True,True,False,False,False,False,False,False,False,False,2022-12-02 15:01:05.596080+00:00,2022-12-02 15:01:05.596080+00:00
1598689562493997057,ukraine-de,True,True,False,False,False,False,False,False,False,False,2022-12-02 15:01:05.595979+00:00,2022-12-02 15:01:05.595979+00:00
1598689580827353089,ukraine-de,True,True,False,False,False,False,False,False,False,False,2022-12-02 15:01:05.595875+00:00,2022-12-02 15:01:05.595875+00:00
1598689588364529665,ukraine-de,True,True,False,False,False,False,False,False,False,False,2022-12-02 15:01:05.595754+00:00,2022-12-02 15:01:05.595754+00:00
1598689591007105026,ukraine-de,True,True,False,False,False,False,False,False,False,False,2022-12-02 15:01:05.595649+00:00,2022-12-02 15:01:05.595649+00:00
1598689617670066176,ukraine-de,True,True,False,False,False,False,False,False,False,False,2022-12-02 15:01:05.595484+00:00,2022-12-02 15:01:05.595484+00:00
1598689625610100738,ukraine-de,True,True,False,False,False,False,False,False,False,False,2022-12-02 15:01:05.595382+00:00,2022-12-02 15:01:05.595382+00:00
1598689636754378753,ukraine-de,True,True,False,False,False,False,False,False,False,False,2022-12-02 15:01:05.595268+00:00,2022-12-02 15:01:05.595268+00:00
1598689644987797504,ukraine-de,True,True,False,False,False,False,False,False,False,False,2022-12-02 15:01:05.595097+00:00,2022-12-02 15:01:05.595097+00:00
1598689699517927424,ukraine-de,True,True,False,False,False,False,False,False,False,False,2022-12-02 15:01:05.594989+00:00,2022-12-02 15:01:05.594989+00:00
1598689722380984320,ukraine-de,True,True,False,False,False,False,False,False,False,False,2022-12-02 15:01:05.594859+00:00,2022-12-02 15:01:05.594859+00:00
1598689735764893696,ukraine-de,True,False,False,False,False,False,False,False,False,False,2022-12-02 19:51:08.490210+00:00,2022-12-02 19:51:08.490210+00:00
1598689754983301126,ukraine-de,True,True,False,False,False,False,False,False,False,False,2022-12-02 15:01:05.594763+00:00,2022-12-02 15:01:05.594763+00:00
1598689755071397891,ukraine-de,True,True,False,False,False,False,False,False,False,False,2022-12-02 15:01:05.594662+00:00,2022-12-02 15:01:05.594662+00:00
1598689758733033473,ukraine-de,True,True,False,False,False,False,False,False,False,False,2022-12-02 15:01:05.594564+00:00,2022-12-02 15:01:05.594564+00:00
1598689765766807552,ukraine-de,True,True,False,False,False,False,False,False,False,False,2022-12-02 15:01:05.594461+00:00,2022-12-02 15:01:05.594461+00:00
1598689766316310531,ukraine-de,True,True,False,False,False,False,False,False,False,False,2022-12-02 15:01:05.594357+00:00,2022-12-02 15:01:05.594357+00:00
1598689780052770823,ukraine-de,True,True,False,False,False,False,False,False,False,False,2022-12-02 15:01:05.594257+00:00,2022-12-02 15:01:05.594257+00:00
1598689806661439489,ukraine-de,True,False,False,False,False,False,False,False,False,False,2022-12-02 19:51:30.190533+00:00,2022-12-02 19:51:30.190533+00:00
1598689807680536577,ukraine-de,True,True,False,False,False,False,False,False,False,False,2022-12-02 15:01:05.594159+00:00,2022-12-02 15:01:05.594159+00:00
1598689815200993280,ukraine-de,True,True,False,False,False,False,False,False,False,False,2022-12-02 15:01:05.594061+00:00,2022-12-02 15:01:05.594061+00:00
1598689818409668608,ukraine-de,True,True,False,False,False,False,False,False,False,False,2022-12-02 15:01:05.593955+00:00,2022-12-02 15:01:05.593955+00:00
1598689867122221058,ukraine-de,True,True,False,False,False,False,False,False,False,False,2022-12-02 15:01:05.593813+00:00,2022-12-02 15:01:05.593813+00:00
1598689914266296322,ukraine-de,True,True,False,False,False,False,False,False,False,False,2022-12-02 15:01:05.593700+00:00,2022-12-02 15:01:05.593700+00:00
1598689934524792834,ukraine-de,True,False,False,False,False,False,False,False,False,False,2022-12-02 19:51:41.475133+00:00,2022-12-02 19:51:41.475133+00:00
1598689951251562500,ukraine-de,True,True,False,False,False,False,False,False,False,False,2022-12-02 15:01:05.593601+00:00,2022-12-02 15:01:05.593601+00:00
1598689963872223232,ukraine-de,True,True,False,False,False,False,False,False,False,False,2022-12-02 15:01:05.593487+00:00,2022-12-02 15:01:05.593487+00:00
1598689974324445186,ukraine-de,True,True,False,False,False,False,False,False,False,False,2022-12-02 15:01:05.593389+00:00,2022-12-02 15:01:05.593389+00:00
1598689980146221059,ukraine-de,True,True,False,False,False,False,False,False,False,False,2022-12-02 15:01:05.593294+00:00,2022-12-02 15:01:05.593294+00:00
1598690092377333760,ukraine-de,True,True,False,False,False,False,False,False,False,False,2022-12-02 15:01:05.593196+00:00,2022-12-02 15:01:05.593196+00:00
1598690092800884736,ukraine-de,True,True,False,False,False,False,False,False,False,False,2022-12-02 15:01:05.593100+00:00,2022-12-02 15:01:05.593100+00:00
1598690123373158400,ukraine-de,True,True,False,False,False,False,False,False,False,False,2022-12-02 15:01:05.592974+00:00,2022-12-02 15:01:05.592974+00:00
1598690137780658177,ukraine-de,True,True,False,False,False,False,False,False,False,False,2022-12-02 15:01:05.592857+00:00,2022-12-02 15:01:05.592857+00:00
1598690139617734656,ukraine-de,True,True,False,False,False,False,False,False,False,False,2022-12-02 15:01:05.592754+00:00,2022-12-02 15:01:05.592754+00:00
1598690179031609345,ukraine-de,True,True,False,False,False,False,False,False,False,False,2022-12-02 15:01:05.592652+00:00,2022-12-02 15:01:05.592652+00:00
1598690191367176194,ukraine-de,True,True,False,False,False,False,False,False,False,False,2022-12-02 15:01:05.592550+00:00,2022-12-02 15:01:05.592550+00:00
1598690211382312964,ukraine-de,True,True,False,False,False,False,False,False,False,False,2022-12-02 15:01:05.592432+00:00,2022-12-02 15:01:05.592432+00:00
1598690217560449027,ukraine-de,True,True,False,False,False,False,False,False,False,False,2022-12-02 15:01:05.592330+00:00,2022-12-02 15:01:05.592330+00:00
1598690218206535680,ukraine-de,True,True,False,False,False,False,False,False,False,False,2022-12-02 15:01:05.592231+00:00,2022-12-02 15:01:05.592231+00:00
1598690225676374018,ukraine-de,True,True,False,False,False,False,False,False,False,False,2022-12-02 15:01:05.592133+00:00,2022-12-02 15:01:05.592133+00:00
1598690228025393152,ukraine-de,True,True,False,False,False,False,False,False,False,False,2022-12-02 15:01:05.592035+00:00,2022-12-02 15:01:05.592035+00:00
1598690230470688768,ukraine-de,True,True,False,False,False,False,False,False,False,False,2022-12-02 15:01:05.591934+00:00,2022-12-02 15:01:05.591934+00:00
1598690233175900162,ukraine-de,True,True,False,False,False,False,False,False,False,False,2022-12-02 15:01:05.591834+00:00,2022-12-02 15:01:05.591834+00:00
1598690281041297411,ukraine-de,True,True,False,False,False,False,False,False,False,False,2022-12-02 15:01:05.591721+00:00,2022-12-02 15:01:05.591721+00:00
1598690284006670337,ukraine-de,True,True,False,False,False,False,False,False,False,False,2022-12-02 15:01:05.591618+00:00,2022-12-02 15:01:05.591618+00:00
1598690289605963776,ukraine-de,True,True,False,False,False,False,False,False,False,False,2022-12-02 15:01:05.591460+00:00,2022-12-02 15:01:05.591460+00:00
1598690294475603968,ukraine-de,True,False,False,False,False,False,False,False,False,False,2022-12-02 15:01:05.634033+00:00,2022-12-02 15:01:05.634033+00:00
1598690320409051137,ukraine-de,True,True,False,False,False,False,False,False,False,False,2022-12-02 15:01:05.591352+00:00,2022-12-02 15:01:05.591352+00:00
1598690329901031424,ukraine-de,True,False,False,False,False,False,False,False,False,False,2022-12-02 19:51:41.487978+00:00,2022-12-02 19:51:41.487978+00:00
1598690339493224448,ukraine-de,True,True,False,False,False,False,False,False,False,False,2022-12-02 15:01:05.591230+00:00,2022-12-02 15:01:05.591230+00:00
1598690371801948161,ukraine-de,True,True,False,False,False,False,False,False,False,False,2022-12-02 15:01:05.591092+00:00,2022-12-02 15:01:05.591092+00:00
1598690411731730432,ukraine-de,True,True,False,False,False,False,False,False,False,False,2022-12-02 15:01:05.590978+00:00,2022-12-02 15:01:05.590978+00:00
1598690475514290176,ukraine-de,True,True,False,False,False,False,False,False,False,False,2022-12-02 15:01:05.590874+00:00,2022-12-02 15:01:05.590874+00:00
1598690501984649219,ukraine-de,True,True,False,False,False,False,False,False,False,False,2022-12-02 15:01:05.590761+00:00,2022-12-02 15:01:05.590761+00:00
1598690505570897926,ukraine-de,True,False,False,False,False,False,False,False,False,False,2022-12-02 15:01:05.639699+00:00,2022-12-02 15:01:05.639699+00:00
1598690535656636417,ukraine-de,True,True,False,False,False,False,False,False,False,False,2022-12-02 15:01:05.590662+00:00,2022-12-02 15:01:05.590662+00:00
1598690568330158083,ukraine-de,True,False,False,False,False,False,False,False,False,False,2022-12-02 19:51:41.481499+00:00,2022-12-02 19:51:41.481499+00:00
1598690601154875393,ukraine-de,True,False,False,False,False,False,False,False,False,False,2022-12-02 19:51:41.488595+00:00,2022-12-02 19:51:41.488595+00:00
1598690683354652674,ukraine-de,True,False,False,False,False,False,False,False,False,False,2022-12-02 19:51:41.479593+00:00,2022-12-02 19:51:41.479593+00:00
1598690702946336770,ukraine-de,True,True,False,False,False,False,False,False,False,False,2022-12-02 15:01:05.590559+00:00,2022-12-02 15:01:05.590559+00:00
1598690709007212547,ukraine-de,True,True,False,False,False,False,False,False,False,False,2022-12-02 15:01:05.590448+00:00,2022-12-02 15:01:05.590448+00:00
1598690776040587264,ukraine-de,True,True,False,False,False,False,False,False,False,False,2022-12-02 15:01:05.590339+00:00,2022-12-02 15:01:05.590339+00:00
1598690779416842240,ukraine-de,True,True,False,False,False,False,False,False,False,False,2022-12-02 15:01:05.590232+00:00,2022-12-02 15:01:05.590232+00:00
1598690782248112131,ukraine-de,True,True,False,False,False,False,False,False,False,False,2022-12-02 15:01:05.590121+00:00,2022-12-02 15:01:05.590121+00:00
1598690821477277696,ukraine-de,True,True,False,False,False,False,False,False,False,False,2022-12-02 15:01:05.590003+00:00,2022-12-02 15:01:05.590003+00:00
1598690833292619776,ukraine-de,True,True,False,False,False,False,False,False,False,False,2022-12-02 15:01:05.589830+00:00,2022-12-02 15:01:05.589830+00:00
1598690837340332032,ukraine-de,True,True,False,False,False,False,False,False,False,False,2022-12-02 15:01:05.589722+00:00,2022-12-02 15:01:05.589722+00:00
1598690879304192000,ukraine-de,True,True,False,False,False,False,False,False,False,False,2022-12-02 15:01:05.589609+00:00,2022-12-02 15:01:05.589609+00:00
1598690893002850305,ukraine-de,True,True,False,False,False,False,False,False,False,False,2022-12-02 15:01:05.589468+00:00,2022-12-02 15:01:05.589468+00:00
1598690896144474113,ukraine-de,True,True,False,False,False,False,False,False,False,False,2022-12-02 15:01:05.589288+00:00,2022-12-02 15:01:05.589288+00:00
1598690906131005440,ukraine-de,True,True,False,False,False,False,False,False,False,False,2022-12-02 15:01:05.589097+00:00,2022-12-02 15:01:05.589097+00:00
1598690962133352448,ukraine-de,True,True,False,False,False,False,False,False,False,False,2022-12-02 15:01:05.589002+00:00,2022-12-02 15:01:05.589002+00:00
1598690967845994502,ukraine-de,True,True,False,False,False,False,False,False,False,False,2022-12-02 15:01:05.588889+00:00,2022-12-02 15:01:05.588889+00:00
1598690990562344963,ukraine-de,True,True,False,False,False,False,False,False,False,False,2022-12-02 15:01:05.588785+00:00,2022-12-02 15:01:05.588785+00:00
1598690999081271296,ukraine-de,True,True,False,False,False,False,False,False,False,False,2022-12-02 15:01:05.588681+00:00,2022-12-02 15:01:05.588681+00:00
1598690999903129606,ukraine-de,True,True,False,False,False,False,False,False,False,False,2022-12-02 15:01:05.588567+00:00,2022-12-02 15:01:05.588567+00:00
1598691021575036928,ukraine-de,True,False,False,False,False,False,False,False,False,False,2022-12-02 19:51:41.487565+00:00,2022-12-02 19:51:41.487565+00:00
1598691043133857793,ukraine-de,True,True,False,False,False,False,False,False,False,False,2022-12-02 15:01:05.588467+00:00,2022-12-02 15:01:05.588467+00:00
1598691047407763460,ukraine-de,True,True,False,False,False,False,False,False,False,False,2022-12-02 15:01:05.588360+00:00,2022-12-02 15:01:05.588360+00:00
1598691058422091779,ukraine-de,True,True,False,False,False,False,False,False,False,False,2022-12-02 15:01:05.588228+00:00,2022-12-02 15:01:05.588228+00:00
1598691134879965186,ukraine-de,True,True,False,False,False,False,False,False,False,False,2022-12-02 15:01:05.588096+00:00,2022-12-02 15:01:05.588096+00:00
1598691151783026689,ukraine-de,True,True,False,False,False,False,False,False,False,False,2022-12-02 15:01:05.587983+00:00,2022-12-02 15:01:05.587983+00:00
1598691167016783878,ukraine-de,True,True,False,False,False,False,False,False,False,False,2022-12-02 15:01:05.587796+00:00,2022-12-02 15:01:05.587796+00:00
1598691170636505088,ukraine-de,True,True,False,False,False,False,False,False,False,False,2022-12-02 15:01:05.587691+00:00,2022-12-02 15:01:05.587691+00:00
1598691178559332355,ukraine-de,True,True,False,False,False,False,False,False,False,False,2022-12-02 15:01:05.587588+00:00,2022-12-02 15:01:05.587588+00:00
1598691212935962624,ukraine-de,True,True,False,False,False,False,False,False,False,False,2022-12-02 15:01:05.587444+00:00,2022-12-02 15:01:05.587444+00:00
1598691216270528513,ukraine-de,True,True,False,False,False,False,False,False,False,False,2022-12-02 15:01:05.587334+00:00,2022-12-02 15:01:05.587334+00:00
1598691226626117632,ukraine-de,True,True,False,False,False,False,False,False,False,False,2022-12-02 15:01:05.587229+00:00,2022-12-02 15:01:05.587229+00:00
1598691234033319941,ukraine-de,True,True,False,False,False,False,False,False,False,False,2022-12-02 15:01:05.587084+00:00,2022-12-02 15:01:05.587084+00:00
1598691245450297345,ukraine-de,True,True,False,False,False,False,False,False,False,False,2022-12-02 15:01:05.586903+00:00,2022-12-02 15:01:05.586903+00:00
1598691291604439043,ukraine-de,True,True,False,False,False,False,False,False,False,False,2022-12-02 15:01:05.586798+00:00,2022-12-02 15:01:05.586798+00:00
1598691296742461440,ukraine-de,True,True,False,False,False,False,False,False,False,False,2022-12-02 15:01:05.586694+00:00,2022-12-02 15:01:05.586694+00:00
1598691302916300800,ukraine-de,True,True,False,False,False,False,False,False,False,False,2022-12-02 15:01:05.586552+00:00,2022-12-02 15:01:05.586552+00:00
1598691323325784064,ukraine-de,True,True,False,False,False,False,False,False,False,False,2022-12-02 15:01:05.586443+00:00,2022-12-02 15:01:05.586443+00:00
1598691328384188418,ukraine-de,True,False,False,False,False,False,False,False,False,False,2022-12-02 19:50:27.673598+00:00,2022-12-02 19:50:27.673598+00:00
1598691358348382210,ukraine-de,True,False,False,False,False,False,False,False,False,False,2022-12-02 22:35:54.194011+00:00,2022-12-02 22:35:54.194011+00:00
1598691380410417152,ukraine-de,True,True,False,False,False,False,False,False,False,False,2022-12-02 15:01:05.586226+00:00,2022-12-02 15:01:05.586226+00:00
1598691385573605379,ukraine-de,True,True,False,False,False,False,False,False,False,False,2022-12-02 15:01:05.586126+00:00,2022-12-02 15:01:05.586126+00:00
1598691500229070850,ukraine-de,True,True,False,False,False,False,False,False,False,False,2022-12-02 15:01:05.586018+00:00,2022-12-02 15:01:05.586018+00:00
1598691523960373249,ukraine-de,True,False,False,False,False,False,False,False,False,False,2022-12-02 15:01:05.637673+00:00,2022-12-02 15:01:05.637673+00:00
1598691540796334081,ukraine-de,True,True,False,False,False,False,False,False,False,False,2022-12-02 15:01:05.585847+00:00,2022-12-02 15:01:05.585847+00:00
1598691541287051264,ukraine-de,True,True,False,False,False,False,False,False,False,False,2022-12-02 15:01:05.585718+00:00,2022-12-02 15:01:05.585718+00:00
1598691545993068544,ukraine-de,True,True,False,False,False,False,False,False,False,False,2022-12-02 15:01:05.585463+00:00,2022-12-02 15:01:05.585463+00:00
1598691558626295811,ukraine-de,True,True,False,False,False,False,False,False,False,False,2022-12-02 15:01:05.585363+00:00,2022-12-02 15:01:05.585363+00:00
1598691629132455938,ukraine-de,True,False,False,False,False,False,False,False,False,False,2022-12-02 19:50:36.495468+00:00,2022-12-02 19:50:36.495468+00:00
1598691654151639041,ukraine-de,True,True,False,False,False,False,False,False,False,False,2022-12-02 15:01:05.585261+00:00,2022-12-02 15:01:05.585261+00:00
1598691668386975744,ukraine-de,True,True,False,False,False,False,False,False,False,False,2022-12-02 15:01:05.585162+00:00,2022-12-02 15:01:05.585162+00:00
1598691671729967105,ukraine-de,True,True,False,False,False,False,False,False,False,False,2022-12-02 15:01:05.585060+00:00,2022-12-02 15:01:05.585060+00:00
1598691690902130688,ukraine-de,True,True,False,False,False,False,False,False,False,False,2022-12-02 15:01:05.584959+00:00,2022-12-02 15:01:05.584959+00:00
1598691708648054787,ukraine-de,True,True,False,False,False,False,False,False,False,False,2022-12-02 15:01:05.584855+00:00,2022-12-02 15:01:05.584855+00:00
1598691719725584385,ukraine-de,True,True,False,False,False,False,False,False,False,False,2022-12-02 15:01:05.584726+00:00,2022-12-02 15:01:05.584726+00:00
1598691751924998145,ukraine-de,True,True,False,False,False,False,False,False,False,False,2022-12-02 15:01:05.584613+00:00,2022-12-02 15:01:05.584613+00:00
1598691781037723650,ukraine-de,True,True,False,False,False,False,False,False,False,False,2022-12-02 15:01:05.584492+00:00,2022-12-02 15:01:05.584492+00:00
1598691799278800900,ukraine-de,True,True,False,False,False,False,False,False,False,False,2022-12-02 15:01:05.584386+00:00,2022-12-02 15:01:05.584386+00:00
1598691800901902341,ukraine-de,True,True,False,False,False,False,False,False,False,False,2022-12-02 15:01:05.584267+00:00,2022-12-02 15:01:05.584267+00:00
1598691835379175424,ukraine-de,True,True,False,False,False,False,False,False,False,False,2022-12-02 15:01:05.584157+00:00,2022-12-02 15:01:05.584157+00:00
1598691838914969603,ukraine-de,True,True,False,False,False,False,False,False,False,False,2022-12-02 15:01:05.584013+00:00,2022-12-02 15:01:05.584013+00:00
1598691854270218240,ukraine-de,True,False,False,False,False,False,False,False,False,False,2022-12-02 22:35:45.787870+00:00,2022-12-02 22:35:45.787870+00:00
1598691892836933632,ukraine-de,True,True,False,False,False,False,False,False,False,False,2022-12-02 15:01:05.583643+00:00,2022-12-02 15:01:05.583643+00:00
1598691898184433665,ukraine-de,True,False,False,False,False,False,False,False,False,False,2022-12-02 15:01:05.633054+00:00,2022-12-02 15:01:05.633054+00:00
1598691904417198080,ukraine-de,True,True,False,False,False,False,False,False,False,False,2022-12-02 15:01:05.583291+00:00,2022-12-02 15:01:05.583291+00:00
1598691926361899008,ukraine-de,True,False,False,False,False,False,False,False,False,False,2022-12-02 19:51:30.180724+00:00,2022-12-02 19:51:30.180724+00:00
1598691932821135360,ukraine-de,True,True,False,False,False,False,False,False,False,False,2022-12-02 15:01:05.583179+00:00,2022-12-02 15:01:05.583179+00:00
1598691959895298050,ukraine-de,True,True,False,False,False,False,False,False,False,False,2022-12-02 15:01:05.583006+00:00,2022-12-02 15:01:05.583006+00:00
1598691974906712069,ukraine-de,True,True,False,False,False,False,False,False,False,False,2022-12-02 15:01:05.582775+00:00,2022-12-02 15:01:05.582775+00:00
1598691995433799682,ukraine-de,True,True,False,False,False,False,False,False,False,False,2022-12-02 15:01:05.581291+00:00,2022-12-02 15:01:05.581291+00:00
1598692026878496768,ukraine-de,True,True,False,False,False,False,False,False,False,False,2022-12-02 15:01:05.581193+00:00,2022-12-02 15:01:05.581193+00:00
1598692027314556928,ukraine-de,True,True,False,False,False,False,False,False,False,False,2022-12-02 15:01:05.581093+00:00,2022-12-02 15:01:05.581093+00:00
1598692031194435584,ukraine-de,True,True,False,False,False,False,False,False,False,False,2022-12-02 15:01:05.580995+00:00,2022-12-02 15:01:05.580995+00:00
1598692032171704320,ukraine-de,True,True,False,False,False,False,False,False,False,False,2022-12-02 15:01:05.580895+00:00,2022-12-02 15:01:05.580895+00:00
1598692047250067457,ukraine-de,True,True,False,False,False,False,False,False,False,False,2022-12-02 15:01:05.580795+00:00,2022-12-02 15:01:05.580795+00:00
1598692101520252928,ukraine-de,True,True,False,False,False,False,False,False,False,False,2022-12-02 15:01:05.580688+00:00,2022-12-02 15:01:05.580688+00:00
1598692110445805570,ukraine-de,True,True,False,False,False,False,False,False,False,False,2022-12-02 15:01:05.580578+00:00,2022-12-02 15:01:05.580578+00:00
1598692128418369536,ukraine-de,True,False,False,False,False,False,False,False,False,False,2022-12-02 15:01:05.634852+00:00,2022-12-02 15:01:05.634852+00:00
1598692128972050434,ukraine-de,True,True,False,False,False,False,False,False,False,False,2022-12-02 15:01:05.580456+00:00,2022-12-02 15:01:05.580456+00:00
1598692155937144836,ukraine-de,True,True,False,False,False,False,False,False,False,False,2022-12-02 15:01:05.580340+00:00,2022-12-02 15:01:05.580340+00:00
1598692177705582592,ukraine-de,True,True,False,False,False,False,False,False,False,False,2022-12-02 15:01:05.580239+00:00,2022-12-02 15:01:05.580239+00:00
1598692192624721925,ukraine-de,True,True,False,False,False,False,False,False,False,False,2022-12-02 15:01:05.580138+00:00,2022-12-02 15:01:05.580138+00:00
1598692226078416897,ukraine-de,True,True,False,False,False,False,False,False,False,False,2022-12-02 15:01:05.580038+00:00,2022-12-02 15:01:05.580038+00:00
1598692232256573441,ukraine-de,True,True,False,False,False,False,False,False,False,False,2022-12-02 15:01:05.579926+00:00,2022-12-02 15:01:05.579926+00:00
1598692291702673410,ukraine-de,True,True,False,False,False,False,False,False,False,False,2022-12-02 15:01:05.579826+00:00,2022-12-02 15:01:05.579826+00:00
1598692311415808000,ukraine-de,True,True,False,False,False,False,False,False,False,False,2022-12-02 15:01:05.579725+00:00,2022-12-02 15:01:05.579725+00:00
1598692316818341888,ukraine-de,True,True,False,False,False,False,False,False,False,False,2022-12-02 15:01:05.579623+00:00,2022-12-02 15:01:05.579623+00:00
1598692344550793216,ukraine-de,True,True,False,False,False,False,False,False,False,False,2022-12-02 15:01:05.579523+00:00,2022-12-02 15:01:05.579523+00:00
1598692361961410561,ukraine-de,True,True,False,False,False,False,False,False,False,False,2022-12-02 15:01:05.579404+00:00,2022-12-02 15:01:05.579404+00:00
1598692395062894592,ukraine-de,True,True,False,False,False,False,False,False,False,False,2022-12-02 15:01:05.579295+00:00,2022-12-02 15:01:05.579295+00:00
1598692416252411906,ukraine-de,True,True,False,False,False,False,False,False,False,False,2022-12-02 15:01:05.579192+00:00,2022-12-02 15:01:05.579192+00:00
1598692426125758464,ukraine-de,True,False,False,False,False,False,False,False,False,False,2022-12-03 11:05:26.643673+00:00,2022-12-03 11:05:26.643673+00:00
1598692448246681601,ukraine-de,True,True,False,False,False,False,False,False,False,False,2022-12-02 15:01:05.579083+00:00,2022-12-02 15:01:05.579083+00:00
1598692457360695297,ukraine-de,True,True,False,False,False,False,False,False,False,False,2022-12-02 15:01:05.578892+00:00,2022-12-02 15:01:05.578892+00:00
1598692488134680577,ukraine-de,True,True,False,False,False,False,False,False,False,False,2022-12-02 15:01:05.578790+00:00,2022-12-02 15:01:05.578790+00:00
1598692505104666626,ukraine-de,True,False,False,False,False,False,False,False,False,False,2022-12-02 19:50:59.836171+00:00,2022-12-02 19:50:59.836171+00:00
1598692505528279044,ukraine-de,True,True,False,False,False,False,False,False,False,False,2022-12-02 15:01:05.578664+00:00,2022-12-02 15:01:05.578664+00:00
1598692515246493696,ukraine-de,True,True,False,False,False,False,False,False,False,False,2022-12-02 15:01:05.578561+00:00,2022-12-02 15:01:05.578561+00:00
1598692539829297155,ukraine-de,True,True,False,False,False,False,False,False,False,False,2022-12-02 15:01:05.578434+00:00,2022-12-02 15:01:05.578434+00:00
1598692543042125825,ukraine-de,True,True,False,False,False,False,False,False,False,False,2022-12-02 15:01:05.578333+00:00,2022-12-02 15:01:05.578333+00:00
1598692570217025536,ukraine-de,True,True,False,False,False,False,False,False,False,False,2022-12-02 15:01:05.578230+00:00,2022-12-02 15:01:05.578230+00:00
1598692593302478848,ukraine-de,True,True,False,False,False,False,False,False,False,False,2022-12-02 15:01:05.578122+00:00,2022-12-02 15:01:05.578122+00:00
1598692604501278724,ukraine-de,True,True,False,False,False,False,False,False,False,False,2022-12-02 15:01:05.577995+00:00,2022-12-02 15:01:05.577995+00:00
1598692613732843522,ukraine-de,True,True,False,False,False,False,False,False,False,False,2022-12-02 15:01:05.577825+00:00,2022-12-02 15:01:05.577825+00:00
1598692624197685249,ukraine-de,True,True,False,False,False,False,False,False,False,False,2022-12-02 15:01:05.577684+00:00,2022-12-02 15:01:05.577684+00:00
1598692659131998208,ukraine-de,True,True,False,False,False,False,False,False,False,False,2022-12-02 15:01:05.577560+00:00,2022-12-02 15:01:05.577560+00:00
1598692702463602689,ukraine-de,True,True,False,False,False,False,False,False,False,False,2022-12-02 15:01:05.577462+00:00,2022-12-02 15:01:05.577462+00:00
1598692726152855552,ukraine-de,True,True,False,False,False,False,False,False,False,False,2022-12-02 15:01:05.577354+00:00,2022-12-02 15:01:05.577354+00:00
1598692732834381830,ukraine-de,True,True,False,False,False,False,False,False,False,False,2022-12-02 15:01:05.577256+00:00,2022-12-02 15:01:05.577256+00:00
1598692738068881408,ukraine-de,True,True,False,False,False,False,False,False,False,False,2022-12-02 15:01:05.577155+00:00,2022-12-02 15:01:05.577155+00:00
1598692745987514369,ukraine-de,True,True,False,False,False,False,False,False,False,False,2022-12-02 15:01:05.577056+00:00,2022-12-02 15:01:05.577056+00:00
1598692753730244608,ukraine-de,True,True,False,False,False,False,False,False,False,False,2022-12-02 15:01:05.576954+00:00,2022-12-02 15:01:05.576954+00:00
1598692770088091648,ukraine-de,True,True,False,False,False,False,False,False,False,False,2022-12-02 15:01:05.576850+00:00,2022-12-02 15:01:05.576850+00:00
1598692855274315776,ukraine-de,True,True,False,False,False,False,False,False,False,False,2022-12-02 15:01:05.576746+00:00,2022-12-02 15:01:05.576746+00:00
1598692859242233856,ukraine-de,True,True,False,False,False,False,False,False,False,False,2022-12-02 15:01:05.576631+00:00,2022-12-02 15:01:05.576631+00:00
1598692859963617280,ukraine-de,True,True,False,False,False,False,False,False,False,False,2022-12-02 15:01:05.576531+00:00,2022-12-02 15:01:05.576531+00:00
1598692866817421313,ukraine-de,True,False,False,False,False,False,False,False,False,False,2022-12-03 01:30:30.086327+00:00,2022-12-03 01:30:30.086327+00:00
1598692868482248704,ukraine-de,True,True,False,False,False,False,False,False,False,False,2022-12-02 15:01:05.576429+00:00,2022-12-02 15:01:05.576429+00:00
1598692888073965569,ukraine-de,True,True,False,False,False,False,False,False,False,False,2022-12-02 15:01:05.576329+00:00,2022-12-02 15:01:05.576329+00:00
1598692895409807361,ukraine-de,True,True,False,False,False,False,False,False,False,False,2022-12-02 15:01:05.576225+00:00,2022-12-02 15:01:05.576225+00:00
1598692918608396288,ukraine-de,True,True,False,False,False,False,False,False,False,False,2022-12-02 15:01:05.576103+00:00,2022-12-02 15:01:05.576103+00:00
1598692989966188544,ukraine-de,True,True,False,False,False,False,False,False,False,False,2022-12-02 15:01:05.575999+00:00,2022-12-02 15:01:05.575999+00:00
1598692995464925184,ukraine-de,True,True,False,False,False,False,False,False,False,False,2022-12-02 15:01:05.575863+00:00,2022-12-02 15:01:05.575863+00:00
1598693050712203271,ukraine-de,True,False,False,False,False,False,False,False,False,False,2022-12-02 19:51:41.485410+00:00,2022-12-02 19:51:41.485410+00:00
1598693091019554816,ukraine-de,True,True,False,False,False,False,False,False,False,False,2022-12-02 15:01:05.575756+00:00,2022-12-02 15:01:05.575756+00:00
1598693098065985539,ukraine-de,True,False,False,False,False,False,False,False,False,False,2022-12-02 19:51:30.194807+00:00,2022-12-02 19:51:30.194807+00:00
1598693119528247297,ukraine-de,True,True,False,False,False,False,False,False,False,False,2022-12-02 15:01:05.575603+00:00,2022-12-02 15:01:05.575603+00:00
1598693122921435139,ukraine-de,True,True,False,False,False,False,False,False,False,False,2022-12-02 15:01:05.575466+00:00,2022-12-02 15:01:05.575466+00:00
1598693123370225666,ukraine-de,True,True,False,False,False,False,False,False,False,False,2022-12-02 15:01:05.575019+00:00,2022-12-02 15:01:05.575019+00:00
1598693125131845634,ukraine-de,True,True,False,False,False,False,False,False,False,False,2022-12-02 15:01:05.574676+00:00,2022-12-02 15:01:05.574676+00:00
1598693130664132609,ukraine-de,True,True,False,False,False,False,False,False,False,False,2022-12-02 15:01:05.574556+00:00,2022-12-02 15:01:05.574556+00:00
1598693148590473216,ukraine-de,True,True,False,False,False,False,False,False,False,False,2022-12-02 15:01:05.574454+00:00,2022-12-02 15:01:05.574454+00:00
1598693152273014784,ukraine-de,True,True,False,False,False,False,False,False,False,False,2022-12-02 15:01:05.574347+00:00,2022-12-02 15:01:05.574347+00:00
1598693159365742592,ukraine-de,True,True,False,False,False,False,False,False,False,False,2022-12-02 15:01:05.574244+00:00,2022-12-02 15:01:05.574244+00:00
1598693170711330816,ukraine-de,True,True,False,False,False,False,False,False,False,False,2022-12-02 15:01:05.574144+00:00,2022-12-02 15:01:05.574144+00:00
1598693174012268544,ukraine-de,True,True,False,False,False,False,False,False,False,False,2022-12-02 15:01:05.574044+00:00,2022-12-02 15:01:05.574044+00:00
1598693175412957187,ukraine-de,True,True,False,False,False,False,False,False,False,False,2022-12-02 15:01:05.573924+00:00,2022-12-02 15:01:05.573924+00:00
1598693203477159936,ukraine-de,True,True,False,False,False,False,False,False,False,False,2022-12-02 15:01:05.573784+00:00,2022-12-02 15:01:05.573784+00:00
1598693224880783363,ukraine-de,True,True,False,False,False,False,False,False,False,False,2022-12-02 15:01:05.573682+00:00,2022-12-02 15:01:05.573682+00:00
1598693252294664192,ukraine-de,True,True,False,False,False,False,False,False,False,False,2022-12-02 15:01:05.573562+00:00,2022-12-02 15:01:05.573562+00:00
1598693252844048384,ukraine-de,True,True,False,False,False,False,False,False,False,False,2022-12-02 15:01:05.573456+00:00,2022-12-02 15:01:05.573456+00:00
1598693274314645504,ukraine-de,True,True,False,False,False,False,False,False,False,False,2022-12-02 15:01:05.573314+00:00,2022-12-02 15:01:05.573314+00:00
1598693274427871232,ukraine-de,True,True,False,False,False,False,False,False,False,False,2022-12-02 15:01:05.573196+00:00,2022-12-02 15:01:05.573196+00:00
1598693286264246273,ukraine-de,True,True,False,False,False,False,False,False,False,False,2022-12-02 15:01:05.573099+00:00,2022-12-02 15:01:05.573099+00:00
1598693293084200961,ukraine-de,True,True,False,False,False,False,False,False,False,False,2022-12-02 15:01:05.573000+00:00,2022-12-02 15:01:05.573000+00:00
1598693300768313345,ukraine-de,True,True,False,False,False,False,False,False,False,False,2022-12-02 15:01:05.572880+00:00,2022-12-02 15:01:05.572880+00:00
1598693343327830019,ukraine-de,True,True,False,False,False,False,False,False,False,False,2022-12-02 15:01:05.572746+00:00,2022-12-02 15:01:05.572746+00:00
1598693343738970113,ukraine-de,True,True,False,False,False,False,False,False,False,False,2022-12-02 15:01:05.572648+00:00,2022-12-02 15:01:05.572648+00:00
1598693344397316096,ukraine-de,True,True,False,False,False,False,False,False,False,False,2022-12-02 15:01:05.572516+00:00,2022-12-02 15:01:05.572516+00:00
1598693379638022146,ukraine-de,True,True,False,False,False,False,False,False,False,False,2022-12-02 15:01:05.572410+00:00,2022-12-02 15:01:05.572410+00:00
1598693384742309888,ukraine-de,True,True,False,False,False,False,False,False,False,False,2022-12-02 15:01:05.572306+00:00,2022-12-02 15:01:05.572306+00:00
1598693388500467712,ukraine-de,True,True,False,False,False,False,False,False,False,False,2022-12-02 15:01:05.572206+00:00,2022-12-02 15:01:05.572206+00:00
1598693413691576325,ukraine-de,True,True,False,False,False,False,False,False,False,False,2022-12-02 15:01:05.572102+00:00,2022-12-02 15:01:05.572102+00:00
1598693419437760515,ukraine-de,True,True,False,False,False,False,False,False,False,False,2022-12-02 15:01:05.571996+00:00,2022-12-02 15:01:05.571996+00:00
1598693425771003905,ukraine-de,True,True,False,False,False,False,False,False,False,False,2022-12-02 15:01:05.571866+00:00,2022-12-02 15:01:05.571866+00:00
1598693427197005824,ukraine-de,True,True,False,False,False,False,False,False,False,False,2022-12-02 15:01:05.571763+00:00,2022-12-02 15:01:05.571763+00:00
1598693428811923456,ukraine-de,True,True,False,False,False,False,False,False,False,False,2022-12-02 15:01:05.571662+00:00,2022-12-02 15:01:05.571662+00:00
1598693428950405120,ukraine-de,True,True,False,False,False,False,False,False,False,False,2022-12-02 15:01:05.571560+00:00,2022-12-02 15:01:05.571560+00:00
1598693429894172673,ukraine-de,True,True,False,False,False,False,False,False,False,False,2022-12-02 15:01:05.571454+00:00,2022-12-02 15:01:05.571454+00:00
1598693438911832064,ukraine-de,True,True,False,False,False,False,False,False,False,False,2022-12-02 15:01:05.571317+00:00,2022-12-02 15:01:05.571317+00:00
1598693475289108481,ukraine-de,True,True,False,False,False,False,False,False,False,False,2022-12-02 15:01:05.571195+00:00,2022-12-02 15:01:05.571195+00:00
1598693482889187330,ukraine-de,True,True,False,False,False,False,False,False,False,False,2022-12-02 15:01:05.571054+00:00,2022-12-02 15:01:05.571054+00:00
1598693486261321728,ukraine-de,True,False,False,False,False,False,False,False,False,False,2022-12-02 19:50:59.834007+00:00,2022-12-02 19:50:59.834007+00:00
1598693490019500035,ukraine-de,True,True,False,False,False,False,False,False,False,False,2022-12-02 15:01:05.570861+00:00,2022-12-02 15:01:05.570861+00:00
1598693511754575873,ukraine-de,True,True,False,False,False,False,False,False,False,False,2022-12-02 15:01:05.570738+00:00,2022-12-02 15:01:05.570738+00:00
1598693636551630848,ukraine-de,True,True,False,False,False,False,False,False,False,False,2022-12-02 15:01:05.570401+00:00,2022-12-02 19:51:41.468638+00:00
1598693690293338117,ukraine-de,True,True,False,False,False,False,False,False,False,False,2022-12-02 19:51:41.468539+00:00,2022-12-02 19:51:41.468539+00:00
1598693713311662083,ukraine-de,True,True,False,False,False,False,False,False,False,False,2022-12-02 19:51:08.490643+00:00,2022-12-02 19:51:41.468440+00:00
1598693713366196225,ukraine-de,True,True,False,False,False,False,False,False,False,False,2022-12-02 19:51:41.468324+00:00,2022-12-02 19:51:41.468324+00:00
1598693726704078849,ukraine-de,True,True,False,False,False,False,False,False,False,False,2022-12-02 19:51:41.468207+00:00,2022-12-02 19:51:41.468207+00:00
1598693746828316673,ukraine-de,True,True,False,False,False,False,False,False,False,False,2022-12-02 19:51:30.203994+00:00,2022-12-02 19:51:41.468090+00:00
1598693749319680001,ukraine-de,True,True,False,False,False,False,False,False,False,False,2022-12-02 19:51:41.467971+00:00,2022-12-02 19:51:41.467971+00:00
1598693767690821634,ukraine-de,True,True,False,False,False,False,False,False,False,False,2022-12-02 19:51:41.467819+00:00,2022-12-02 19:51:41.467819+00:00
1598693783142420480,ukraine-de,True,True,False,False,False,False,False,False,False,False,2022-12-02 19:51:41.467699+00:00,2022-12-02 19:51:41.467699+00:00
1598693790503649282,ukraine-de,True,True,False,False,False,False,False,False,False,False,2022-12-02 19:51:41.467579+00:00,2022-12-02 19:51:41.467579+00:00
1598693791128604679,ukraine-de,True,True,False,False,False,False,False,False,False,False,2022-12-02 19:51:41.467477+00:00,2022-12-02 19:51:41.467477+00:00
1598693805141671937,ukraine-de,True,True,False,False,False,False,False,False,False,False,2022-12-02 19:51:41.467324+00:00,2022-12-02 19:51:41.467324+00:00
1598693825555226625,ukraine-de,True,True,False,False,False,False,False,False,False,False,2022-12-02 19:51:41.467225+00:00,2022-12-02 19:51:41.467225+00:00
1598693829523099649,ukraine-de,True,True,False,False,False,False,False,False,False,False,2022-12-02 19:51:41.467111+00:00,2022-12-02 19:51:41.467111+00:00
1598693848905039874,ukraine-de,True,True,False,False,False,False,False,False,False,False,2022-12-02 19:51:41.467010+00:00,2022-12-02 19:51:41.467010+00:00
1598693851543515136,ukraine-de,True,True,False,False,False,False,False,False,False,False,2022-12-02 19:51:41.466905+00:00,2022-12-02 19:51:41.466905+00:00
1598693870593712128,ukraine-de,True,True,False,False,False,False,False,False,False,False,2022-12-02 19:51:41.466656+00:00,2022-12-02 19:51:41.466656+00:00
1598693883092750336,ukraine-de,True,True,False,False,False,False,False,False,False,False,2022-12-02 19:51:41.466556+00:00,2022-12-02 19:51:41.466556+00:00
1598693929217564673,ukraine-de,True,True,False,False,False,False,False,False,False,False,2022-12-02 19:51:41.466458+00:00,2022-12-02 19:51:41.466458+00:00
1598694007164768256,ukraine-de,True,True,False,False,False,False,False,False,False,False,2022-12-02 19:51:41.466359+00:00,2022-12-02 19:51:41.466359+00:00
1598694019474903040,ukraine-de,True,True,False,False,False,False,False,False,False,False,2022-12-02 19:51:41.466261+00:00,2022-12-02 19:51:41.466261+00:00
1598694031357116417,ukraine-de,True,True,False,False,False,False,False,False,False,False,2022-12-02 19:51:41.466162+00:00,2022-12-02 19:51:41.466162+00:00
1598694036885438466,ukraine-de,True,True,False,False,False,False,False,False,False,False,2022-12-02 19:51:41.466062+00:00,2022-12-02 19:51:41.466062+00:00
1598694058355982337,ukraine-de,True,True,False,False,False,False,False,False,False,False,2022-12-02 19:51:41.465963+00:00,2022-12-02 19:51:41.465963+00:00
1598694112991055873,ukraine-de,True,True,False,False,False,False,False,False,False,False,2022-12-02 19:50:17.510481+00:00,2022-12-02 19:51:41.465862+00:00
1598694115037700096,ukraine-de,True,True,False,False,False,False,False,False,False,False,2022-12-02 19:51:41.465737+00:00,2022-12-02 19:51:41.465737+00:00
1598694128748986371,ukraine-de,True,True,False,False,False,False,False,False,False,False,2022-12-02 19:51:41.465628+00:00,2022-12-02 19:51:41.465628+00:00
1598694130267217920,ukraine-de,True,True,False,False,False,False,False,False,False,False,2022-12-02 19:51:41.465507+00:00,2022-12-02 19:51:41.465507+00:00
1598694160814546947,ukraine-de,True,True,False,False,False,False,False,False,False,False,2022-12-02 19:51:41.465396+00:00,2022-12-02 19:51:41.465396+00:00
1598694173284114433,ukraine-de,True,False,False,False,False,False,False,False,False,False,2022-12-03 11:06:05.457585+00:00,2022-12-03 11:06:05.457585+00:00
1598694176836575232,ukraine-de,True,True,False,False,False,False,False,False,False,False,2022-12-02 19:51:41.465295+00:00,2022-12-02 19:51:41.465295+00:00
1598694178606567427,ukraine-de,True,True,False,False,False,False,False,False,False,False,2022-12-02 19:51:41.465192+00:00,2022-12-02 19:51:41.465192+00:00
1598694185342668801,ukraine-de,True,True,False,False,False,False,False,False,False,False,2022-12-02 19:51:41.465036+00:00,2022-12-02 19:51:41.465036+00:00
1598694199305666563,ukraine-de,True,True,False,False,False,False,False,False,False,False,2022-12-02 19:51:41.464934+00:00,2022-12-02 19:51:41.464934+00:00
1598694249318387712,ukraine-de,True,True,False,False,False,False,False,False,False,False,2022-12-02 19:51:41.464793+00:00,2022-12-02 19:51:41.464793+00:00
1598694266733486080,ukraine-de,True,True,False,False,False,False,False,False,False,False,2022-12-02 19:51:41.464668+00:00,2022-12-02 19:51:41.464668+00:00
1598694271091150850,ukraine-de,True,True,False,False,False,False,False,False,False,False,2022-12-02 19:51:41.464566+00:00,2022-12-02 19:51:41.464566+00:00
1598694271393140738,ukraine-de,True,True,False,False,False,False,False,False,False,False,2022-12-02 19:51:41.464465+00:00,2022-12-02 19:51:41.464465+00:00
1598694273418899456,ukraine-de,True,True,False,False,False,False,False,False,False,False,2022-12-02 19:51:41.464345+00:00,2022-12-02 19:51:41.464345+00:00
1598694323591303174,ukraine-de,True,True,False,False,False,False,False,False,False,False,2022-12-02 19:51:41.464232+00:00,2022-12-02 19:51:41.464232+00:00
1598694345204383750,ukraine-de,True,True,False,False,False,False,False,False,False,False,2022-12-02 19:51:41.464042+00:00,2022-12-02 19:51:41.464042+00:00
1598694351848148992,ukraine-de,True,True,False,False,False,False,False,False,False,False,2022-12-02 19:51:41.463935+00:00,2022-12-02 19:51:41.463935+00:00
1598694359720816647,ukraine-de,True,True,False,False,False,False,False,False,False,False,2022-12-02 19:51:41.463784+00:00,2022-12-02 19:51:41.463784+00:00
1598694363328000001,ukraine-de,True,True,False,False,False,False,False,False,False,False,2022-12-02 19:51:41.463681+00:00,2022-12-02 19:51:41.463681+00:00
1598694368684085248,ukraine-de,True,True,False,False,False,False,False,False,False,False,2022-12-02 19:51:41.463568+00:00,2022-12-02 19:51:41.463568+00:00
1598694372400406542,ukraine-de,True,True,False,False,False,False,False,False,False,False,2022-12-02 19:51:41.463463+00:00,2022-12-02 19:51:41.463463+00:00
1598694375931928577,ukraine-de,True,False,False,False,False,False,False,False,False,False,2022-12-02 19:51:41.474409+00:00,2022-12-02 19:51:41.474409+00:00
1598694376309280768,ukraine-de,True,True,False,False,False,False,False,False,False,False,2022-12-02 19:51:41.463306+00:00,2022-12-02 19:51:41.463306+00:00
1598694379744415745,ukraine-de,True,True,False,False,False,False,False,False,False,False,2022-12-02 19:51:41.463189+00:00,2022-12-02 19:51:41.463189+00:00
1598694386531012608,ukraine-de,True,True,False,False,False,False,False,False,False,False,2022-12-02 19:51:41.463085+00:00,2022-12-02 19:51:41.463085+00:00
1598694403190788101,ukraine-de,True,True,False,False,False,False,False,False,False,False,2022-12-02 19:51:41.462952+00:00,2022-12-02 19:51:41.462952+00:00
1598694406579785728,ukraine-de,True,False,False,False,False,False,False,False,False,False,2022-12-02 19:51:41.484562+00:00,2022-12-02 19:51:41.484562+00:00
1598694431732862977,ukraine-de,True,False,False,False,False,False,False,False,False,False,2022-12-02 19:50:17.516124+00:00,2022-12-02 19:50:17.516124+00:00
1598694486225215488,ukraine-de,True,True,False,False,False,False,False,False,False,False,2022-12-02 19:51:41.462851+00:00,2022-12-02 19:51:41.462851+00:00
1598694488146313222,ukraine-de,True,True,False,False,False,False,False,False,False,False,2022-12-02 19:51:41.462721+00:00,2022-12-02 19:51:41.462721+00:00
1598694492990758916,ukraine-de,True,True,False,False,False,False,False,False,False,False,2022-12-02 19:51:30.196662+00:00,2022-12-02 19:51:41.462620+00:00
1598694519146414088,ukraine-de,True,True,False,False,False,False,False,False,False,False,2022-12-02 19:51:41.462512+00:00,2022-12-02 19:51:41.462512+00:00
1598694520648077313,ukraine-de,True,False,False,False,False,False,False,False,False,False,2022-12-02 19:51:30.194708+00:00,2022-12-02 19:51:30.194708+00:00
1598694579846279170,ukraine-de,True,False,False,False,False,False,False,False,False,False,2022-12-03 11:05:57.680884+00:00,2022-12-03 11:05:57.680884+00:00
1598694604089565184,ukraine-de,True,True,False,False,False,False,False,False,False,False,2022-12-02 19:51:41.462412+00:00,2022-12-02 19:51:41.462412+00:00
1598694605645438976,ukraine-de,True,True,False,False,False,False,False,False,False,False,2022-12-02 19:51:41.462309+00:00,2022-12-02 19:51:41.462309+00:00
1598694608996900867,ukraine-de,True,True,False,False,False,False,False,False,False,False,2022-12-02 19:51:41.462198+00:00,2022-12-02 19:51:41.462198+00:00
1598694610896683008,ukraine-de,True,True,False,False,False,False,False,False,False,False,2022-12-02 19:51:41.461998+00:00,2022-12-02 19:51:41.461998+00:00
1598694616231993344,ukraine-de,True,True,False,False,False,False,False,False,False,False,2022-12-02 19:51:41.461898+00:00,2022-12-02 19:51:41.461898+00:00
1598694641708470272,ukraine-de,True,True,False,False,False,False,False,False,False,False,2022-12-02 19:51:41.461796+00:00,2022-12-02 19:51:41.461796+00:00
1598694652307283972,ukraine-de,True,True,False,False,False,False,False,False,False,False,2022-12-02 19:51:41.461659+00:00,2022-12-02 19:51:41.461659+00:00
1598694656723730432,ukraine-de,True,True,False,False,False,False,False,False,False,False,2022-12-02 19:51:41.461534+00:00,2022-12-02 19:51:41.461534+00:00
1598694661467652096,ukraine-de,True,True,False,False,False,False,False,False,False,False,2022-12-02 19:51:41.461435+00:00,2022-12-02 19:51:41.461435+00:00
1598694684238311424,ukraine-de,True,True,False,False,False,False,False,False,False,False,2022-12-02 19:51:41.461335+00:00,2022-12-02 19:51:41.461335+00:00
1598694689661558785,ukraine-de,True,True,False,False,False,False,False,False,False,False,2022-12-02 19:51:41.461233+00:00,2022-12-02 19:51:41.461233+00:00
1598694696015962112,ukraine-de,True,True,False,False,False,False,False,False,False,False,2022-12-02 19:51:41.461022+00:00,2022-12-02 19:51:41.461022+00:00
1598694716173783042,ukraine-de,True,True,False,False,False,False,False,False,False,False,2022-12-02 19:51:41.460918+00:00,2022-12-02 19:51:41.460918+00:00
1598694729214230535,ukraine-de,True,True,False,False,False,False,False,False,False,False,2022-12-02 19:51:41.460774+00:00,2022-12-02 19:51:41.460774+00:00
1598694755768098816,ukraine-de,True,False,False,False,False,False,False,False,False,False,2022-12-02 19:51:30.200136+00:00,2022-12-02 19:51:30.200136+00:00
1598694764349628416,ukraine-de,True,True,False,False,False,False,False,False,False,False,2022-12-02 19:51:41.460676+00:00,2022-12-02 19:51:41.460676+00:00
1598694787208691712,ukraine-de,True,True,False,False,False,False,False,False,False,False,2022-12-02 19:51:41.460578+00:00,2022-12-02 19:51:41.460578+00:00
1598694807731376129,ukraine-de,True,True,False,False,False,False,False,False,False,False,2022-12-02 19:51:41.460479+00:00,2022-12-02 19:51:41.460479+00:00
1598694808180203523,ukraine-de,True,True,False,False,False,False,False,False,False,False,2022-12-02 19:51:41.460378+00:00,2022-12-02 19:51:41.460378+00:00
1598694837015826433,ukraine-de,True,True,False,False,False,False,False,False,False,False,2022-12-02 19:51:41.460277+00:00,2022-12-02 19:51:41.460277+00:00
1598694839113039872,ukraine-de,True,True,False,False,False,False,False,False,False,False,2022-12-02 19:51:41.460161+00:00,2022-12-02 19:51:41.460161+00:00
1598694851003949057,ukraine-de,True,False,False,False,False,False,False,False,False,False,2022-12-02 19:51:41.481076+00:00,2022-12-02 19:51:41.481076+00:00
1598694855626133511,ukraine-de,True,True,False,False,False,False,False,False,False,False,2022-12-02 19:51:41.460059+00:00,2022-12-02 19:51:41.460059+00:00
1598694888710623239,ukraine-de,True,True,False,False,False,False,False,False,False,False,2022-12-02 19:51:41.459939+00:00,2022-12-02 19:51:41.459939+00:00
1598694967089602561,ukraine-de,True,True,False,False,False,False,False,False,False,False,2022-12-02 19:51:41.459784+00:00,2022-12-02 19:51:41.459784+00:00
1598694971342741504,ukraine-de,True,True,False,False,False,False,False,False,False,False,2022-12-02 19:51:41.459667+00:00,2022-12-02 19:51:41.459667+00:00
1598694981996146688,ukraine-de,True,False,False,False,False,False,False,False,False,False,2022-12-02 19:50:36.516894+00:00,2022-12-02 19:50:36.516894+00:00
1598695000904269827,ukraine-de,True,False,False,False,False,False,False,False,False,False,2022-12-02 19:51:30.190956+00:00,2022-12-02 19:51:30.190956+00:00
1598695005073317889,ukraine-de,True,True,False,False,False,False,False,False,False,False,2022-12-02 19:51:41.459547+00:00,2022-12-02 19:51:41.459547+00:00
1598695006222458880,ukraine-de,True,False,False,False,False,False,False,False,False,False,2022-12-02 19:50:27.690325+00:00,2022-12-02 19:50:27.690325+00:00
1598695019266850818,ukraine-de,True,True,False,False,False,False,False,False,False,False,2022-12-02 19:51:41.459429+00:00,2022-12-02 19:51:41.459429+00:00
1598695048106971137,ukraine-de,True,True,False,False,False,False,False,False,False,False,2022-12-02 19:51:41.459228+00:00,2022-12-02 19:51:41.459228+00:00
1598695054834601986,ukraine-de,True,True,False,False,False,False,False,False,False,False,2022-12-02 19:51:41.459113+00:00,2022-12-02 19:51:41.459113+00:00
1598695074614759425,ukraine-de,True,True,False,False,False,False,False,False,False,False,2022-12-02 19:51:41.459014+00:00,2022-12-02 19:51:41.459014+00:00
1598695100845936640,ukraine-de,True,True,False,False,False,False,False,False,False,False,2022-12-02 19:51:41.458914+00:00,2022-12-02 19:51:41.458914+00:00
1598695121985437700,ukraine-de,True,True,False,False,False,False,False,False,False,False,2022-12-02 19:51:41.458814+00:00,2022-12-02 19:51:41.458814+00:00
1598695124950581248,ukraine-de,True,False,False,False,False,False,False,False,False,False,2022-12-03 01:30:30.085755+00:00,2022-12-03 01:30:30.085755+00:00
1598695134039867392,ukraine-de,True,True,False,False,False,False,False,False,False,False,2022-12-02 19:51:41.458712+00:00,2022-12-02 19:51:41.458712+00:00
1598695137953161216,ukraine-de,True,False,False,False,False,False,False,False,False,False,2022-12-02 19:51:30.194608+00:00,2022-12-02 19:51:30.194608+00:00
1598695141102927872,ukraine-de,True,True,False,False,False,False,False,False,False,False,2022-12-02 19:51:41.458598+00:00,2022-12-02 19:51:41.458598+00:00
1598695199173005312,ukraine-de,True,True,False,False,False,False,False,False,False,False,2022-12-02 19:51:41.458475+00:00,2022-12-02 19:51:41.458475+00:00
1598695215463792642,ukraine-de,True,True,False,False,False,False,False,False,False,False,2022-12-02 19:51:41.458375+00:00,2022-12-02 19:51:41.458375+00:00
1598695232459231233,ukraine-de,True,True,False,False,False,False,False,False,False,False,2022-12-02 19:51:30.201349+00:00,2022-12-02 19:51:41.458260+00:00
1598695235881779201,ukraine-de,True,True,False,False,False,False,False,False,False,False,2022-12-02 19:51:41.458161+00:00,2022-12-02 19:51:41.458161+00:00
1598695239132368899,ukraine-de,True,True,False,False,False,False,False,False,False,False,2022-12-02 19:51:41.458061+00:00,2022-12-02 19:51:41.458061+00:00
1598695239660748801,ukraine-de,True,True,False,False,False,False,False,False,False,False,2022-12-02 19:51:41.457961+00:00,2022-12-02 19:51:41.457961+00:00
1598695240352661504,ukraine-de,True,True,False,False,False,False,False,False,False,False,2022-12-02 19:51:41.457861+00:00,2022-12-02 19:51:41.457861+00:00
1598695267561312262,ukraine-de,True,True,False,False,False,False,False,False,False,False,2022-12-02 19:51:41.457761+00:00,2022-12-02 19:51:41.457761+00:00
1598695271487213568,ukraine-de,True,True,False,False,False,False,False,False,False,False,2022-12-02 19:51:41.457660+00:00,2022-12-02 19:51:41.457660+00:00
1598695288981495808,ukraine-de,True,True,False,False,False,False,False,False,False,False,2022-12-02 19:51:41.457531+00:00,2022-12-02 19:51:41.457531+00:00
1598695334170882048,ukraine-de,True,True,False,False,False,False,False,False,False,False,2022-12-02 19:51:41.457431+00:00,2022-12-02 19:51:41.457431+00:00
1598695341569835008,ukraine-de,True,True,False,False,False,False,False,False,False,False,2022-12-02 19:51:41.457331+00:00,2022-12-02 19:51:41.457331+00:00
1598695343092387843,ukraine-de,True,True,False,False,False,False,False,False,False,False,2022-12-02 19:51:41.457231+00:00,2022-12-02 19:51:41.457231+00:00
1598695345382252544,ukraine-de,True,True,False,False,False,False,False,False,False,False,2022-12-02 19:51:41.457122+00:00,2022-12-02 19:51:41.457122+00:00
1598695360850845696,ukraine-de,True,True,False,False,False,False,False,False,False,False,2022-12-02 19:51:41.456976+00:00,2022-12-02 19:51:41.456976+00:00
1598695367218003969,ukraine-de,True,True,False,False,False,False,False,False,False,False,2022-12-02 19:51:41.456872+00:00,2022-12-02 19:51:41.456872+00:00
1598695386369007616,ukraine-de,True,False,False,False,False,False,False,False,False,False,2022-12-02 19:51:22.125032+00:00,2022-12-02 19:51:22.125032+00:00
1598695388101443587,ukraine-de,True,True,False,False,False,False,False,False,False,False,2022-12-02 19:51:41.456747+00:00,2022-12-02 19:51:41.456747+00:00
1598695405365043200,ukraine-de,True,True,False,False,False,False,False,False,False,False,2022-12-02 19:51:41.456648+00:00,2022-12-02 19:51:41.456648+00:00
1598695413942321152,ukraine-de,True,True,False,False,False,False,False,False,False,False,2022-12-02 19:51:41.456546+00:00,2022-12-02 19:51:41.456546+00:00
1598695429704601601,ukraine-de,True,True,False,False,False,False,False,False,False,False,2022-12-02 19:51:41.456435+00:00,2022-12-02 19:51:41.456435+00:00
1598695449757523969,ukraine-de,True,True,False,False,False,False,False,False,False,False,2022-12-02 19:51:41.456225+00:00,2022-12-02 19:51:41.456225+00:00
1598695464370638855,ukraine-de,True,True,False,False,False,False,False,False,False,False,2022-12-02 19:51:41.456126+00:00,2022-12-02 19:51:41.456126+00:00
1598695475686670336,ukraine-de,True,True,False,False,False,False,False,False,False,False,2022-12-02 19:51:41.456026+00:00,2022-12-02 19:51:41.456026+00:00
1598695486273134597,ukraine-de,True,True,False,False,False,False,False,False,False,False,2022-12-02 19:51:41.455924+00:00,2022-12-02 19:51:41.455924+00:00
1598695496448880641,ukraine-de,True,True,False,False,False,False,False,False,False,False,2022-12-02 19:51:41.455788+00:00,2022-12-02 19:51:41.455788+00:00
1598695507999608833,ukraine-de,True,True,False,False,False,False,False,False,False,False,2022-12-02 19:51:41.455676+00:00,2022-12-02 19:51:41.455676+00:00
1598695541302382592,ukraine-de,True,True,False,False,False,False,False,False,False,False,2022-12-02 19:51:41.455574+00:00,2022-12-02 19:51:41.455574+00:00
1598695545240838144,ukraine-de,True,False,False,False,False,False,False,False,False,False,2022-12-02 19:51:41.483466+00:00,2022-12-02 19:51:41.483466+00:00
1598695555718266881,ukraine-de,True,False,False,False,False,False,False,False,False,False,2022-12-02 19:51:30.202645+00:00,2022-12-02 19:51:30.202645+00:00
1598695557895229440,ukraine-de,True,True,False,False,False,False,False,False,False,False,2022-12-02 19:51:41.455472+00:00,2022-12-02 19:51:41.455472+00:00
1598695567810600960,ukraine-de,True,True,False,False,False,False,False,False,False,False,2022-12-02 19:51:41.455334+00:00,2022-12-02 19:51:41.455334+00:00
1598695576647831552,ukraine-de,True,True,False,False,False,False,False,False,False,False,2022-12-02 19:51:41.455233+00:00,2022-12-02 19:51:41.455233+00:00
1598695625281146880,ukraine-de,True,True,False,False,False,False,False,False,False,False,2022-12-02 19:51:41.455128+00:00,2022-12-02 19:51:41.455128+00:00
1598695642376773634,ukraine-de,True,True,False,False,False,False,False,False,False,False,2022-12-02 19:51:41.454949+00:00,2022-12-02 19:51:41.454949+00:00
1598695647078752256,ukraine-de,True,True,False,False,False,False,False,False,False,False,2022-12-02 19:51:41.454850+00:00,2022-12-02 19:51:41.454850+00:00
1598695655727591426,ukraine-de,True,True,False,False,False,False,False,False,False,False,2022-12-02 19:51:30.205647+00:00,2022-12-02 19:51:41.454750+00:00
1598695677327876102,ukraine-de,True,True,False,False,False,False,False,False,False,False,2022-12-02 19:51:41.454650+00:00,2022-12-02 19:51:41.454650+00:00
1598695686601687040,ukraine-de,True,True,False,False,False,False,False,False,False,False,2022-12-02 19:51:41.454550+00:00,2022-12-02 19:51:41.454550+00:00
1598695699876433921,ukraine-de,True,True,False,False,False,False,False,False,False,False,2022-12-02 19:51:41.454450+00:00,2022-12-02 19:51:41.454450+00:00
1598695713495457797,ukraine-de,True,True,False,False,False,False,False,False,False,False,2022-12-02 19:51:41.454339+00:00,2022-12-02 19:51:41.454339+00:00
1598695717245108224,ukraine-de,True,True,False,False,False,False,False,False,False,False,2022-12-02 19:51:41.454238+00:00,2022-12-02 19:51:41.454238+00:00
1598695721670148097,ukraine-de,True,False,False,False,False,False,False,False,False,False,2022-12-02 22:35:45.786203+00:00,2022-12-02 22:35:45.786203+00:00
1598695748857565188,ukraine-de,True,True,False,False,False,False,False,False,False,False,2022-12-02 19:51:41.454117+00:00,2022-12-02 19:51:41.454117+00:00
1598695769753763843,ukraine-de,True,True,False,False,False,False,False,False,False,False,2022-12-02 19:51:41.453987+00:00,2022-12-02 19:51:41.453987+00:00
1598695799785156609,ukraine-de,True,True,False,False,False,False,False,False,False,False,2022-12-02 19:51:41.453884+00:00,2022-12-02 19:51:41.453884+00:00
1598695812246257666,ukraine-de,True,True,False,False,False,False,False,False,False,False,2022-12-02 19:51:41.453780+00:00,2022-12-02 19:51:41.453780+00:00
1598695846408757250,ukraine-de,True,False,False,False,False,False,False,False,False,False,2022-12-02 19:50:59.819916+00:00,2022-12-02 19:50:59.819916+00:00
1598695854612815873,ukraine-de,True,True,False,False,False,False,False,False,False,False,2022-12-02 19:51:41.453565+00:00,2022-12-02 19:51:41.453565+00:00
1598695859239133186,ukraine-de,True,True,False,False,False,False,False,False,False,False,2022-12-02 19:51:41.453452+00:00,2022-12-02 19:51:41.453452+00:00
1598695867887796224,ukraine-de,True,True,False,False,False,False,False,False,False,False,2022-12-02 19:51:41.453347+00:00,2022-12-02 19:51:41.453347+00:00
1598695872711299075,ukraine-de,True,True,False,False,False,False,False,False,False,False,2022-12-02 19:51:41.453219+00:00,2022-12-02 19:51:41.453219+00:00
1598695887173058560,ukraine-de,True,True,False,False,False,False,False,False,False,False,2022-12-02 19:51:41.452991+00:00,2022-12-02 19:51:41.452991+00:00
1598695932022861824,ukraine-de,True,True,False,False,False,False,False,False,False,False,2022-12-02 19:51:41.452827+00:00,2022-12-02 19:51:41.452827+00:00
1598695938507186176,ukraine-de,True,True,False,False,False,False,False,False,False,False,2022-12-02 19:51:41.452677+00:00,2022-12-02 19:51:41.452677+00:00
1598695984690782209,ukraine-de,True,True,False,False,False,False,False,False,False,False,2022-12-02 19:51:41.452458+00:00,2022-12-02 19:51:41.452458+00:00
1598695997940854784,ukraine-de,True,True,False,False,False,False,False,False,False,False,2022-12-02 19:51:41.452360+00:00,2022-12-02 19:51:41.452360+00:00
1598696017028796416,ukraine-de,True,True,False,False,False,False,False,False,False,False,2022-12-02 19:51:41.452246+00:00,2022-12-02 19:51:41.452246+00:00
1598696054404308993,ukraine-de,True,True,False,False,False,False,False,False,False,False,2022-12-02 19:51:41.452118+00:00,2022-12-02 19:51:41.452118+00:00
1598696055540830208,ukraine-de,True,True,False,False,False,False,False,False,False,False,2022-12-02 19:51:41.452005+00:00,2022-12-02 19:51:41.452005+00:00
1598696068933308416,ukraine-de,True,True,False,False,False,False,False,False,False,False,2022-12-02 19:51:41.451896+00:00,2022-12-02 19:51:41.451896+00:00
1598696089355534336,ukraine-de,True,True,False,False,False,False,False,False,False,False,2022-12-02 19:51:41.451746+00:00,2022-12-02 19:51:41.451746+00:00
1598696105113288704,ukraine-de,True,True,False,False,False,False,False,False,False,False,2022-12-02 19:51:41.451625+00:00,2022-12-02 19:51:41.451625+00:00
1598696132443529217,ukraine-de,True,True,False,False,False,False,False,False,False,False,2022-12-02 19:51:41.451498+00:00,2022-12-02 19:51:41.451498+00:00
1598696142488870912,ukraine-de,True,True,False,False,False,False,False,False,False,False,2022-12-02 19:51:41.451335+00:00,2022-12-02 19:51:41.451335+00:00
1598696144661528577,ukraine-de,True,True,False,False,False,False,False,False,False,False,2022-12-02 19:51:41.451196+00:00,2022-12-02 19:51:41.451196+00:00
1598696153972809728,ukraine-de,True,True,False,False,False,False,False,False,False,False,2022-12-02 19:51:30.196553+00:00,2022-12-02 19:51:41.450638+00:00
1598696174042636297,ukraine-de,True,False,False,False,False,False,False,False,False,False,2022-12-02 19:51:41.472677+00:00,2022-12-02 19:51:41.472677+00:00
1598696191939776513,ukraine-de,True,True,False,False,False,False,False,False,False,False,2022-12-02 19:51:41.450294+00:00,2022-12-02 19:51:41.450294+00:00
1598696194129149952,ukraine-de,True,True,False,False,False,False,False,False,False,False,2022-12-02 19:51:41.450192+00:00,2022-12-02 19:51:41.450192+00:00
1598696214723235840,ukraine-de,True,True,False,False,False,False,False,False,False,False,2022-12-02 19:51:41.450090+00:00,2022-12-02 19:51:41.450090+00:00
1598696262882164736,ukraine-de,True,True,False,False,False,False,False,False,False,False,2022-12-02 19:50:27.668768+00:00,2022-12-02 19:51:41.449980+00:00
1598696264417386496,ukraine-de,True,True,False,False,False,False,False,False,False,False,2022-12-02 19:51:41.449871+00:00,2022-12-02 19:51:41.449871+00:00
1598696273246396419,ukraine-de,True,False,False,False,False,False,False,False,False,False,2022-12-02 19:51:41.482238+00:00,2022-12-02 19:51:41.482238+00:00
1598696292515205120,ukraine-de,True,True,False,False,False,False,False,False,False,False,2022-12-02 19:51:41.449770+00:00,2022-12-02 19:51:41.449770+00:00
1598696304615608321,ukraine-de,True,True,False,False,False,False,False,False,False,False,2022-12-02 19:51:41.449649+00:00,2022-12-02 19:51:41.449649+00:00
1598696312639291398,ukraine-de,True,True,False,False,False,False,False,False,False,False,2022-12-02 19:51:41.449523+00:00,2022-12-02 19:51:41.449523+00:00
1598696320285507584,ukraine-de,True,True,False,False,False,False,False,False,False,False,2022-12-02 19:51:41.449419+00:00,2022-12-02 19:51:41.449419+00:00
1598696362161319936,ukraine-de,True,True,False,False,False,False,False,False,False,False,2022-12-02 19:51:41.449304+00:00,2022-12-02 19:51:41.449304+00:00
1598696369467920387,ukraine-de,True,True,False,False,False,False,False,False,False,False,2022-12-02 19:51:41.449193+00:00,2022-12-02 19:51:41.449193+00:00
1598696404225953792,ukraine-de,True,True,False,False,False,False,False,False,False,False,2022-12-02 19:51:41.448993+00:00,2022-12-02 19:51:41.448993+00:00
1598696411813408768,ukraine-de,True,True,False,False,False,False,False,False,False,False,2022-12-02 19:51:41.448815+00:00,2022-12-02 19:51:41.448815+00:00
1598696420562898944,ukraine-de,True,True,False,False,False,False,False,False,False,False,2022-12-02 19:51:41.448526+00:00,2022-12-02 19:51:41.448526+00:00
1598696463843958785,ukraine-de,True,False,False,False,False,False,False,False,False,False,2022-12-02 19:51:08.486011+00:00,2022-12-02 19:51:08.486011+00:00
1598696471603314691,ukraine-de,True,True,False,False,False,False,False,False,False,False,2022-12-02 19:51:41.448040+00:00,2022-12-02 19:51:41.448040+00:00
1598696475923554304,ukraine-de,True,True,False,False,False,False,False,False,False,False,2022-12-02 19:51:41.447941+00:00,2022-12-02 19:51:41.447941+00:00
1598696479895478274,ukraine-de,True,True,False,False,False,False,False,False,False,False,2022-12-02 19:51:41.447842+00:00,2022-12-02 19:51:41.447842+00:00
1598696486920921091,ukraine-de,True,True,False,False,False,False,False,False,False,False,2022-12-02 19:51:41.447742+00:00,2022-12-02 19:51:41.447742+00:00
1598696498891436032,ukraine-de,True,True,False,False,False,False,False,False,False,False,2022-12-02 19:51:41.447642+00:00,2022-12-02 19:51:41.447642+00:00
1598696499939942400,ukraine-de,True,False,False,False,False,False,False,False,False,False,2022-12-02 19:50:59.819355+00:00,2022-12-02 19:50:59.819355+00:00
1598696501768642560,ukraine-de,True,True,False,False,False,False,False,False,False,False,2022-12-02 19:51:41.447541+00:00,2022-12-02 19:51:41.447541+00:00
1598696525160407041,ukraine-de,True,True,False,False,False,False,False,False,False,False,2022-12-02 19:51:41.447436+00:00,2022-12-02 19:51:41.447436+00:00
1598696525965643776,ukraine-de,True,True,False,False,False,False,False,False,False,False,2022-12-02 19:51:41.447300+00:00,2022-12-02 19:51:41.447300+00:00
1598696568575623168,ukraine-de,True,True,False,False,False,False,False,False,False,False,2022-12-02 19:51:41.447196+00:00,2022-12-02 19:51:41.447196+00:00
1598696572274941952,ukraine-de,True,True,False,False,False,False,False,False,False,False,2022-12-02 19:51:41.447081+00:00,2022-12-02 19:51:41.447081+00:00
1598696572489023490,ukraine-de,True,True,False,False,False,False,False,False,False,False,2022-12-02 19:51:41.446771+00:00,2022-12-02 19:51:41.446771+00:00
1598696592047054848,ukraine-de,True,True,False,False,False,False,False,False,False,False,2022-12-02 19:51:41.446672+00:00,2022-12-02 19:51:41.446672+00:00
1598696617334476803,ukraine-de,True,True,False,False,False,False,False,False,False,False,2022-12-02 19:51:41.446573+00:00,2022-12-02 19:51:41.446573+00:00
1598696625236766724,ukraine-de,True,True,False,False,False,False,False,False,False,False,2022-12-02 19:51:41.446474+00:00,2022-12-02 19:51:41.446474+00:00
1598696651425972225,ukraine-de,True,True,False,False,False,False,False,False,False,False,2022-12-02 19:51:41.446377+00:00,2022-12-02 19:51:41.446377+00:00
1598696661340983297,ukraine-de,True,True,False,False,False,False,False,False,False,False,2022-12-02 19:51:41.446278+00:00,2022-12-02 19:51:41.446278+00:00
1598696682841063425,ukraine-de,True,True,False,False,False,False,False,False,False,False,2022-12-02 19:51:41.446180+00:00,2022-12-02 19:51:41.446180+00:00
1598696689493282819,ukraine-de,True,True,False,False,False,False,False,False,False,False,2022-12-02 19:51:41.446080+00:00,2022-12-02 19:51:41.446080+00:00
1598696701212205057,ukraine-de,True,True,False,False,False,False,False,False,False,False,2022-12-02 19:51:41.445972+00:00,2022-12-02 19:51:41.445972+00:00
1598696702940270592,ukraine-de,True,True,False,False,False,False,False,False,False,False,2022-12-02 19:51:41.445874+00:00,2022-12-02 19:51:41.445874+00:00
1598696719134228480,ukraine-de,True,False,False,False,False,False,False,False,False,False,2022-12-02 19:51:08.477110+00:00,2022-12-02 19:51:08.477110+00:00
1598696723144232962,ukraine-de,True,True,False,False,False,False,False,False,False,False,2022-12-02 19:51:41.445774+00:00,2022-12-02 19:51:41.445774+00:00
1598696729376968704,ukraine-de,True,False,False,False,False,False,False,False,False,False,2022-12-02 19:51:41.479064+00:00,2022-12-02 19:51:41.479064+00:00
1598696754047696897,ukraine-de,True,True,False,False,False,False,False,False,False,False,2022-12-02 19:51:41.445671+00:00,2022-12-02 19:51:41.445671+00:00
1598696774759337987,ukraine-de,True,False,False,False,False,False,False,False,False,False,2022-12-02 19:51:41.470770+00:00,2022-12-02 19:51:41.470770+00:00
1598696785152659456,ukraine-de,True,True,False,False,False,False,False,False,False,False,2022-12-02 19:51:41.445541+00:00,2022-12-02 19:51:41.445541+00:00
1598696804228292609,ukraine-de,True,True,False,False,False,False,False,False,False,False,2022-12-02 19:51:41.445440+00:00,2022-12-02 19:51:41.445440+00:00
1598696807206473734,ukraine-de,True,True,False,False,False,False,False,False,False,False,2022-12-02 19:51:41.445336+00:00,2022-12-02 19:51:41.445336+00:00
1598696810251538432,ukraine-de,True,True,False,False,False,False,False,False,False,False,2022-12-02 19:51:30.203482+00:00,2022-12-02 19:51:41.445224+00:00
1598696810364555264,ukraine-de,True,True,False,False,False,False,False,False,False,False,2022-12-02 19:51:41.444987+00:00,2022-12-02 19:51:41.444987+00:00
1598696816824008705,ukraine-de,True,True,False,False,False,False,False,False,False,False,2022-12-02 19:51:41.444816+00:00,2022-12-02 19:51:41.444816+00:00
1598696818480586754,ukraine-de,True,True,False,False,False,False,False,False,False,False,2022-12-02 19:51:41.444714+00:00,2022-12-02 19:51:41.444714+00:00
1598696841239044096,ukraine-de,True,False,False,False,False,False,False,False,False,False,2022-12-02 19:51:41.476362+00:00,2022-12-02 19:51:41.476362+00:00
1598696849367478272,ukraine-de,True,True,False,False,False,False,False,False,False,False,2022-12-02 19:51:41.444599+00:00,2022-12-02 19:51:41.444599+00:00
1598696860541067265,ukraine-de,True,True,False,False,False,False,False,False,False,False,2022-12-02 19:51:41.444482+00:00,2022-12-02 19:51:41.444482+00:00
1598696863275810816,ukraine-de,True,True,False,False,False,False,False,False,False,False,2022-12-02 19:51:41.444384+00:00,2022-12-02 19:51:41.444384+00:00
1598696864357892096,ukraine-de,True,True,False,False,False,False,False,False,False,False,2022-12-02 19:51:41.444286+00:00,2022-12-02 19:51:41.444286+00:00
1598696875863019527,ukraine-de,True,True,False,False,False,False,False,False,False,False,2022-12-02 19:51:41.444188+00:00,2022-12-02 19:51:41.444188+00:00
1598696902769393666,ukraine-de,True,True,False,False,False,False,False,False,False,False,2022-12-02 19:51:41.444089+00:00,2022-12-02 19:51:41.444089+00:00
1598696913745895428,ukraine-de,True,True,False,False,False,False,False,False,False,False,2022-12-02 19:51:41.443990+00:00,2022-12-02 19:51:41.443990+00:00
1598696966615191552,ukraine-de,True,False,False,False,False,False,False,False,False,False,2022-12-03 01:30:18.809143+00:00,2022-12-03 01:30:18.809143+00:00
1598697010147708928,ukraine-de,True,True,False,False,False,False,False,False,False,False,2022-12-02 19:51:41.443876+00:00,2022-12-02 19:51:41.443876+00:00
1598697026568351746,ukraine-de,True,True,False,False,False,False,False,False,False,False,2022-12-02 19:51:41.443775+00:00,2022-12-02 19:51:41.443775+00:00
1598697032155205633,ukraine-de,True,True,False,False,False,False,False,False,False,False,2022-12-02 19:51:41.443660+00:00,2022-12-02 19:51:41.443660+00:00
1598697041957457921,ukraine-de,True,True,False,False,False,False,False,False,False,False,2022-12-02 19:51:41.443544+00:00,2022-12-02 19:51:41.443544+00:00
1598697108760043520,ukraine-de,True,True,False,False,False,False,False,False,False,False,2022-12-02 19:51:41.443438+00:00,2022-12-02 19:51:41.443438+00:00
1598697128339001344,ukraine-de,True,True,False,False,False,False,False,False,False,False,2022-12-02 19:51:41.443339+00:00,2022-12-02 19:51:41.443339+00:00
1598697151495917568,ukraine-de,True,False,False,False,False,False,False,False,False,False,2022-12-02 19:51:41.476047+00:00,2022-12-02 19:51:41.476047+00:00
1598697181959053313,ukraine-de,True,True,False,False,False,False,False,False,False,False,2022-12-02 19:51:41.443242+00:00,2022-12-02 19:51:41.443242+00:00
1598697187235360768,ukraine-de,True,True,False,False,False,False,False,False,False,False,2022-12-02 19:51:41.443145+00:00,2022-12-02 19:51:41.443145+00:00
1598697217279201282,ukraine-de,True,True,False,False,False,False,False,False,False,False,2022-12-02 19:51:41.443047+00:00,2022-12-02 19:51:41.443047+00:00
1598697268047060992,ukraine-de,True,True,False,False,False,False,False,False,False,False,2022-12-02 19:51:41.442948+00:00,2022-12-02 19:51:41.442948+00:00
1598697270345715713,ukraine-de,True,True,False,False,False,False,False,False,False,False,2022-12-02 19:51:41.442840+00:00,2022-12-02 19:51:41.442840+00:00
1598697311940534275,ukraine-de,True,True,False,False,False,False,False,False,False,False,2022-12-02 19:51:41.442731+00:00,2022-12-02 19:51:41.442731+00:00
1598697343301320704,ukraine-de,True,True,False,False,False,False,False,False,False,False,2022-12-02 19:51:41.442622+00:00,2022-12-02 19:51:41.442622+00:00
1598697380794318850,ukraine-de,True,True,False,False,False,False,False,False,False,False,2022-12-02 19:51:41.442524+00:00,2022-12-02 19:51:41.442524+00:00
1598697410095566849,ukraine-de,True,True,False,False,False,False,False,False,False,False,2022-12-02 19:51:41.442425+00:00,2022-12-02 19:51:41.442425+00:00
1598697410309410816,ukraine-de,True,True,False,False,False,False,False,False,False,False,2022-12-02 19:51:41.442324+00:00,2022-12-02 19:51:41.442324+00:00
1598697413861994497,ukraine-de,True,True,False,False,False,False,False,False,False,False,2022-12-02 19:51:41.442217+00:00,2022-12-02 19:51:41.442217+00:00
1598697424343556097,ukraine-de,True,True,False,False,False,False,False,False,False,False,2022-12-02 19:51:41.442117+00:00,2022-12-02 19:51:41.442117+00:00
1598697437996077056,ukraine-de,True,True,False,False,False,False,False,False,False,False,2022-12-02 19:51:22.130580+00:00,2022-12-02 19:51:41.442015+00:00
1598697441087217666,ukraine-de,True,True,False,False,False,False,False,False,False,False,2022-12-02 19:51:41.441914+00:00,2022-12-02 19:51:41.441914+00:00
1598697499497111553,ukraine-de,True,True,False,False,False,False,False,False,False,False,2022-12-02 19:51:41.441797+00:00,2022-12-02 19:51:41.441797+00:00
1598697501128728576,ukraine-de,True,True,False,False,False,False,False,False,False,False,2022-12-02 19:51:41.441695+00:00,2022-12-02 19:51:41.441695+00:00
1598697505549651971,ukraine-de,True,True,False,False,False,False,False,False,False,False,2022-12-02 19:51:41.441560+00:00,2022-12-02 19:51:41.441560+00:00
1598697523970965510,ukraine-de,True,True,False,False,False,False,False,False,False,False,2022-12-02 19:51:41.441447+00:00,2022-12-02 19:51:41.441447+00:00
1598697533089406977,ukraine-de,True,True,False,False,False,False,False,False,False,False,2022-12-02 19:51:41.441329+00:00,2022-12-02 19:51:41.441329+00:00
1598697555919003653,ukraine-de,True,True,False,False,False,False,False,False,False,False,2022-12-02 19:51:41.441189+00:00,2022-12-02 19:51:41.441189+00:00
1598697558066581504,ukraine-de,True,True,False,False,False,False,False,False,False,False,2022-12-02 19:51:41.440954+00:00,2022-12-02 19:51:41.440954+00:00
1598697584700399620,ukraine-de,True,True,False,False,False,False,False,False,False,False,2022-12-02 19:51:41.440784+00:00,2022-12-02 19:51:41.440784+00:00
1598697593290346497,ukraine-de,True,True,False,False,False,False,False,False,False,False,2022-12-02 19:51:41.440686+00:00,2022-12-02 19:51:41.440686+00:00
1598697610763649024,ukraine-de,True,True,False,False,False,False,False,False,False,False,2022-12-02 19:51:41.440586+00:00,2022-12-02 19:51:41.440586+00:00
1598697614018494464,ukraine-de,True,True,False,False,False,False,False,False,False,False,2022-12-02 19:51:41.440470+00:00,2022-12-02 19:51:41.440470+00:00
1598697617005121536,ukraine-de,True,True,False,False,False,False,False,False,False,False,2022-12-02 19:51:41.440372+00:00,2022-12-02 19:51:41.440372+00:00
1598697636797841410,ukraine-de,True,True,False,False,False,False,False,False,False,False,2022-12-02 19:51:30.195653+00:00,2022-12-02 19:51:41.440273+00:00
1598697649535913986,ukraine-de,True,False,False,False,False,False,False,False,False,False,2022-12-02 19:51:41.473095+00:00,2022-12-02 19:51:41.473095+00:00
1598697650026647552,ukraine-de,True,True,False,False,False,False,False,False,False,False,2022-12-02 19:51:41.440174+00:00,2022-12-02 19:51:41.440174+00:00
1598697680980557824,ukraine-de,True,True,False,False,False,False,False,False,False,False,2022-12-02 19:51:41.440076+00:00,2022-12-02 19:51:41.440076+00:00
1598697689579159553,ukraine-de,True,True,False,False,False,False,False,False,False,False,2022-12-02 19:51:41.439976+00:00,2022-12-02 19:51:41.439976+00:00
1598697710638571520,ukraine-de,True,True,False,False,False,False,False,False,False,False,2022-12-02 19:51:41.439877+00:00,2022-12-02 19:51:41.439877+00:00
1598697720998465536,ukraine-de,True,False,False,False,False,False,False,False,False,False,2022-12-02 19:51:41.471460+00:00,2022-12-02 19:51:41.471460+00:00
1598697749641248768,ukraine-de,True,True,False,False,False,False,False,False,False,False,2022-12-02 19:51:41.439775+00:00,2022-12-02 19:51:41.439775+00:00
1598697757207846912,ukraine-de,True,False,False,False,False,False,False,False,False,False,2022-12-02 19:51:41.471995+00:00,2022-12-02 19:51:41.471995+00:00
1598697758075985922,ukraine-de,True,True,False,False,False,False,False,False,False,False,2022-12-02 19:51:41.439676+00:00,2022-12-02 19:51:41.439676+00:00
1598697758667546624,ukraine-de,True,True,False,False,False,False,False,False,False,False,2022-12-02 19:51:41.439567+00:00,2022-12-02 19:51:41.439567+00:00
1598697772072325120,ukraine-de,True,False,False,False,False,False,False,False,False,False,2022-12-03 01:30:18.823437+00:00,2022-12-03 01:30:18.823437+00:00
1598697775146975237,ukraine-de,True,True,False,False,False,False,False,False,False,False,2022-12-02 19:51:41.439462+00:00,2022-12-02 19:51:41.439462+00:00
1598697777189384193,ukraine-de,True,True,False,False,False,False,False,False,False,False,2022-12-02 19:51:41.439360+00:00,2022-12-02 19:51:41.439360+00:00
1598697822618095617,ukraine-de,True,True,False,False,False,False,False,False,False,False,2022-12-02 19:51:41.439251+00:00,2022-12-02 19:51:41.439251+00:00
1598697846219444226,ukraine-de,True,True,False,False,False,False,False,False,False,False,2022-12-02 19:51:41.439149+00:00,2022-12-02 19:51:41.439149+00:00
1598697867257839616,ukraine-de,True,True,False,False,False,False,False,False,False,False,2022-12-02 19:51:30.188354+00:00,2022-12-02 19:51:41.439048+00:00
1598697873230675968,ukraine-de,True,True,False,False,False,False,False,False,False,False,2022-12-02 19:51:41.438933+00:00,2022-12-02 19:51:41.438933+00:00
1598697916020957197,ukraine-de,True,True,False,False,False,False,False,False,False,False,2022-12-02 19:51:41.438829+00:00,2022-12-02 19:51:41.438829+00:00
1598697918634000385,ukraine-de,True,True,False,False,False,False,False,False,False,False,2022-12-02 19:51:41.438715+00:00,2022-12-02 19:51:41.438715+00:00
1598697925596561408,ukraine-de,True,True,False,False,False,False,False,False,False,False,2022-12-02 19:50:17.520433+00:00,2022-12-02 19:51:41.438612+00:00
1598697958668632065,ukraine-de,True,True,False,False,False,False,False,False,False,False,2022-12-02 19:51:41.438495+00:00,2022-12-02 19:51:41.438495+00:00
1598697985906548737,ukraine-de,True,True,False,False,False,False,False,False,False,False,2022-12-02 19:51:41.438394+00:00,2022-12-02 19:51:41.438394+00:00
1598697988129320960,ukraine-de,True,True,False,False,False,False,False,False,False,False,2022-12-02 19:51:41.438293+00:00,2022-12-02 19:51:41.438293+00:00
1598698005422641153,ukraine-de,True,False,False,False,False,False,False,False,False,False,2022-12-02 19:51:41.476566+00:00,2022-12-02 19:51:41.476566+00:00
1598698035499892741,ukraine-de,True,True,False,False,False,False,False,False,False,False,2022-12-02 19:51:41.438192+00:00,2022-12-02 19:51:41.438192+00:00
1598698115917565952,ukraine-de,True,True,False,False,False,False,False,False,False,False,2022-12-02 19:51:41.438091+00:00,2022-12-02 19:51:41.438091+00:00
1598698123961909248,ukraine-de,True,True,False,False,False,False,False,False,False,False,2022-12-02 19:51:41.437990+00:00,2022-12-02 19:51:41.437990+00:00
1598698145935810560,ukraine-de,True,True,False,False,False,False,False,False,False,False,2022-12-02 19:51:41.437871+00:00,2022-12-02 19:51:41.437871+00:00
1598698158531481602,ukraine-de,True,True,False,False,False,False,False,False,False,False,2022-12-02 19:51:41.437768+00:00,2022-12-02 19:51:41.437768+00:00
1598698160678846464,ukraine-de,True,True,False,False,False,False,False,False,False,False,2022-12-02 19:51:41.437630+00:00,2022-12-02 19:51:41.437630+00:00
1598698201716064256,ukraine-de,True,False,False,False,False,False,False,False,False,False,2022-12-03 01:30:18.802475+00:00,2022-12-03 01:30:18.802475+00:00
1598698243071672320,ukraine-de,True,True,False,False,False,False,False,False,False,False,2022-12-02 19:51:41.437508+00:00,2022-12-02 19:51:41.437508+00:00
1598698295123013632,ukraine-de,True,True,False,False,False,False,False,False,False,False,2022-12-02 19:51:41.437407+00:00,2022-12-02 19:51:41.437407+00:00
1598698334440529920,ukraine-de,True,True,False,False,False,False,False,False,False,False,2022-12-02 19:51:41.437303+00:00,2022-12-02 19:51:41.437303+00:00
1598698338475540481,ukraine-de,True,True,False,False,False,False,False,False,False,False,2022-12-02 19:51:41.437180+00:00,2022-12-02 19:51:41.437180+00:00
1598698402144845829,ukraine-de,True,False,False,False,False,False,False,False,False,False,2022-12-02 19:51:30.201148+00:00,2022-12-02 19:51:30.201148+00:00
1598698412098158602,ukraine-de,True,False,False,False,False,False,False,False,False,False,2022-12-02 19:51:30.200838+00:00,2022-12-02 19:51:30.200838+00:00
1598698424366673920,ukraine-de,True,True,False,False,False,False,False,False,False,False,2022-12-02 19:51:30.198232+00:00,2022-12-02 19:51:41.436942+00:00
1598698444176199684,ukraine-de,True,True,False,False,False,False,False,False,False,False,2022-12-02 19:51:41.436763+00:00,2022-12-02 19:51:41.436763+00:00
1598698451755307010,ukraine-de,True,True,False,False,False,False,False,False,False,False,2022-12-02 19:51:41.436663+00:00,2022-12-02 19:51:41.436663+00:00
1598698519509860353,ukraine-de,True,True,False,False,False,False,False,False,False,False,2022-12-02 19:51:41.436562+00:00,2022-12-02 19:51:41.436562+00:00
1598698521284071424,ukraine-de,True,True,False,False,False,False,False,False,False,False,2022-12-02 19:50:17.522563+00:00,2022-12-02 19:51:41.436460+00:00
1598698522890616832,ukraine-de,True,True,False,False,False,False,False,False,False,False,2022-12-02 19:51:41.436345+00:00,2022-12-02 19:51:41.436345+00:00
1598698523574226944,ukraine-de,True,True,False,False,False,False,False,False,False,False,2022-12-02 19:51:41.436237+00:00,2022-12-02 19:51:41.436237+00:00
1598698543375589379,ukraine-de,True,True,False,False,False,False,False,False,False,False,2022-12-02 19:51:41.436137+00:00,2022-12-02 19:51:41.436137+00:00
1598698652087816193,ukraine-de,True,True,False,False,False,False,False,False,False,False,2022-12-02 19:51:41.436023+00:00,2022-12-02 19:51:41.436023+00:00
1598698706630545411,ukraine-de,True,False,False,False,False,False,False,False,False,False,2022-12-03 11:05:26.615949+00:00,2022-12-03 11:05:26.615949+00:00
1598698707511218176,ukraine-de,True,True,False,False,False,False,False,False,False,False,2022-12-02 19:50:17.508337+00:00,2022-12-02 19:51:41.435904+00:00
1598698742164738048,ukraine-de,True,True,False,False,False,False,False,False,False,False,2022-12-02 19:51:41.435789+00:00,2022-12-02 19:51:41.435789+00:00
1598698774045417473,ukraine-de,True,True,False,False,False,False,False,False,False,False,2022-12-02 19:51:41.435684+00:00,2022-12-02 19:51:41.435684+00:00
1598698786213302278,ukraine-de,True,True,False,False,False,False,False,False,False,False,2022-12-02 19:51:41.435560+00:00,2022-12-02 19:51:41.435560+00:00
1598698801161768960,ukraine-de,True,True,False,False,False,False,False,False,False,False,2022-12-02 19:51:41.435420+00:00,2022-12-02 19:51:41.435420+00:00
1598698834246307841,ukraine-de,True,True,False,False,False,False,False,False,False,False,2022-12-02 19:51:41.435252+00:00,2022-12-02 19:51:41.435252+00:00
1598698835123077125,ukraine-de,True,True,False,False,False,False,False,False,False,False,2022-12-02 19:51:41.435130+00:00,2022-12-02 19:51:41.435130+00:00
1598698859001253894,ukraine-de,True,True,False,False,False,False,False,False,False,False,2022-12-02 19:51:41.433851+00:00,2022-12-02 19:51:41.433851+00:00
1598698862125805568,ukraine-de,True,True,False,False,False,False,False,False,False,False,2022-12-02 19:51:41.433750+00:00,2022-12-02 19:51:41.433750+00:00
1598698899429937152,ukraine-de,True,True,False,False,False,False,False,False,False,False,2022-12-02 19:51:41.433648+00:00,2022-12-02 19:51:41.433648+00:00
1598698915024494594,ukraine-de,True,True,False,False,False,False,False,False,False,False,2022-12-02 19:51:41.433522+00:00,2022-12-02 19:51:41.433522+00:00
1598698924553797634,ukraine-de,True,True,False,False,False,False,False,False,False,False,2022-12-02 19:51:41.433423+00:00,2022-12-02 19:51:41.433423+00:00
1598698932124585984,ukraine-de,True,True,False,False,False,False,False,False,False,False,2022-12-02 19:51:41.433322+00:00,2022-12-02 19:51:41.433322+00:00
1598698989033066496,ukraine-de,True,True,False,False,False,False,False,False,False,False,2022-12-02 19:51:41.433214+00:00,2022-12-02 19:51:41.433214+00:00
1598699037451964416,ukraine-de,True,True,False,False,False,False,False,False,False,False,2022-12-02 19:51:41.432992+00:00,2022-12-02 19:51:41.432992+00:00
1598699037510848515,ukraine-de,True,True,False,False,False,False,False,False,False,False,2022-12-02 19:51:41.432893+00:00,2022-12-02 19:51:41.432893+00:00
1598699041948213249,ukraine-de,True,True,False,False,False,False,False,False,False,False,2022-12-02 19:51:41.432793+00:00,2022-12-02 19:51:41.432793+00:00
1598699050492116998,ukraine-de,True,True,False,False,False,False,False,False,False,False,2022-12-02 19:51:41.432692+00:00,2022-12-02 19:51:41.432692+00:00
1598699060541521922,ukraine-de,True,True,False,False,False,False,False,False,False,False,2022-12-02 19:51:41.432589+00:00,2022-12-02 19:51:41.432589+00:00
1598699096377856002,ukraine-de,True,True,False,False,False,False,False,False,False,False,2022-12-02 19:51:41.432468+00:00,2022-12-02 19:51:41.432468+00:00
1598699123561009154,ukraine-de,True,True,False,False,False,False,False,False,False,False,2022-12-02 19:51:41.432366+00:00,2022-12-02 19:51:41.432366+00:00
1598699130531942400,ukraine-de,True,True,False,False,False,False,False,False,False,False,2022-12-02 19:51:41.432266+00:00,2022-12-02 19:51:41.432266+00:00
1598699142934503424,ukraine-de,True,True,False,False,False,False,False,False,False,False,2022-12-02 19:51:41.432166+00:00,2022-12-02 19:51:41.432166+00:00
1598699170105151488,ukraine-de,True,True,False,False,False,False,False,False,False,False,2022-12-02 19:51:41.432066+00:00,2022-12-02 19:51:41.432066+00:00
1598699216339144705,ukraine-de,True,True,False,False,False,False,False,False,False,False,2022-12-02 19:51:41.431967+00:00,2022-12-02 19:51:41.431967+00:00
1598699225105059840,ukraine-de,True,True,False,False,False,False,False,False,False,False,2022-12-02 19:51:41.431868+00:00,2022-12-02 19:51:41.431868+00:00
1598699234420613121,ukraine-de,True,True,False,False,False,False,False,False,False,False,2022-12-02 19:51:41.431769+00:00,2022-12-02 19:51:41.431769+00:00
1598699272274292737,ukraine-de,True,True,False,False,False,False,False,False,False,False,2022-12-02 19:51:41.431668+00:00,2022-12-02 19:51:41.431668+00:00
1598699326649270275,ukraine-de,True,True,False,False,False,False,False,False,False,False,2022-12-02 19:51:41.431565+00:00,2022-12-02 19:51:41.431565+00:00
1598699328285065217,ukraine-de,True,True,False,False,False,False,False,False,False,False,2022-12-02 19:51:41.431461+00:00,2022-12-02 19:51:41.431461+00:00
1598699344458387460,ukraine-de,True,True,False,False,False,False,False,False,False,False,2022-12-02 19:51:41.431323+00:00,2022-12-02 19:51:41.431323+00:00
1598699401525895169,ukraine-de,True,True,False,False,False,False,False,False,False,False,2022-12-02 19:51:41.431223+00:00,2022-12-02 19:51:41.431223+00:00
1598699417111961600,ukraine-de,True,True,False,False,False,False,False,False,False,False,2022-12-02 19:51:41.431123+00:00,2022-12-02 19:51:41.431123+00:00
1598699417506283523,ukraine-de,True,True,False,False,False,False,False,False,False,False,2022-12-02 19:51:41.431023+00:00,2022-12-02 19:51:41.431023+00:00
1598699420618723328,ukraine-de,True,True,False,False,False,False,False,False,False,False,2022-12-02 19:51:41.430921+00:00,2022-12-02 19:51:41.430921+00:00
1598699423038459904,ukraine-de,True,True,False,False,False,False,False,False,False,False,2022-12-02 19:51:41.430807+00:00,2022-12-02 19:51:41.430807+00:00
1598699466428669953,ukraine-de,True,True,False,False,False,False,False,False,False,False,2022-12-02 19:51:22.143223+00:00,2022-12-02 19:51:41.430702+00:00
1598699481985425412,ukraine-de,True,False,False,False,False,False,False,False,False,False,2022-12-02 19:51:22.161852+00:00,2022-12-02 19:51:22.161852+00:00
1598699484082364416,ukraine-de,True,True,False,False,False,False,False,False,False,False,2022-12-02 19:51:41.430523+00:00,2022-12-02 19:51:41.430523+00:00
1598699495499464713,ukraine-de,True,False,False,False,False,False,False,False,False,False,2022-12-02 19:51:41.469930+00:00,2022-12-02 19:51:41.469930+00:00
1598699519067426817,ukraine-de,True,True,False,False,False,False,False,False,False,False,2022-12-02 19:51:41.430419+00:00,2022-12-02 19:51:41.430419+00:00
1598699548825690113,ukraine-de,True,False,False,False,False,False,False,False,False,False,2022-12-02 19:51:30.203087+00:00,2022-12-02 19:51:30.203087+00:00
1598699560372645888,ukraine-de,True,False,False,False,False,False,False,False,False,False,2022-12-02 19:51:30.200407+00:00,2022-12-02 19:51:30.200407+00:00
1598699583470817283,ukraine-de,True,True,False,False,False,False,False,False,False,False,2022-12-02 19:51:41.430303+00:00,2022-12-02 19:51:41.430303+00:00
1598699585089654790,ukraine-de,True,True,False,False,False,False,False,False,False,False,2022-12-02 19:51:41.430181+00:00,2022-12-02 19:51:41.430181+00:00
1598699604140183552,ukraine-de,True,True,False,False,False,False,False,False,False,False,2022-12-02 19:51:41.430079+00:00,2022-12-02 19:51:41.430079+00:00
1598699627477336064,ukraine-de,True,True,False,False,False,False,False,False,False,False,2022-12-02 19:51:41.429976+00:00,2022-12-02 19:51:41.429976+00:00
1598699627917631488,ukraine-de,True,True,False,False,False,False,False,False,False,False,2022-12-02 19:51:41.429873+00:00,2022-12-02 19:51:41.429873+00:00
1598699645558878208,ukraine-de,True,True,False,False,False,False,False,False,False,False,2022-12-02 19:51:41.429770+00:00,2022-12-02 19:51:41.429770+00:00
1598699650235572224,ukraine-de,True,True,False,False,False,False,False,False,False,False,2022-12-02 19:51:41.429665+00:00,2022-12-02 19:51:41.429665+00:00
1598699691113226246,ukraine-de,True,True,False,False,False,False,False,False,False,False,2022-12-02 19:50:17.512022+00:00,2022-12-02 19:51:41.429528+00:00
1598699691536879616,ukraine-de,True,True,False,False,False,False,False,False,False,False,2022-12-02 19:51:41.429397+00:00,2022-12-02 19:51:41.429397+00:00
1598699693508370440,ukraine-de,True,True,False,False,False,False,False,False,False,False,2022-12-02 19:51:41.429273+00:00,2022-12-02 19:51:41.429273+00:00
1598699707970248704,ukraine-de,True,True,False,False,False,False,False,False,False,False,2022-12-02 19:51:41.428955+00:00,2022-12-02 19:51:41.428955+00:00
1598699733580750850,ukraine-de,True,True,False,False,False,False,False,False,False,False,2022-12-02 19:51:41.427287+00:00,2022-12-02 19:51:41.427287+00:00
1598699779852222464,ukraine-de,True,True,False,False,False,False,False,False,False,False,2022-12-02 19:51:41.427170+00:00,2022-12-02 19:51:41.427170+00:00
1598699786462445568,ukraine-de,True,True,False,False,False,False,False,False,False,False,2022-12-02 19:51:41.427069+00:00,2022-12-02 19:51:41.427069+00:00
1598699803373961220,ukraine-de,True,True,False,False,False,False,False,False,False,False,2022-12-02 19:51:41.426969+00:00,2022-12-02 19:51:41.426969+00:00
1598699810441281538,ukraine-de,True,True,False,False,False,False,False,False,False,False,2022-12-02 19:51:41.426869+00:00,2022-12-02 19:51:41.426869+00:00
1598699817537896448,ukraine-de,True,True,False,False,False,False,False,False,False,False,2022-12-02 19:51:41.426752+00:00,2022-12-02 19:51:41.426752+00:00
1598699822298501120,ukraine-de,True,False,False,False,False,False,False,False,False,False,2022-12-02 19:51:30.206724+00:00,2022-12-02 19:51:30.206724+00:00
1598699855978921985,ukraine-de,True,True,False,False,False,False,False,False,False,False,2022-12-02 19:51:41.426649+00:00,2022-12-02 19:51:41.426649+00:00
1598699875176267779,ukraine-de,True,True,False,False,False,False,False,False,False,False,2022-12-02 19:51:41.426547+00:00,2022-12-02 19:51:41.426547+00:00
1598699883086610433,ukraine-de,True,True,False,False,False,False,False,False,False,False,2022-12-02 19:51:41.426446+00:00,2022-12-02 19:51:41.426446+00:00
1598699911335366656,ukraine-de,True,True,False,False,False,False,False,False,False,False,2022-12-02 19:51:41.426327+00:00,2022-12-02 19:51:41.426327+00:00
1598699923591118849,ukraine-de,True,True,False,False,False,False,False,False,False,False,2022-12-02 19:51:41.426207+00:00,2022-12-02 19:51:41.426207+00:00
1598700013462249472,ukraine-de,True,True,False,False,False,False,False,False,False,False,2022-12-02 19:51:41.426082+00:00,2022-12-02 19:51:41.426082+00:00
1598700028692172800,ukraine-de,True,True,False,False,False,False,False,False,False,False,2022-12-02 19:51:41.425964+00:00,2022-12-02 19:51:41.425964+00:00
1598700035746672640,ukraine-de,True,True,False,False,False,False,False,False,False,False,2022-12-02 19:51:41.425859+00:00,2022-12-02 19:51:41.425859+00:00
1598700040104673282,ukraine-de,True,True,False,False,False,False,False,False,False,False,2022-12-02 19:51:41.425752+00:00,2022-12-02 19:51:41.425752+00:00
1598700072014729216,ukraine-de,True,True,False,False,False,False,False,False,False,False,2022-12-02 19:51:41.425622+00:00,2022-12-02 19:51:41.425622+00:00
1598700079162048521,ukraine-de,True,True,False,False,False,False,False,False,False,False,2022-12-02 19:51:41.425433+00:00,2022-12-02 19:51:41.425433+00:00
1598700081112399875,ukraine-de,True,True,False,False,False,False,False,False,False,False,2022-12-02 19:51:41.423285+00:00,2022-12-02 19:51:41.423285+00:00
1598700084199591938,ukraine-de,True,True,False,False,False,False,False,False,False,False,2022-12-02 19:51:41.423166+00:00,2022-12-02 19:51:41.423166+00:00
1598700085285715970,ukraine-de,True,True,False,False,False,False,False,False,False,False,2022-12-02 19:51:30.198533+00:00,2022-12-02 19:51:41.423049+00:00
1598700096723554304,ukraine-de,True,False,False,False,False,False,False,False,False,False,2022-12-02 19:51:30.203184+00:00,2022-12-02 19:51:30.203184+00:00
1598700097537286144,ukraine-de,True,True,False,False,False,False,False,False,False,False,2022-12-02 19:51:41.422947+00:00,2022-12-02 19:51:41.422947+00:00
1598700099843997696,ukraine-de,True,True,False,False,False,False,False,False,False,False,2022-12-02 19:51:41.422847+00:00,2022-12-02 19:51:41.422847+00:00
1598700109314801664,ukraine-de,True,True,False,False,False,False,False,False,False,False,2022-12-02 19:51:41.422745+00:00,2022-12-02 19:51:41.422745+00:00
1598700139543203841,ukraine-de,True,True,False,False,False,False,False,False,False,False,2022-12-02 19:51:41.422642+00:00,2022-12-02 19:51:41.422642+00:00
1598700162695647232,ukraine-de,True,True,False,False,False,False,False,False,False,False,2022-12-02 19:51:41.422520+00:00,2022-12-02 19:51:41.422520+00:00
1598700194148884480,ukraine-de,True,True,False,False,False,False,False,False,False,False,2022-12-02 19:51:41.422416+00:00,2022-12-02 19:51:41.422416+00:00
1598700222225567745,ukraine-de,True,True,False,False,False,False,False,False,False,False,2022-12-02 19:51:41.422299+00:00,2022-12-02 19:51:41.422299+00:00
1598700250146820096,ukraine-de,True,True,False,False,False,False,False,False,False,False,2022-12-02 19:51:41.422119+00:00,2022-12-02 19:51:41.422119+00:00
1598700261408661507,ukraine-de,True,True,False,False,False,False,False,False,False,False,2022-12-02 19:51:41.421970+00:00,2022-12-02 19:51:41.421970+00:00
1598700277372256258,ukraine-de,True,False,False,False,False,False,False,False,False,False,2022-12-02 19:51:22.145325+00:00,2022-12-02 19:51:22.145325+00:00
1598700313384738816,ukraine-de,True,True,False,False,False,False,False,False,False,False,2022-12-02 19:51:41.421839+00:00,2022-12-02 19:51:41.421839+00:00
1598700366643634178,ukraine-de,True,True,False,False,False,False,False,False,False,False,2022-12-02 19:51:41.417449+00:00,2022-12-02 19:51:41.417449+00:00
1598700379482775552,ukraine-de,True,True,False,False,False,False,False,False,False,False,2022-12-02 19:51:41.417348+00:00,2022-12-02 19:51:41.417348+00:00
1598700399774511104,ukraine-de,True,True,False,False,False,False,False,False,False,False,2022-12-02 19:51:41.417248+00:00,2022-12-02 19:51:41.417248+00:00
1598700422348394498,ukraine-de,True,True,False,False,False,False,False,False,False,False,2022-12-02 19:51:41.417148+00:00,2022-12-02 19:51:41.417148+00:00
1598700446218010624,ukraine-de,True,False,False,False,False,False,False,False,False,False,2022-12-03 01:30:30.055697+00:00,2022-12-03 01:30:30.055697+00:00
1598700475326537732,ukraine-de,True,True,False,False,False,False,False,False,False,False,2022-12-02 19:51:41.417026+00:00,2022-12-02 19:51:41.417026+00:00
1598700478514139136,ukraine-de,True,False,False,False,False,False,False,False,False,False,2022-12-02 19:51:22.145445+00:00,2022-12-02 19:51:22.145445+00:00
1598700493282238464,ukraine-de,True,True,False,False,False,False,False,False,False,False,2022-12-02 19:51:41.416831+00:00,2022-12-02 19:51:41.416831+00:00
1598700516694949888,ukraine-de,True,True,False,False,False,False,False,False,False,False,2022-12-02 19:51:41.416728+00:00,2022-12-02 19:51:41.416728+00:00
1598700524098002947,ukraine-de,True,True,False,False,False,False,False,False,False,False,2022-12-02 19:51:41.416605+00:00,2022-12-02 19:51:41.416605+00:00
1598700543035072512,ukraine-de,True,True,False,False,False,False,False,False,False,False,2022-12-02 19:51:41.416504+00:00,2022-12-02 19:51:41.416504+00:00
1598700543274143745,ukraine-de,True,True,False,False,False,False,False,False,False,False,2022-12-02 19:51:41.416400+00:00,2022-12-02 19:51:41.416400+00:00
1598700608487395328,ukraine-de,True,False,False,False,False,False,False,False,False,False,2022-12-02 19:51:30.204827+00:00,2022-12-02 19:51:30.204827+00:00
1598700612736229378,ukraine-de,True,True,False,False,False,False,False,False,False,False,2022-12-02 19:51:41.416256+00:00,2022-12-02 19:51:41.416256+00:00
1598700630037581825,ukraine-de,True,True,False,False,False,False,False,False,False,False,2022-12-02 19:51:41.416144+00:00,2022-12-02 19:51:41.416144+00:00
1598700645405466624,ukraine-de,True,True,False,False,False,False,False,False,False,False,2022-12-02 19:51:41.416040+00:00,2022-12-02 19:51:41.416040+00:00
1598700649931218951,ukraine-de,True,True,False,False,False,False,False,False,False,False,2022-12-02 19:51:41.415936+00:00,2022-12-02 19:51:41.415936+00:00
1598700656902250502,ukraine-de,True,True,False,False,False,False,False,False,False,False,2022-12-02 19:51:41.415828+00:00,2022-12-02 19:51:41.415828+00:00
1598700664279924745,ukraine-de,True,True,False,False,False,False,False,False,False,False,2022-12-02 19:51:41.415712+00:00,2022-12-02 19:51:41.415712+00:00
1598700674165796864,ukraine-de,True,False,False,False,False,False,False,False,False,False,2022-12-02 22:35:17.210593+00:00,2022-12-02 22:35:17.210593+00:00
1598700693086420993,ukraine-de,True,True,False,False,False,False,False,False,False,False,2022-12-02 19:50:17.521148+00:00,2022-12-02 19:51:41.415423+00:00
1598700712904507395,ukraine-de,True,True,False,False,False,False,False,False,False,False,2022-12-02 19:51:30.174870+00:00,2022-12-02 19:51:30.174870+00:00
1598700734039486464,ukraine-de,True,True,False,False,False,False,False,False,False,False,2022-12-02 19:51:30.174764+00:00,2022-12-02 19:51:30.174764+00:00
1598700766071779328,ukraine-de,True,True,False,False,False,False,False,False,False,False,2022-12-02 19:51:30.174628+00:00,2022-12-02 19:51:30.174628+00:00
1598700768013520896,ukraine-de,True,True,False,False,False,False,False,False,False,False,2022-12-02 19:51:30.174138+00:00,2022-12-02 19:51:30.174138+00:00
1598700790268497920,ukraine-de,True,True,False,False,False,False,False,False,False,False,2022-12-02 19:51:30.174015+00:00,2022-12-02 19:51:30.174015+00:00
1598700803883245575,ukraine-de,True,True,False,False,False,False,False,False,False,False,2022-12-02 19:51:30.173911+00:00,2022-12-02 19:51:30.173911+00:00
1598700804369567744,ukraine-de,True,True,False,False,False,False,False,False,False,False,2022-12-02 19:51:22.129289+00:00,2022-12-02 19:51:30.173788+00:00
1598700831846682626,ukraine-de,True,True,False,False,False,False,False,False,False,False,2022-12-02 19:51:30.173177+00:00,2022-12-02 19:51:30.173177+00:00
1598700838955851777,ukraine-de,True,True,False,False,False,False,False,False,False,False,2022-12-02 19:51:30.173078+00:00,2022-12-02 19:51:30.173078+00:00
1598700839786500098,ukraine-de,True,True,False,False,False,False,False,False,False,False,2022-12-02 19:51:30.172979+00:00,2022-12-02 19:51:30.172979+00:00
1598700850418966529,ukraine-de,True,False,False,False,False,False,False,False,False,False,2022-12-02 19:51:30.204616+00:00,2022-12-02 19:51:30.204616+00:00
1598700912054345728,ukraine-de,True,True,False,False,False,False,False,False,False,False,2022-12-02 19:51:30.172876+00:00,2022-12-02 19:51:30.172876+00:00
1598700919868334080,ukraine-de,True,True,False,False,False,False,False,False,False,False,2022-12-02 19:51:30.172774+00:00,2022-12-02 19:51:30.172774+00:00
1598700931973013504,ukraine-de,True,True,False,False,False,False,False,False,False,False,2022-12-02 19:51:30.172655+00:00,2022-12-02 19:51:30.172655+00:00
1598701036226478080,ukraine-de,True,True,False,False,False,False,False,False,False,False,2022-12-02 19:51:30.172542+00:00,2022-12-02 19:51:30.172542+00:00
1598701046590832641,ukraine-de,True,True,False,False,False,False,False,False,False,False,2022-12-02 19:51:30.172376+00:00,2022-12-02 19:51:30.172376+00:00
1598701066874507266,ukraine-de,True,True,False,False,False,False,False,False,False,False,2022-12-02 19:51:30.172275+00:00,2022-12-02 19:51:30.172275+00:00
1598701088093474821,ukraine-de,True,False,False,False,False,False,False,False,False,False,2022-12-02 19:51:30.203280+00:00,2022-12-02 19:51:30.203280+00:00
1598701162840002561,ukraine-de,True,True,False,False,False,False,False,False,False,False,2022-12-02 19:51:30.172159+00:00,2022-12-02 19:51:30.172159+00:00
1598701164492619777,ukraine-de,True,False,False,False,False,False,False,False,False,False,2022-12-02 19:51:30.203798+00:00,2022-12-02 19:51:30.203798+00:00
1598701188689678336,ukraine-de,True,False,False,False,False,False,False,False,False,False,2022-12-02 19:51:30.200543+00:00,2022-12-02 19:51:30.200543+00:00
1598701212475355136,ukraine-de,True,True,False,False,False,False,False,False,False,False,2022-12-02 19:51:30.172058+00:00,2022-12-02 19:51:30.172058+00:00
1598701223544168448,ukraine-de,True,True,False,False,False,False,False,False,False,False,2022-12-02 19:51:30.171944+00:00,2022-12-02 19:51:30.171944+00:00
1598701224290811906,ukraine-de,True,True,False,False,False,False,False,False,False,False,2022-12-02 19:50:27.688574+00:00,2022-12-02 19:51:30.171844+00:00
1598701226509701120,ukraine-de,True,True,False,False,False,False,False,False,False,False,2022-12-02 19:51:30.171731+00:00,2022-12-02 19:51:30.171731+00:00
1598701229093306373,ukraine-de,True,False,False,False,False,False,False,False,False,False,2022-12-02 19:51:30.205239+00:00,2022-12-02 19:51:30.205239+00:00
1598701232394076162,ukraine-de,True,True,False,False,False,False,False,False,False,False,2022-12-02 19:50:59.832992+00:00,2022-12-02 19:51:30.171618+00:00
1598701234734747651,ukraine-de,True,False,False,False,False,False,False,False,False,False,2022-12-02 19:50:36.497847+00:00,2022-12-02 19:50:36.497847+00:00
1598701247040671745,ukraine-de,True,True,False,False,False,False,False,False,False,False,2022-12-02 19:51:30.171482+00:00,2022-12-02 19:51:30.171482+00:00
1598701274068910081,ukraine-de,True,True,False,False,False,False,False,False,False,False,2022-12-02 19:51:30.171311+00:00,2022-12-02 19:51:30.171311+00:00
1598701286425333767,ukraine-de,True,True,False,False,False,False,False,False,False,False,2022-12-02 19:51:30.171212+00:00,2022-12-02 19:51:30.171212+00:00
1598701300824563714,ukraine-de,True,True,False,False,False,False,False,False,False,False,2022-12-02 19:51:30.171113+00:00,2022-12-02 19:51:30.171113+00:00
1598701346907045888,ukraine-de,True,True,False,False,False,False,False,False,False,False,2022-12-02 19:51:30.171011+00:00,2022-12-02 19:51:30.171011+00:00
1598701347053912071,ukraine-de,True,True,False,False,False,False,False,False,False,False,2022-12-02 19:51:30.170912+00:00,2022-12-02 19:51:30.170912+00:00
1598701349784412160,ukraine-de,True,True,False,False,False,False,False,False,False,False,2022-12-02 19:51:30.170812+00:00,2022-12-02 19:51:30.170812+00:00
1598701354280796164,ukraine-de,True,True,False,False,False,False,False,False,False,False,2022-12-02 19:51:30.170710+00:00,2022-12-02 19:51:30.170710+00:00
1598701410878885888,ukraine-de,True,True,False,False,False,False,False,False,False,False,2022-12-02 19:51:30.170606+00:00,2022-12-02 19:51:30.170606+00:00
1598701459696074752,ukraine-de,True,True,False,False,False,False,False,False,False,False,2022-12-02 19:50:17.508122+00:00,2022-12-02 19:51:30.170482+00:00
1598701515690151936,ukraine-de,True,True,False,False,False,False,False,False,False,False,2022-12-02 19:51:30.170260+00:00,2022-12-02 19:51:30.170260+00:00
1598701516558372868,ukraine-de,True,True,False,False,False,False,False,False,False,False,2022-12-02 19:51:30.170149+00:00,2022-12-02 19:51:30.170149+00:00
1598701530969956355,ukraine-de,True,True,False,False,False,False,False,False,False,False,2022-12-02 19:51:30.170041+00:00,2022-12-02 19:51:30.170041+00:00
1598701564646096896,ukraine-de,True,True,False,False,False,False,False,False,False,False,2022-12-02 19:51:30.169881+00:00,2022-12-02 19:51:30.169881+00:00
1598701571407167489,ukraine-de,True,True,False,False,False,False,False,False,False,False,2022-12-02 19:51:30.169771+00:00,2022-12-02 19:51:30.169771+00:00
1598701576566190080,ukraine-de,True,True,False,False,False,False,False,False,False,False,2022-12-02 19:51:30.169668+00:00,2022-12-02 19:51:30.169668+00:00
1598701580773199872,ukraine-de,True,True,False,False,False,False,False,False,False,False,2022-12-02 19:51:30.169542+00:00,2022-12-02 19:51:30.169542+00:00
1598701589170102273,ukraine-de,True,True,False,False,False,False,False,False,False,False,2022-12-02 19:51:30.169442+00:00,2022-12-02 19:51:30.169442+00:00
1598701589656576001,ukraine-de,True,True,False,False,False,False,False,False,False,False,2022-12-02 19:51:30.169337+00:00,2022-12-02 19:51:30.169337+00:00
1598701614310850562,ukraine-de,True,True,False,False,False,False,False,False,False,False,2022-12-02 19:51:30.169173+00:00,2022-12-02 19:51:30.169173+00:00
1598701630681063425,ukraine-de,True,True,False,False,False,False,False,False,False,False,2022-12-02 19:51:30.168962+00:00,2022-12-02 19:51:30.168962+00:00
1598701640441290753,ukraine-de,True,True,False,False,False,False,False,False,False,False,2022-12-02 19:51:30.168862+00:00,2022-12-02 19:51:30.168862+00:00
1598701653925822465,ukraine-de,True,True,False,False,False,False,False,False,False,False,2022-12-02 19:51:30.168758+00:00,2022-12-02 19:51:30.168758+00:00
1598701684867452928,ukraine-de,True,True,False,False,False,False,False,False,False,False,2022-12-02 19:51:30.168544+00:00,2022-12-02 19:51:30.168544+00:00
1598701691909668867,ukraine-de,True,False,False,False,False,False,False,False,False,False,2022-12-02 19:50:27.695985+00:00,2022-12-02 19:50:27.695985+00:00
1598701719575089152,ukraine-de,True,True,False,False,False,False,False,False,False,False,2022-12-02 19:51:30.168442+00:00,2022-12-02 19:51:30.168442+00:00
1598701755734188032,ukraine-de,True,True,False,False,False,False,False,False,False,False,2022-12-02 19:51:30.168342+00:00,2022-12-02 19:51:30.168342+00:00
1598701756665532417,ukraine-de,True,True,False,False,False,False,False,False,False,False,2022-12-02 19:51:30.168230+00:00,2022-12-02 19:51:30.168230+00:00
1598701762373877761,ukraine-de,True,True,False,False,False,False,False,False,False,False,2022-12-02 19:50:36.490397+00:00,2022-12-02 19:51:30.168129+00:00
1598701764651503619,ukraine-de,True,True,False,False,False,False,False,False,False,False,2022-12-02 19:51:30.168019+00:00,2022-12-02 19:51:30.168019+00:00
1598701796729315330,ukraine-de,True,True,False,False,False,False,False,False,False,False,2022-12-02 19:51:30.167898+00:00,2022-12-02 19:51:30.167898+00:00
1598701808955920386,ukraine-de,True,False,False,False,False,False,False,False,False,False,2022-12-02 19:51:30.202110+00:00,2022-12-02 19:51:30.202110+00:00
1598701813087277056,ukraine-de,True,True,False,False,False,False,False,False,False,False,2022-12-02 19:51:30.167797+00:00,2022-12-02 19:51:30.167797+00:00
1598701845555294208,ukraine-de,True,True,False,False,False,False,False,False,False,False,2022-12-02 19:51:30.167693+00:00,2022-12-02 19:51:30.167693+00:00
1598701846897491968,ukraine-de,True,True,False,False,False,False,False,False,False,False,2022-12-02 19:51:30.167585+00:00,2022-12-02 19:51:30.167585+00:00
1598701860243746817,ukraine-de,True,True,False,False,False,False,False,False,False,False,2022-12-02 19:51:30.167439+00:00,2022-12-02 19:51:30.167439+00:00
1598701861950947328,ukraine-de,True,True,False,False,False,False,False,False,False,False,2022-12-02 19:51:30.167086+00:00,2022-12-02 19:51:30.167086+00:00
1598701862848536576,ukraine-de,True,True,False,False,False,False,False,False,False,False,2022-12-02 19:51:30.166909+00:00,2022-12-02 19:51:30.166909+00:00
1598701894645346308,ukraine-de,True,True,False,False,False,False,False,False,False,False,2022-12-02 19:51:30.166808+00:00,2022-12-02 19:51:30.166808+00:00
1598701904732700672,ukraine-de,True,True,False,False,False,False,False,False,False,False,2022-12-02 19:51:30.166710+00:00,2022-12-02 19:51:30.166710+00:00
1598701962240831489,ukraine-de,True,True,False,False,False,False,False,False,False,False,2022-12-02 19:51:30.166609+00:00,2022-12-02 19:51:30.166609+00:00
1598701976992325633,ukraine-de,True,True,False,False,False,False,False,False,False,False,2022-12-02 19:51:30.166508+00:00,2022-12-02 19:51:30.166508+00:00
1598702015374184448,ukraine-de,True,True,False,False,False,False,False,False,False,False,2022-12-02 19:51:30.166394+00:00,2022-12-02 19:51:30.166394+00:00
1598702018499059716,ukraine-de,True,True,False,False,False,False,False,False,False,False,2022-12-02 19:51:30.166212+00:00,2022-12-02 19:51:30.166212+00:00
1598702047670505472,ukraine-de,True,True,False,False,False,False,False,False,False,False,2022-12-02 19:51:30.166110+00:00,2022-12-02 19:51:30.166110+00:00
1598702064153939968,ukraine-de,True,True,False,False,False,False,False,False,False,False,2022-12-02 19:51:30.166009+00:00,2022-12-02 19:51:30.166009+00:00
1598702076154052610,ukraine-de,True,True,False,False,False,False,False,False,False,False,2022-12-02 19:51:30.165905+00:00,2022-12-02 19:51:30.165905+00:00
1598702092033613826,ukraine-de,True,False,False,False,False,False,False,False,False,False,2022-12-02 19:50:59.823275+00:00,2022-12-02 19:50:59.823275+00:00
1598702123100692480,ukraine-de,True,True,False,False,False,False,False,False,False,False,2022-12-02 19:51:30.165772+00:00,2022-12-02 19:51:30.165772+00:00
1598702128788275200,ukraine-de,True,True,False,False,False,False,False,False,False,False,2022-12-02 19:51:30.165489+00:00,2022-12-02 19:51:30.165489+00:00
1598702130797355008,ukraine-de,True,True,False,False,False,False,False,False,False,False,2022-12-02 19:51:30.165364+00:00,2022-12-02 19:51:30.165364+00:00
1598702134840545280,ukraine-de,True,True,False,False,False,False,False,False,False,False,2022-12-02 19:51:30.165167+00:00,2022-12-02 19:51:30.165167+00:00
1598702137826951169,ukraine-de,True,True,False,False,False,False,False,False,False,False,2022-12-02 19:51:22.161184+00:00,2022-12-02 19:51:30.165067+00:00
1598702142503768067,ukraine-de,True,True,False,False,False,False,False,False,False,False,2022-12-02 19:51:30.164968+00:00,2022-12-02 19:51:30.164968+00:00
1598702159486394368,ukraine-de,True,True,False,False,False,False,False,False,False,False,2022-12-02 19:51:30.164857+00:00,2022-12-02 19:51:30.164857+00:00
1598702184618672130,ukraine-de,True,True,False,False,False,False,False,False,False,False,2022-12-02 19:51:30.164757+00:00,2022-12-02 19:51:30.164757+00:00
1598702208102670340,ukraine-de,True,True,False,False,False,False,False,False,False,False,2022-12-02 19:51:30.164657+00:00,2022-12-02 19:51:30.164657+00:00
1598702220102574080,ukraine-de,True,True,False,False,False,False,False,False,False,False,2022-12-02 19:51:30.164556+00:00,2022-12-02 19:51:30.164556+00:00
1598702237873836033,ukraine-de,True,True,False,False,False,False,False,False,False,False,2022-12-02 19:51:30.164454+00:00,2022-12-02 19:51:30.164454+00:00
1598702239689867265,ukraine-de,True,True,False,False,False,False,False,False,False,False,2022-12-02 19:51:30.164336+00:00,2022-12-02 19:51:30.164336+00:00
1598702271490949120,ukraine-de,True,True,False,False,False,False,False,False,False,False,2022-12-02 19:51:30.164235+00:00,2022-12-02 19:51:30.164235+00:00
1598702274875985921,ukraine-de,True,True,False,False,False,False,False,False,False,False,2022-12-02 19:51:30.164136+00:00,2022-12-02 19:51:30.164136+00:00
1598702290994618368,ukraine-de,True,True,False,False,False,False,False,False,False,False,2022-12-02 19:51:30.164036+00:00,2022-12-02 19:51:30.164036+00:00
1598702306585083904,ukraine-de,True,True,False,False,False,False,False,False,False,False,2022-12-02 19:51:30.163937+00:00,2022-12-02 19:51:30.163937+00:00
1598702316152143872,ukraine-de,True,False,False,False,False,False,False,False,False,False,2022-12-02 19:51:30.186271+00:00,2022-12-02 19:51:30.186271+00:00
1598702356526288896,ukraine-de,True,True,False,False,False,False,False,False,False,False,2022-12-02 19:51:30.163839+00:00,2022-12-02 19:51:30.163839+00:00
1598702361484091392,ukraine-de,True,True,False,False,False,False,False,False,False,False,2022-12-02 19:51:30.163740+00:00,2022-12-02 19:51:30.163740+00:00
1598702363598098434,ukraine-de,True,True,False,False,False,False,False,False,False,False,2022-12-02 19:51:30.163639+00:00,2022-12-02 19:51:30.163639+00:00
1598702369939791873,ukraine-de,True,True,False,False,False,False,False,False,False,False,2022-12-02 19:51:30.163538+00:00,2022-12-02 19:51:30.163538+00:00
1598702376457846784,ukraine-de,True,True,False,False,False,False,False,False,False,False,2022-12-02 19:51:30.163436+00:00,2022-12-02 19:51:30.163436+00:00
1598702399044157441,ukraine-de,True,True,False,False,False,False,False,False,False,False,2022-12-02 19:51:30.163317+00:00,2022-12-02 19:51:30.163317+00:00
1598702423819681792,ukraine-de,True,True,False,False,False,False,False,False,False,False,2022-12-02 19:51:30.163095+00:00,2022-12-02 19:51:30.163095+00:00
1598702426453733376,ukraine-de,True,True,False,False,False,False,False,False,False,False,2022-12-02 19:51:30.162859+00:00,2022-12-02 19:51:30.162859+00:00
1598702429146488838,ukraine-de,True,True,False,False,False,False,False,False,False,False,2022-12-02 19:51:30.162760+00:00,2022-12-02 19:51:30.162760+00:00
1598702434171363334,ukraine-de,True,True,False,False,False,False,False,False,False,False,2022-12-02 19:51:30.162659+00:00,2022-12-02 19:51:30.162659+00:00
1598702442367127554,ukraine-de,True,True,False,False,False,False,False,False,False,False,2022-12-02 19:51:30.162558+00:00,2022-12-02 19:51:30.162558+00:00
1598702467973349378,ukraine-de,True,True,False,False,False,False,False,False,False,False,2022-12-02 19:51:30.162440+00:00,2022-12-02 19:51:30.162440+00:00
1598702471483985920,ukraine-de,True,True,False,False,False,False,False,False,False,False,2022-12-02 19:51:30.162339+00:00,2022-12-02 19:51:30.162339+00:00
1598702479746764801,ukraine-de,True,True,False,False,False,False,False,False,False,False,2022-12-02 19:51:30.162227+00:00,2022-12-02 19:51:30.162227+00:00
1598702511380111360,ukraine-de,True,True,False,False,False,False,False,False,False,False,2022-12-02 19:51:30.162129+00:00,2022-12-02 19:51:30.162129+00:00
1598702513007362049,ukraine-de,True,True,False,False,False,False,False,False,False,False,2022-12-02 19:51:30.162030+00:00,2022-12-02 19:51:30.162030+00:00
1598702524344766465,ukraine-de,True,True,False,False,False,False,False,False,False,False,2022-12-02 19:51:30.161931+00:00,2022-12-02 19:51:30.161931+00:00
1598702547384127498,ukraine-de,True,True,False,False,False,False,False,False,False,False,2022-12-02 19:51:30.161829+00:00,2022-12-02 19:51:30.161829+00:00
1598702562865283078,ukraine-de,True,False,False,False,False,False,False,False,False,False,2022-12-02 19:51:22.144347+00:00,2022-12-02 19:51:22.144347+00:00
1598702574814756867,ukraine-de,True,True,False,False,False,False,False,False,False,False,2022-12-02 19:51:30.161715+00:00,2022-12-02 19:51:30.161715+00:00
1598702582133825538,ukraine-de,True,True,False,False,False,False,False,False,False,False,2022-12-02 19:51:30.161491+00:00,2022-12-02 19:51:30.161491+00:00
1598702584243838976,ukraine-de,True,True,False,False,False,False,False,False,False,False,2022-12-02 19:50:27.696773+00:00,2022-12-02 19:51:30.161393+00:00
1598702584969273344,ukraine-de,True,True,False,False,False,False,False,False,False,False,2022-12-02 19:51:30.161295+00:00,2022-12-02 19:51:30.161295+00:00
1598702588785872896,ukraine-de,True,True,False,False,False,False,False,False,False,False,2022-12-02 19:51:30.161197+00:00,2022-12-02 19:51:30.161197+00:00
1598702620213841920,ukraine-de,True,True,False,False,False,False,False,False,False,False,2022-12-02 19:51:30.161097+00:00,2022-12-02 19:51:30.161097+00:00
1598702643349708800,ukraine-de,True,True,False,False,False,False,False,False,False,False,2022-12-02 19:51:30.160998+00:00,2022-12-02 19:51:30.160998+00:00
1598702653071974400,ukraine-de,True,True,False,False,False,False,False,False,False,False,2022-12-02 19:51:30.160898+00:00,2022-12-02 19:51:30.160898+00:00
1598702668544876547,ukraine-de,True,True,False,False,False,False,False,False,False,False,2022-12-02 19:51:30.160799+00:00,2022-12-02 19:51:30.160799+00:00
1598702677944418305,ukraine-de,True,True,False,False,False,False,False,False,False,False,2022-12-02 19:51:30.160700+00:00,2022-12-02 19:51:30.160700+00:00
1598702693568024576,ukraine-de,True,False,False,False,False,False,False,False,False,False,2022-12-02 19:51:30.187143+00:00,2022-12-02 19:51:30.187143+00:00
1598702704901214209,ukraine-de,True,False,False,False,False,False,False,False,False,False,2022-12-02 19:51:30.195976+00:00,2022-12-02 19:51:30.195976+00:00
1598702725746741249,ukraine-de,True,True,False,False,False,False,False,False,False,False,2022-12-02 19:50:17.521052+00:00,2022-12-02 19:51:30.160599+00:00
1598702727927693312,ukraine-de,True,True,False,False,False,False,False,False,False,False,2022-12-02 19:51:30.160500+00:00,2022-12-02 19:51:30.160500+00:00
1598702728728805381,ukraine-de,True,True,False,False,False,False,False,False,False,False,2022-12-02 19:51:30.160401+00:00,2022-12-02 19:51:30.160401+00:00
1598702732830990338,ukraine-de,True,True,False,False,False,False,False,False,False,False,2022-12-02 19:51:30.160300+00:00,2022-12-02 19:51:30.160300+00:00
1598702752158437380,ukraine-de,True,True,False,False,False,False,False,False,False,False,2022-12-02 19:51:30.160199+00:00,2022-12-02 19:51:30.160199+00:00
1598702779027009536,ukraine-de,True,True,False,False,False,False,False,False,False,False,2022-12-02 19:51:30.160095+00:00,2022-12-02 19:51:30.160095+00:00
1598702782248542208,ukraine-de,True,True,False,False,False,False,False,False,False,False,2022-12-02 19:51:30.159994+00:00,2022-12-02 19:51:30.159994+00:00
1598702793803579394,ukraine-de,True,True,False,False,False,False,False,False,False,False,2022-12-02 19:51:30.159869+00:00,2022-12-02 19:51:30.159869+00:00
1598702838120517635,ukraine-de,True,True,False,False,False,False,False,False,False,False,2022-12-02 19:51:30.159745+00:00,2022-12-02 19:51:30.159745+00:00
1598702840033288198,ukraine-de,True,False,False,False,False,False,False,False,False,False,2022-12-02 19:51:08.491737+00:00,2022-12-02 19:51:08.491737+00:00
1598702848501497857,ukraine-de,True,True,False,False,False,False,False,False,False,False,2022-12-02 19:51:30.159643+00:00,2022-12-02 19:51:30.159643+00:00
1598702857343340544,ukraine-de,True,True,False,False,False,False,False,False,False,False,2022-12-02 19:51:30.159540+00:00,2022-12-02 19:51:30.159540+00:00
1598702867254083584,ukraine-de,True,False,False,False,False,False,False,False,False,False,2022-12-02 19:51:22.134808+00:00,2022-12-02 19:51:22.134808+00:00
1598702873390436352,ukraine-de,True,True,False,False,False,False,False,False,False,False,2022-12-02 19:51:30.159436+00:00,2022-12-02 19:51:30.159436+00:00
1598702877337272320,ukraine-de,True,True,False,False,False,False,False,False,False,False,2022-12-02 19:51:30.159320+00:00,2022-12-02 19:51:30.159320+00:00
1598702892243894272,ukraine-de,True,True,False,False,False,False,False,False,False,False,2022-12-02 19:51:30.159084+00:00,2022-12-02 19:51:30.159084+00:00
1598702911868915714,ukraine-de,True,False,False,False,False,False,False,False,False,False,2022-12-02 19:51:08.495084+00:00,2022-12-02 19:51:08.495084+00:00
1598702927249489921,ukraine-de,True,True,False,False,False,False,False,False,False,False,2022-12-02 19:51:30.158972+00:00,2022-12-02 19:51:30.158972+00:00
1598702944194437130,ukraine-de,True,True,False,False,False,False,False,False,False,False,2022-12-02 19:51:30.158798+00:00,2022-12-02 19:51:30.158798+00:00
1598702967980441602,ukraine-de,True,True,False,False,False,False,False,False,False,False,2022-12-02 19:51:30.158697+00:00,2022-12-02 19:51:30.158697+00:00
1598702977589518336,ukraine-de,True,True,False,False,False,False,False,False,False,False,2022-12-02 19:51:30.158593+00:00,2022-12-02 19:51:30.158593+00:00
1598702982517981185,ukraine-de,True,True,False,False,False,False,False,False,False,False,2022-12-02 19:51:30.158410+00:00,2022-12-02 19:51:30.158410+00:00
1598703006828171266,ukraine-de,True,True,False,False,False,False,False,False,False,False,2022-12-02 19:51:30.158310+00:00,2022-12-02 19:51:30.158310+00:00
1598703015992516608,ukraine-de,True,True,False,False,False,False,False,False,False,False,2022-12-02 19:51:30.158209+00:00,2022-12-02 19:51:30.158209+00:00
1598703107088809987,ukraine-de,True,False,False,False,False,False,False,False,False,False,2022-12-02 19:50:27.693074+00:00,2022-12-02 19:50:27.693074+00:00
1598703117230653441,ukraine-de,True,True,False,False,False,False,False,False,False,False,2022-12-02 19:51:30.158104+00:00,2022-12-02 19:51:30.158104+00:00
1598703122599264257,ukraine-de,True,True,False,False,False,False,False,False,False,False,2022-12-02 19:51:30.157918+00:00,2022-12-02 19:51:30.157918+00:00
1598703130455298050,ukraine-de,True,True,False,False,False,False,False,False,False,False,2022-12-02 19:51:30.157811+00:00,2022-12-02 19:51:30.157811+00:00
1598703152102084609,ukraine-de,True,True,False,False,False,False,False,False,False,False,2022-12-02 19:51:30.157506+00:00,2022-12-02 19:51:30.157506+00:00
1598703177855115265,ukraine-de,True,True,False,False,False,False,False,False,False,False,2022-12-02 19:50:36.527550+00:00,2022-12-02 19:51:30.157308+00:00
1598703195303264256,ukraine-de,True,True,False,False,False,False,False,False,False,False,2022-12-02 19:51:30.157208+00:00,2022-12-02 19:51:30.157208+00:00
1598703206258704384,ukraine-de,True,True,False,False,False,False,False,False,False,False,2022-12-02 19:51:30.157100+00:00,2022-12-02 19:51:30.157100+00:00
1598703211992563713,ukraine-de,True,True,False,False,False,False,False,False,False,False,2022-12-02 19:51:30.157000+00:00,2022-12-02 19:51:30.157000+00:00
1598703229340381184,ukraine-de,True,True,False,False,False,False,False,False,False,False,2022-12-02 19:51:30.156900+00:00,2022-12-02 19:51:30.156900+00:00
1598703251318153217,ukraine-de,True,True,False,False,False,False,False,False,False,False,2022-12-02 19:51:30.156801+00:00,2022-12-02 19:51:30.156801+00:00
1598703268800126976,ukraine-de,True,True,False,False,False,False,False,False,False,False,2022-12-02 19:51:30.156700+00:00,2022-12-02 19:51:30.156700+00:00
1598703275020271621,ukraine-de,True,True,False,False,False,False,False,False,False,False,2022-12-02 19:51:30.156582+00:00,2022-12-02 19:51:30.156582+00:00
1598703309044465665,ukraine-de,True,True,False,False,False,False,False,False,False,False,2022-12-02 19:51:30.156483+00:00,2022-12-02 19:51:30.156483+00:00
1598703313872109568,ukraine-de,True,False,False,False,False,False,False,False,False,False,2022-12-02 19:50:59.828784+00:00,2022-12-02 19:50:59.828784+00:00
1598703369379381248,ukraine-de,True,True,False,False,False,False,False,False,False,False,2022-12-02 19:51:30.156381+00:00,2022-12-02 19:51:30.156381+00:00
1598703427646672896,ukraine-de,True,True,False,False,False,False,False,False,False,False,2022-12-02 19:51:30.156280+00:00,2022-12-02 19:51:30.156280+00:00
1598703429605392384,ukraine-de,True,True,False,False,False,False,False,False,False,False,2022-12-02 19:51:30.156168+00:00,2022-12-02 19:51:30.156168+00:00
1598703433233604610,ukraine-de,True,True,False,False,False,False,False,False,False,False,2022-12-02 19:51:30.155979+00:00,2022-12-02 19:51:30.155979+00:00
1598703442851135488,ukraine-de,True,True,False,False,False,False,False,False,False,False,2022-12-02 19:50:17.514821+00:00,2022-12-02 19:51:30.155878+00:00
1598703459049545728,ukraine-de,True,True,False,False,False,False,False,False,False,False,2022-12-02 19:50:59.812960+00:00,2022-12-02 19:51:30.155772+00:00
1598703467740086272,ukraine-de,True,True,False,False,False,False,False,False,False,False,2022-12-02 19:50:27.697883+00:00,2022-12-02 19:51:30.155546+00:00
1598703518726049793,ukraine-de,True,True,False,False,False,False,False,False,False,False,2022-12-02 19:51:30.155448+00:00,2022-12-02 19:51:30.155448+00:00
1598703523272671232,ukraine-de,True,True,False,False,False,False,False,False,False,False,2022-12-02 19:51:30.155347+00:00,2022-12-02 19:51:30.155347+00:00
1598703525038477312,ukraine-de,True,True,False,False,False,False,False,False,False,False,2022-12-02 19:50:17.523176+00:00,2022-12-02 19:51:30.155247+00:00
1598703545796112385,ukraine-de,True,True,False,False,False,False,False,False,False,False,2022-12-02 19:51:30.155147+00:00,2022-12-02 19:51:30.155147+00:00
1598703579010826241,ukraine-de,True,True,False,False,False,False,False,False,False,False,2022-12-02 19:51:30.155041+00:00,2022-12-02 19:51:30.155041+00:00
1598703587525378048,ukraine-de,True,False,False,False,False,False,False,False,False,False,2022-12-02 19:50:59.800820+00:00,2022-12-02 19:50:59.800820+00:00
1598703588003516417,ukraine-de,True,True,False,False,False,False,False,False,False,False,2022-12-02 19:51:30.154901+00:00,2022-12-02 19:51:30.154901+00:00
1598703591438557186,ukraine-de,True,False,False,False,False,False,False,False,False,False,2022-12-02 19:51:30.198334+00:00,2022-12-02 19:51:30.198334+00:00
1598703606793846785,ukraine-de,True,True,False,False,False,False,False,False,False,False,2022-12-02 19:51:30.154720+00:00,2022-12-02 19:51:30.154720+00:00
1598703644085551105,ukraine-de,True,True,False,False,False,False,False,False,False,False,2022-12-02 19:51:30.154620+00:00,2022-12-02 19:51:30.154620+00:00
1598703650280439809,ukraine-de,True,True,False,False,False,False,False,False,False,False,2022-12-02 19:51:30.154520+00:00,2022-12-02 19:51:30.154520+00:00
1598703728479023106,ukraine-de,True,True,False,False,False,False,False,False,False,False,2022-12-02 19:51:30.154420+00:00,2022-12-02 19:51:30.154420+00:00
1598703731410878465,ukraine-de,True,True,False,False,False,False,False,False,False,False,2022-12-02 19:51:30.154319+00:00,2022-12-02 19:51:30.154319+00:00
1598703733063372801,ukraine-de,True,True,False,False,False,False,False,False,False,False,2022-12-02 19:51:30.154218+00:00,2022-12-02 19:51:30.154218+00:00
1598703780836835329,ukraine-de,True,True,False,False,False,False,False,False,False,False,2022-12-02 19:51:30.154116+00:00,2022-12-02 19:51:30.154116+00:00
1598703785194446851,ukraine-de,True,True,False,False,False,False,False,False,False,False,2022-12-02 19:51:30.153993+00:00,2022-12-02 19:51:30.153993+00:00
1598703797118935043,ukraine-de,True,True,False,False,False,False,False,False,False,False,2022-12-02 19:51:30.153891+00:00,2022-12-02 19:51:30.153891+00:00
1598703802718224384,ukraine-de,True,False,False,False,False,False,False,False,False,False,2022-12-02 19:51:30.197511+00:00,2022-12-02 19:51:30.197511+00:00
1598703810247000070,ukraine-de,True,False,False,False,False,False,False,False,False,False,2022-12-02 19:51:30.196332+00:00,2022-12-02 19:51:30.196332+00:00
1598703815607275520,ukraine-de,True,True,False,False,False,False,False,False,False,False,2022-12-02 19:51:30.153779+00:00,2022-12-02 19:51:30.153779+00:00
1598703877003493376,ukraine-de,True,True,False,False,False,False,False,False,False,False,2022-12-02 19:51:30.153654+00:00,2022-12-02 19:51:30.153654+00:00
1598703886327459840,ukraine-de,True,True,False,False,False,False,False,False,False,False,2022-12-02 19:51:30.153334+00:00,2022-12-02 19:51:30.153334+00:00
1598703889624301572,ukraine-de,True,True,False,False,False,False,False,False,False,False,2022-12-02 19:51:30.153234+00:00,2022-12-02 19:51:30.153234+00:00
1598703894447591424,ukraine-de,True,True,False,False,False,False,False,False,False,False,2022-12-02 19:51:30.153136+00:00,2022-12-02 19:51:30.153136+00:00
1598703894699180033,ukraine-de,True,True,False,False,False,False,False,False,False,False,2022-12-02 19:51:30.153037+00:00,2022-12-02 19:51:30.153037+00:00
1598703900898594818,ukraine-de,True,True,False,False,False,False,False,False,False,False,2022-12-02 19:51:30.152937+00:00,2022-12-02 19:51:30.152937+00:00
1598703911367581698,ukraine-de,True,True,False,False,False,False,False,False,False,False,2022-12-02 19:51:30.152837+00:00,2022-12-02 19:51:30.152837+00:00
1598703916723703808,ukraine-de,True,True,False,False,False,False,False,False,False,False,2022-12-02 19:51:30.152735+00:00,2022-12-02 19:51:30.152735+00:00
1598703917914734592,ukraine-de,True,True,False,False,False,False,False,False,False,False,2022-12-02 19:51:30.152634+00:00,2022-12-02 19:51:30.152634+00:00
1598703947535249408,ukraine-de,True,True,False,False,False,False,False,False,False,False,2022-12-02 19:51:30.152535+00:00,2022-12-02 19:51:30.152535+00:00
1598703977012641796,ukraine-de,True,True,False,False,False,False,False,False,False,False,2022-12-02 19:51:30.152434+00:00,2022-12-02 19:51:30.152434+00:00
1598703977343815680,ukraine-de,True,True,False,False,False,False,False,False,False,False,2022-12-02 19:51:30.152334+00:00,2022-12-02 19:51:30.152334+00:00
1598703988756692994,ukraine-de,True,False,False,False,False,False,False,False,False,False,2022-12-02 22:36:01.067483+00:00,2022-12-02 22:36:01.067483+00:00
1598703990115602433,ukraine-de,True,False,False,False,False,False,False,False,False,False,2022-12-02 19:51:22.134053+00:00,2022-12-02 19:51:22.134053+00:00
1598703994687324163,ukraine-de,True,True,False,False,False,False,False,False,False,False,2022-12-02 19:51:30.152232+00:00,2022-12-02 19:51:30.152232+00:00
1598704066644828161,ukraine-de,True,True,False,False,False,False,False,False,False,False,2022-12-02 19:51:08.499754+00:00,2022-12-02 19:51:30.152132+00:00
1598704087540695042,ukraine-de,True,True,False,False,False,False,False,False,False,False,2022-12-02 19:51:30.152031+00:00,2022-12-02 19:51:30.152031+00:00
1598704104955678720,ukraine-de,True,True,False,False,False,False,False,False,False,False,2022-12-02 19:51:30.151920+00:00,2022-12-02 19:51:30.151920+00:00
1598704130591170566,ukraine-de,True,True,False,False,False,False,False,False,False,False,2022-12-02 19:51:30.151821+00:00,2022-12-02 19:51:30.151821+00:00
1598704130960261120,ukraine-de,True,True,False,False,False,False,False,False,False,False,2022-12-02 19:51:30.151722+00:00,2022-12-02 19:51:30.151722+00:00
1598704149624803328,ukraine-de,True,True,False,False,False,False,False,False,False,False,2022-12-02 19:51:30.151622+00:00,2022-12-02 19:51:30.151622+00:00
1598704162396463104,ukraine-de,True,True,False,False,False,False,False,False,False,False,2022-12-02 19:51:30.151473+00:00,2022-12-02 19:51:30.151473+00:00
1598704249361338370,ukraine-de,True,True,False,False,False,False,False,False,False,False,2022-12-02 19:51:30.151371+00:00,2022-12-02 19:51:30.151371+00:00
1598704258676842496,ukraine-de,True,True,False,False,False,False,False,False,False,False,2022-12-02 19:51:30.151269+00:00,2022-12-02 19:51:30.151269+00:00
1598704261587763200,ukraine-de,True,True,False,False,False,False,False,False,False,False,2022-12-02 19:51:30.151143+00:00,2022-12-02 19:51:30.151143+00:00
1598704267652538369,ukraine-de,True,True,False,False,False,False,False,False,False,False,2022-12-02 19:51:30.150876+00:00,2022-12-02 19:51:30.150876+00:00
1598704270030905344,ukraine-de,True,True,False,False,False,False,False,False,False,False,2022-12-02 19:51:30.150774+00:00,2022-12-02 19:51:30.150774+00:00
1598704275022028806,ukraine-de,True,True,False,False,False,False,False,False,False,False,2022-12-02 19:51:30.150663+00:00,2022-12-02 19:51:30.150663+00:00
1598704293044813825,ukraine-de,True,True,False,False,False,False,False,False,False,False,2022-12-02 19:51:30.150559+00:00,2022-12-02 19:51:30.150559+00:00
1598704305934057475,ukraine-de,True,True,False,False,False,False,False,False,False,False,2022-12-02 19:51:30.150454+00:00,2022-12-02 19:51:30.150454+00:00
1598704326716727296,ukraine-de,True,True,False,False,False,False,False,False,False,False,2022-12-02 19:51:30.150335+00:00,2022-12-02 19:51:30.150335+00:00
1598704346023198723,ukraine-de,True,True,False,False,False,False,False,False,False,False,2022-12-02 19:51:30.150220+00:00,2022-12-02 19:51:30.150220+00:00
1598704367401574400,ukraine-de,True,True,False,False,False,False,False,False,False,False,2022-12-02 19:51:30.149843+00:00,2022-12-02 19:51:30.149843+00:00
1598704367577841664,ukraine-de,True,True,False,False,False,False,False,False,False,False,2022-12-02 19:51:30.149157+00:00,2022-12-02 19:51:30.149157+00:00
1598704399160733696,ukraine-de,True,True,False,False,False,False,False,False,False,False,2022-12-02 19:51:30.149057+00:00,2022-12-02 19:51:30.149057+00:00
1598704446791331840,ukraine-de,True,True,False,False,False,False,False,False,False,False,2022-12-02 19:51:30.148941+00:00,2022-12-02 19:51:30.148941+00:00
1598704470627688449,ukraine-de,True,True,False,False,False,False,False,False,False,False,2022-12-02 19:51:30.148738+00:00,2022-12-02 19:51:30.148738+00:00
1598704478684958720,ukraine-de,True,True,False,False,False,False,False,False,False,False,2022-12-02 19:51:30.148608+00:00,2022-12-02 19:51:30.148608+00:00
1598704482581639169,ukraine-de,True,False,False,False,False,False,False,False,False,False,2022-12-02 19:50:17.518242+00:00,2022-12-02 19:50:17.518242+00:00
1598704531671420928,ukraine-de,True,True,False,False,False,False,False,False,False,False,2022-12-02 19:51:30.148506+00:00,2022-12-02 19:51:30.148506+00:00
1598704533747560448,ukraine-de,True,True,False,False,False,False,False,False,False,False,2022-12-02 19:51:30.148293+00:00,2022-12-02 19:51:30.148293+00:00
1598704537208070145,ukraine-de,True,True,False,False,False,False,False,False,False,False,2022-12-02 19:51:30.148194+00:00,2022-12-02 19:51:30.148194+00:00
1598704572926664705,ukraine-de,True,True,False,False,False,False,False,False,False,False,2022-12-02 19:51:30.148092+00:00,2022-12-02 19:51:30.148092+00:00
1598704575141367809,ukraine-de,True,True,False,False,False,False,False,False,False,False,2022-12-02 19:51:30.147986+00:00,2022-12-02 19:51:30.147986+00:00
1598704577938866176,ukraine-de,True,True,False,False,False,False,False,False,False,False,2022-12-02 19:51:30.147809+00:00,2022-12-02 19:51:30.147809+00:00
1598704588663787520,ukraine-de,True,False,False,False,False,False,False,False,False,False,2022-12-02 22:36:01.070132+00:00,2022-12-02 22:36:01.070132+00:00
1598704591293583362,ukraine-de,True,True,False,False,False,False,False,False,False,False,2022-12-02 19:51:30.147706+00:00,2022-12-02 19:51:30.147706+00:00
1598704593923461120,ukraine-de,True,True,False,False,False,False,False,False,False,False,2022-12-02 19:51:30.147584+00:00,2022-12-02 19:51:30.147584+00:00
1598704598444810243,ukraine-de,True,True,False,False,False,False,False,False,False,False,2022-12-02 19:51:30.147402+00:00,2022-12-02 19:51:30.147402+00:00
1598704617533194244,ukraine-de,True,True,False,False,False,False,False,False,False,False,2022-12-02 19:51:30.147287+00:00,2022-12-02 19:51:30.147287+00:00
1598704624046931974,ukraine-de,True,False,False,False,False,False,False,False,False,False,2022-12-02 19:50:17.504137+00:00,2022-12-02 19:50:17.504137+00:00
1598704684105179139,ukraine-de,True,True,False,False,False,False,False,False,False,False,2022-12-02 19:51:30.147186+00:00,2022-12-02 19:51:30.147186+00:00
1598704684776185856,ukraine-de,True,True,False,False,False,False,False,False,False,False,2022-12-02 19:51:30.147069+00:00,2022-12-02 19:51:30.147069+00:00
1598704689247358978,ukraine-de,True,False,False,False,False,False,False,False,False,False,2022-12-03 08:10:53.465781+00:00,2022-12-03 08:10:53.465781+00:00
1598704689671180289,ukraine-de,True,True,False,False,False,False,False,False,False,False,2022-12-02 19:51:30.146967+00:00,2022-12-02 19:51:30.146967+00:00
1598704690153361408,ukraine-de,True,True,False,False,False,False,False,False,False,False,2022-12-02 19:51:30.146865+00:00,2022-12-02 19:51:30.146865+00:00
1598704692208377857,ukraine-de,True,True,False,False,False,False,False,False,False,False,2022-12-02 19:51:30.146747+00:00,2022-12-02 19:51:30.146747+00:00
1598704713402228737,ukraine-de,True,True,False,False,False,False,False,False,False,False,2022-12-02 19:51:30.146646+00:00,2022-12-02 19:51:30.146646+00:00
1598704726446510080,ukraine-de,True,True,False,False,False,False,False,False,False,False,2022-12-02 19:51:30.146546+00:00,2022-12-02 19:51:30.146546+00:00
1598704765004832768,ukraine-de,True,True,False,False,False,False,False,False,False,False,2022-12-02 19:51:30.146444+00:00,2022-12-02 19:51:30.146444+00:00
1598704869073858560,ukraine-de,True,True,False,False,False,False,False,False,False,False,2022-12-02 19:51:30.146341+00:00,2022-12-02 19:51:30.146341+00:00
1598704893409128449,ukraine-de,True,True,False,False,False,False,False,False,False,False,2022-12-02 19:51:30.146225+00:00,2022-12-02 19:51:30.146225+00:00
1598704909481672705,ukraine-de,True,True,False,False,False,False,False,False,False,False,2022-12-02 19:51:30.145963+00:00,2022-12-02 19:51:30.145963+00:00
1598704946693537792,ukraine-de,True,True,False,False,False,False,False,False,False,False,2022-12-02 19:51:30.145861+00:00,2022-12-02 19:51:30.145861+00:00
1598704949952757760,ukraine-de,True,True,False,False,False,False,False,False,False,False,2022-12-02 19:51:30.145746+00:00,2022-12-02 19:51:30.145746+00:00
1598704964183805952,ukraine-de,True,True,False,False,False,False,False,False,False,False,2022-12-02 19:51:30.145528+00:00,2022-12-02 19:51:30.145528+00:00
1598704976976568320,ukraine-de,True,True,False,False,False,False,False,False,False,False,2022-12-02 19:51:30.145298+00:00,2022-12-02 19:51:30.145298+00:00
1598704989949435905,ukraine-de,True,True,False,False,False,False,False,False,False,False,2022-12-02 19:51:30.145196+00:00,2022-12-02 19:51:30.145196+00:00
1598705023328059392,ukraine-de,True,True,False,False,False,False,False,False,False,False,2022-12-02 19:51:30.145087+00:00,2022-12-02 19:51:30.145087+00:00
1598705031410290689,ukraine-de,True,True,False,False,False,False,False,False,False,False,2022-12-02 19:51:30.144912+00:00,2022-12-02 19:51:30.144912+00:00
1598705110464331776,ukraine-de,True,True,False,False,False,False,False,False,False,False,2022-12-02 19:51:30.144801+00:00,2022-12-02 19:51:30.144801+00:00
1598705116718239751,ukraine-de,True,True,False,False,False,False,False,False,False,False,2022-12-02 19:51:30.144698+00:00,2022-12-02 19:51:30.144698+00:00
1598705137782034435,ukraine-de,True,True,False,False,False,False,False,False,False,False,2022-12-02 19:51:30.144573+00:00,2022-12-02 19:51:30.144573+00:00
1598705187828498432,ukraine-de,True,True,False,False,False,False,False,False,False,False,2022-12-02 19:51:30.144456+00:00,2022-12-02 19:51:30.144456+00:00
1598705188780621827,ukraine-de,True,True,False,False,False,False,False,False,False,False,2022-12-02 19:50:17.500912+00:00,2022-12-02 19:51:30.144355+00:00
1598705208023871488,ukraine-de,True,True,False,False,False,False,False,False,False,False,2022-12-02 19:51:30.144244+00:00,2022-12-02 19:51:30.144244+00:00
1598705247949561857,ukraine-de,True,True,False,False,False,False,False,False,False,False,2022-12-02 19:51:30.144144+00:00,2022-12-02 19:51:30.144144+00:00
1598705263753809920,ukraine-de,True,True,False,False,False,False,False,False,False,False,2022-12-02 19:51:30.144026+00:00,2022-12-02 19:51:30.144026+00:00
1598705283626409984,ukraine-de,True,True,False,False,False,False,False,False,False,False,2022-12-02 19:51:30.143926+00:00,2022-12-02 19:51:30.143926+00:00
1598705311807938560,ukraine-de,True,True,False,False,False,False,False,False,False,False,2022-12-02 19:51:30.143826+00:00,2022-12-02 19:51:30.143826+00:00
1598705321169518593,ukraine-de,True,True,False,False,False,False,False,False,False,False,2022-12-02 19:51:30.143723+00:00,2022-12-02 19:51:30.143723+00:00
1598705328593506304,ukraine-de,True,True,False,False,False,False,False,False,False,False,2022-12-02 19:51:30.143607+00:00,2022-12-02 19:51:30.143607+00:00
1598705370515619846,ukraine-de,True,True,False,False,False,False,False,False,False,False,2022-12-02 19:51:30.143484+00:00,2022-12-02 19:51:30.143484+00:00
1598705388957876225,ukraine-de,True,True,False,False,False,False,False,False,False,False,2022-12-02 19:51:30.143383+00:00,2022-12-02 19:51:30.143383+00:00
1598705425809276929,ukraine-de,True,False,False,False,False,False,False,False,False,False,2022-12-03 05:35:06.053723+00:00,2022-12-03 05:35:06.053723+00:00
1598705492070637570,ukraine-de,True,True,False,False,False,False,False,False,False,False,2022-12-02 19:51:30.143284+00:00,2022-12-02 19:51:30.143284+00:00
1598705497858678784,ukraine-de,True,True,False,False,False,False,False,False,False,False,2022-12-02 19:51:30.143179+00:00,2022-12-02 19:51:30.143179+00:00
1598705503613460482,ukraine-de,True,True,False,False,False,False,False,False,False,False,2022-12-02 19:51:30.142913+00:00,2022-12-02 19:51:30.142913+00:00
1598705525557968899,ukraine-de,True,True,False,False,False,False,False,False,False,False,2022-12-02 19:51:30.142813+00:00,2022-12-02 19:51:30.142813+00:00
1598705526392569856,ukraine-de,True,True,False,False,False,False,False,False,False,False,2022-12-02 19:51:30.142712+00:00,2022-12-02 19:51:30.142712+00:00
1598705552460500994,ukraine-de,True,True,False,False,False,False,False,False,False,False,2022-12-02 19:51:30.142610+00:00,2022-12-02 19:51:30.142610+00:00
1598705594814369795,ukraine-de,True,True,False,False,False,False,False,False,False,False,2022-12-02 19:51:30.142445+00:00,2022-12-02 19:51:30.142445+00:00
1598705595938398208,ukraine-de,True,True,False,False,False,False,False,False,False,False,2022-12-02 19:51:30.142345+00:00,2022-12-02 19:51:30.142345+00:00
1598705619074154502,ukraine-de,True,True,False,False,False,False,False,False,False,False,2022-12-02 19:51:30.142238+00:00,2022-12-02 19:51:30.142238+00:00
1598705642079866880,ukraine-de,True,True,False,False,False,False,False,False,False,False,2022-12-02 19:51:30.142088+00:00,2022-12-02 19:51:30.142088+00:00
1598705663298895878,ukraine-de,True,True,False,False,False,False,False,False,False,False,2022-12-02 19:51:30.141768+00:00,2022-12-02 19:51:30.141768+00:00
1598705705149669378,ukraine-de,True,True,False,False,False,False,False,False,False,False,2022-12-02 19:51:30.141519+00:00,2022-12-02 19:51:30.141519+00:00
1598705712271458304,ukraine-de,True,True,False,False,False,False,False,False,False,False,2022-12-02 19:51:30.141417+00:00,2022-12-02 19:51:30.141417+00:00
1598705724107784192,ukraine-de,True,True,False,False,False,False,False,False,False,False,2022-12-02 19:51:30.141317+00:00,2022-12-02 19:51:30.141317+00:00
1598705740251860992,ukraine-de,True,True,False,False,False,False,False,False,False,False,2022-12-02 19:51:30.141217+00:00,2022-12-02 19:51:30.141217+00:00
1598705748753760260,ukraine-de,True,True,False,False,False,False,False,False,False,False,2022-12-02 19:51:30.141114+00:00,2022-12-02 19:51:30.141114+00:00
1598705770740129797,ukraine-de,True,True,False,False,False,False,False,False,False,False,2022-12-02 19:51:30.141007+00:00,2022-12-02 19:51:30.141007+00:00
1598705796342288384,ukraine-de,True,True,False,False,False,False,False,False,False,False,2022-12-02 19:51:30.140812+00:00,2022-12-02 19:51:30.140812+00:00
1598705799290912777,ukraine-de,True,True,False,False,False,False,False,False,False,False,2022-12-02 19:51:30.140679+00:00,2022-12-02 19:51:30.140679+00:00
1598705812976721920,ukraine-de,True,False,False,False,False,False,False,False,False,False,2022-12-02 19:51:22.133012+00:00,2022-12-02 19:51:22.133012+00:00
1598705829452169217,ukraine-de,True,True,False,False,False,False,False,False,False,False,2022-12-02 19:51:30.140502+00:00,2022-12-02 19:51:30.140502+00:00
1598705832706777089,ukraine-de,True,True,False,False,False,False,False,False,False,False,2022-12-02 19:51:30.140393+00:00,2022-12-02 19:51:30.140393+00:00
1598705849953918977,ukraine-de,True,True,False,False,False,False,False,False,False,False,2022-12-02 19:51:30.140274+00:00,2022-12-02 19:51:30.140274+00:00
1598705856912187398,ukraine-de,True,True,False,False,False,False,False,False,False,False,2022-12-02 19:50:59.824799+00:00,2022-12-02 19:51:30.140017+00:00
1598705881860165634,ukraine-de,True,True,False,False,False,False,False,False,False,False,2022-12-02 19:51:30.139740+00:00,2022-12-02 19:51:30.139740+00:00
1598705889841713153,ukraine-de,True,True,False,False,False,False,False,False,False,False,2022-12-02 19:51:30.139638+00:00,2022-12-02 19:51:30.139638+00:00
1598705908443406337,ukraine-de,True,True,False,False,False,False,False,False,False,False,2022-12-02 19:51:30.139536+00:00,2022-12-02 19:51:30.139536+00:00
1598705931214127105,ukraine-de,True,True,False,False,False,False,False,False,False,False,2022-12-02 19:51:30.139432+00:00,2022-12-02 19:51:30.139432+00:00
1598705935182094338,ukraine-de,True,True,False,False,False,False,False,False,False,False,2022-12-02 19:51:30.139319+00:00,2022-12-02 19:51:30.139319+00:00
1598705936612397056,ukraine-de,True,True,False,False,False,False,False,False,False,False,2022-12-02 19:51:30.138813+00:00,2022-12-02 19:51:30.138813+00:00
1598705954945609728,ukraine-de,True,True,False,False,False,False,False,False,False,False,2022-12-02 19:51:30.138646+00:00,2022-12-02 19:51:30.138646+00:00
1598705956002603008,ukraine-de,True,True,False,False,False,False,False,False,False,False,2022-12-02 19:50:17.522767+00:00,2022-12-02 19:51:30.138546+00:00
1598705958678663169,ukraine-de,True,True,False,False,False,False,False,False,False,False,2022-12-02 19:51:30.138444+00:00,2022-12-02 19:51:30.138444+00:00
1598705962432413696,ukraine-de,True,True,False,False,False,False,False,False,False,False,2022-12-02 19:51:30.138343+00:00,2022-12-02 19:51:30.138343+00:00
1598705992958558208,ukraine-de,True,True,False,False,False,False,False,False,False,False,2022-12-02 19:51:30.138236+00:00,2022-12-02 19:51:30.138236+00:00
1598706000030203905,ukraine-de,True,True,False,False,False,False,False,False,False,False,2022-12-02 19:51:08.487500+00:00,2022-12-02 19:51:30.138107+00:00
1598706054518431744,ukraine-de,True,False,False,False,False,False,False,False,False,False,2022-12-03 05:35:06.060752+00:00,2022-12-03 05:35:06.060752+00:00
1598706069970292737,ukraine-de,True,False,False,False,False,False,False,False,False,False,2022-12-02 19:51:30.189637+00:00,2022-12-02 19:51:30.189637+00:00
1598706070947602437,ukraine-de,True,True,False,False,False,False,False,False,False,False,2022-12-02 19:51:30.137789+00:00,2022-12-02 19:51:30.137789+00:00
1598706077347897344,ukraine-de,True,True,False,False,False,False,False,False,False,False,2022-12-02 19:51:30.137676+00:00,2022-12-02 19:51:30.137676+00:00
1598706086613319683,ukraine-de,True,True,False,False,False,False,False,False,False,False,2022-12-02 19:51:30.137360+00:00,2022-12-02 19:51:30.137360+00:00
1598706105214853120,ukraine-de,True,True,False,False,False,False,False,False,False,False,2022-12-02 19:51:30.137241+00:00,2022-12-02 19:51:30.137241+00:00
1598706107660247041,ukraine-de,True,True,False,False,False,False,False,False,False,False,2022-12-02 19:51:30.137137+00:00,2022-12-02 19:51:30.137137+00:00
1598706111791525888,ukraine-de,True,True,False,False,False,False,False,False,False,False,2022-12-02 19:51:30.137024+00:00,2022-12-02 19:51:30.137024+00:00
1598706117290369030,ukraine-de,True,True,False,False,False,False,False,False,False,False,2022-12-02 19:51:30.136711+00:00,2022-12-02 19:51:30.136711+00:00
1598706123015610369,ukraine-de,True,True,False,False,False,False,False,False,False,False,2022-12-02 19:51:30.136549+00:00,2022-12-02 19:51:30.136549+00:00
1598706128313094147,ukraine-de,True,True,False,False,False,False,False,False,False,False,2022-12-02 19:51:30.136384+00:00,2022-12-02 19:51:30.136384+00:00
1598706135179091971,ukraine-de,True,True,False,False,False,False,False,False,False,False,2022-12-02 19:51:30.136212+00:00,2022-12-02 19:51:30.136212+00:00
1598706153915125760,ukraine-de,True,True,False,False,False,False,False,False,False,False,2022-12-02 19:51:30.135796+00:00,2022-12-02 19:51:30.135796+00:00
1598706184654974977,ukraine-de,True,True,False,False,False,False,False,False,False,False,2022-12-02 19:51:30.135601+00:00,2022-12-02 19:51:30.135601+00:00
1598706230423216128,ukraine-de,True,True,False,False,False,False,False,False,False,False,2022-12-02 19:51:30.135504+00:00,2022-12-02 19:51:30.135504+00:00
1598706234940702722,ukraine-de,True,True,False,False,False,False,False,False,False,False,2022-12-02 19:51:30.135405+00:00,2022-12-02 19:51:30.135405+00:00
1598706255484391424,ukraine-de,True,True,False,False,False,False,False,False,False,False,2022-12-02 19:51:30.135305+00:00,2022-12-02 19:51:30.135305+00:00
1598706255563870209,ukraine-de,True,True,False,False,False,False,False,False,False,False,2022-12-02 19:51:30.135205+00:00,2022-12-02 19:51:30.135205+00:00
1598706291144212480,ukraine-de,True,True,False,False,False,False,False,False,False,False,2022-12-02 19:50:36.491368+00:00,2022-12-02 19:51:30.135105+00:00
1598706300581453825,ukraine-de,True,False,False,False,False,False,False,False,False,False,2022-12-02 19:51:30.190726+00:00,2022-12-02 19:51:30.190726+00:00
1598706305002360832,ukraine-de,True,True,False,False,False,False,False,False,False,False,2022-12-02 19:51:30.135002+00:00,2022-12-02 19:51:30.135002+00:00
1598706334790139905,ukraine-de,True,True,False,False,False,False,False,False,False,False,2022-12-02 19:51:30.134882+00:00,2022-12-02 19:51:30.134882+00:00
1598706375789490176,ukraine-de,True,True,False,False,False,False,False,False,False,False,2022-12-02 19:51:30.134725+00:00,2022-12-02 19:51:30.134725+00:00
1598706380277284864,ukraine-de,True,True,False,False,False,False,False,False,False,False,2022-12-02 19:51:30.134622+00:00,2022-12-02 19:51:30.134622+00:00
1598706392386269185,ukraine-de,True,True,False,False,False,False,False,False,False,False,2022-12-02 19:51:30.134508+00:00,2022-12-02 19:51:30.134508+00:00
1598706397570637824,ukraine-de,True,False,False,False,False,False,False,False,False,False,2022-12-02 22:35:17.207957+00:00,2022-12-02 22:35:17.207957+00:00
1598706403459276805,ukraine-de,True,True,False,False,False,False,False,False,False,False,2022-12-02 19:51:30.134407+00:00,2022-12-02 19:51:30.134407+00:00
1598706428692373505,ukraine-de,True,True,False,False,False,False,False,False,False,False,2022-12-02 19:51:30.134305+00:00,2022-12-02 19:51:30.134305+00:00
1598706437471059968,ukraine-de,True,True,False,False,False,False,False,False,False,False,2022-12-02 19:51:30.134204+00:00,2022-12-02 19:51:30.134204+00:00
1598706437571608577,ukraine-de,True,True,False,False,False,False,False,False,False,False,2022-12-02 19:51:30.134091+00:00,2022-12-02 19:51:30.134091+00:00
1598706442042843136,ukraine-de,True,True,False,False,False,False,False,False,False,False,2022-12-02 19:51:30.133494+00:00,2022-12-02 19:51:30.133494+00:00
1598706446568493056,ukraine-de,True,True,False,False,False,False,False,False,False,False,2022-12-02 19:51:30.133394+00:00,2022-12-02 19:51:30.133394+00:00
1598706450041372674,ukraine-de,True,True,False,False,False,False,False,False,False,False,2022-12-02 19:51:30.133294+00:00,2022-12-02 19:51:30.133294+00:00
1598706468294864896,ukraine-de,True,True,False,False,False,False,False,False,False,False,2022-12-02 19:51:30.133191+00:00,2022-12-02 19:51:30.133191+00:00
1598706518643249152,ukraine-de,True,True,False,False,False,False,False,False,False,False,2022-12-02 19:51:30.132985+00:00,2022-12-02 19:51:30.132985+00:00
1598706547932151810,ukraine-de,True,False,False,False,False,False,False,False,False,False,2022-12-02 19:51:22.158117+00:00,2022-12-02 19:51:22.158117+00:00
1598706548368343040,ukraine-de,True,True,False,False,False,False,False,False,False,False,2022-12-02 19:51:30.132807+00:00,2022-12-02 19:51:30.132807+00:00
1598706555968520194,ukraine-de,True,True,False,False,False,False,False,False,False,False,2022-12-02 19:51:30.132693+00:00,2022-12-02 19:51:30.132693+00:00
1598706569411035138,ukraine-de,True,True,False,False,False,False,False,False,False,False,2022-12-02 19:51:30.132592+00:00,2022-12-02 19:51:30.132592+00:00
1598706587077517312,ukraine-de,True,False,False,False,False,False,False,False,False,False,2022-12-02 19:51:22.133227+00:00,2022-12-02 19:51:22.133227+00:00
1598706605452890113,ukraine-de,True,True,False,False,False,False,False,False,False,False,2022-12-02 19:51:30.132490+00:00,2022-12-02 19:51:30.132490+00:00
1598706606295945217,ukraine-de,True,True,False,False,False,False,False,False,False,False,2022-12-02 19:51:30.132388+00:00,2022-12-02 19:51:30.132388+00:00
1598706616542674946,ukraine-de,True,True,False,False,False,False,False,False,False,False,2022-12-02 19:51:30.132281+00:00,2022-12-02 19:51:30.132281+00:00
1598706650994688002,ukraine-de,True,True,False,False,False,False,False,False,False,False,2022-12-02 19:51:30.132038+00:00,2022-12-02 19:51:30.132038+00:00
1598706661115531264,ukraine-de,True,True,False,False,False,False,False,False,False,False,2022-12-02 19:51:30.131800+00:00,2022-12-02 19:51:30.131800+00:00
1598706663946481665,ukraine-de,True,True,False,False,False,False,False,False,False,False,2022-12-02 19:51:30.131699+00:00,2022-12-02 19:51:30.131699+00:00
1598706682435190786,ukraine-de,True,True,False,False,False,False,False,False,False,False,2022-12-02 19:51:30.131596+00:00,2022-12-02 19:51:30.131596+00:00
1598706700470652928,ukraine-de,True,True,False,False,False,False,False,False,False,False,2022-12-02 19:51:30.131491+00:00,2022-12-02 19:51:30.131491+00:00
1598706711883292673,ukraine-de,True,True,False,False,False,False,False,False,False,False,2022-12-02 19:51:30.131365+00:00,2022-12-02 19:51:30.131365+00:00
1598706725720391681,ukraine-de,True,True,False,False,False,False,False,False,False,False,2022-12-02 19:51:30.131266+00:00,2022-12-02 19:51:30.131266+00:00
1598706785212301313,ukraine-de,True,True,False,False,False,False,False,False,False,False,2022-12-02 19:51:30.131163+00:00,2022-12-02 19:51:30.131163+00:00
1598706803440852992,ukraine-de,True,False,False,False,False,False,False,False,False,False,2022-12-02 19:51:22.125797+00:00,2022-12-02 19:51:22.125797+00:00
1598706820067086337,ukraine-de,True,True,False,False,False,False,False,False,False,False,2022-12-02 19:51:30.131055+00:00,2022-12-02 19:51:30.131055+00:00
1598706853373845504,ukraine-de,True,True,False,False,False,False,False,False,False,False,2022-12-02 19:51:30.130914+00:00,2022-12-02 19:51:30.130914+00:00
1598706865323610113,ukraine-de,True,True,False,False,False,False,False,False,False,False,2022-12-02 19:51:30.130737+00:00,2022-12-02 19:51:30.130737+00:00
1598706875515555840,ukraine-de,True,True,False,False,False,False,False,False,False,False,2022-12-02 19:51:30.130637+00:00,2022-12-02 19:51:30.130637+00:00
1598706886983168000,ukraine-de,True,True,False,False,False,False,False,False,False,False,2022-12-02 19:51:30.130536+00:00,2022-12-02 19:51:30.130536+00:00
1598706892586582016,ukraine-de,True,True,False,False,False,False,False,False,False,False,2022-12-02 19:51:30.130435+00:00,2022-12-02 19:51:30.130435+00:00
1598706913482608641,ukraine-de,True,True,False,False,False,False,False,False,False,False,2022-12-02 19:51:30.130335+00:00,2022-12-02 19:51:30.130335+00:00
1598706916582039552,ukraine-de,True,False,False,False,False,False,False,False,False,False,2022-12-02 19:51:08.499971+00:00,2022-12-02 19:51:08.499971+00:00
1598706930104549376,ukraine-de,True,True,False,False,False,False,False,False,False,False,2022-12-02 19:51:22.134571+00:00,2022-12-02 19:51:30.130235+00:00
1598706933392867328,ukraine-de,True,True,False,False,False,False,False,False,False,False,2022-12-02 19:51:30.130131+00:00,2022-12-02 19:51:30.130131+00:00
1598706936693784578,ukraine-de,True,False,False,False,False,False,False,False,False,False,2022-12-02 19:51:30.190324+00:00,2022-12-02 19:51:30.190324+00:00
1598706936773500929,ukraine-de,True,True,False,False,False,False,False,False,False,False,2022-12-02 19:51:30.130000+00:00,2022-12-02 19:51:30.130000+00:00
1598706939948572673,ukraine-de,True,True,False,False,False,False,False,False,False,False,2022-12-02 19:51:30.129667+00:00,2022-12-02 19:51:30.129667+00:00
1598706954720800769,ukraine-de,True,True,False,False,False,False,False,False,False,False,2022-12-02 19:51:30.129529+00:00,2022-12-02 19:51:30.129529+00:00
1598706987570585601,ukraine-de,True,True,False,False,False,False,False,False,False,False,2022-12-02 19:51:30.129425+00:00,2022-12-02 19:51:30.129425+00:00
1598707004150874112,ukraine-de,True,True,False,False,False,False,False,False,False,False,2022-12-02 19:51:30.129319+00:00,2022-12-02 19:51:30.129319+00:00
1598707020324126722,ukraine-de,True,True,False,False,False,False,False,False,False,False,2022-12-02 19:51:30.129209+00:00,2022-12-02 19:51:30.129209+00:00
1598707022228123648,ukraine-de,True,True,False,False,False,False,False,False,False,False,2022-12-02 19:51:30.129091+00:00,2022-12-02 19:51:30.129091+00:00
1598707078423625733,ukraine-de,True,True,False,False,False,False,False,False,False,False,2022-12-02 19:51:30.128923+00:00,2022-12-02 19:51:30.128923+00:00
1598707080780726275,ukraine-de,True,True,False,False,False,False,False,False,False,False,2022-12-02 19:51:30.127745+00:00,2022-12-02 19:51:30.127745+00:00
1598707096286920704,ukraine-de,True,True,False,False,False,False,False,False,False,False,2022-12-02 19:51:30.127644+00:00,2022-12-02 19:51:30.127644+00:00
1598707104143097857,ukraine-de,True,True,False,False,False,False,False,False,False,False,2022-12-02 19:51:30.127540+00:00,2022-12-02 19:51:30.127540+00:00
1598707106722598913,ukraine-de,True,True,False,False,False,False,False,False,False,False,2022-12-02 19:51:30.127436+00:00,2022-12-02 19:51:30.127436+00:00
1598707144689389571,ukraine-de,True,True,False,False,False,False,False,False,False,False,2022-12-02 19:51:30.127326+00:00,2022-12-02 19:51:30.127326+00:00
1598707149701521410,ukraine-de,True,True,False,False,False,False,False,False,False,False,2022-12-02 19:51:30.127194+00:00,2022-12-02 19:51:30.127194+00:00
1598707155229614080,ukraine-de,True,True,False,False,False,False,False,False,False,False,2022-12-02 19:51:30.127059+00:00,2022-12-02 19:51:30.127059+00:00
1598707178382270465,ukraine-de,True,True,False,False,False,False,False,False,False,False,2022-12-02 19:51:30.126222+00:00,2022-12-02 19:51:30.126222+00:00
1598707182677413888,ukraine-de,True,True,False,False,False,False,False,False,False,False,2022-12-02 19:51:30.124820+00:00,2022-12-02 19:51:30.124820+00:00
1598707199685316608,ukraine-de,True,True,False,False,False,False,False,False,False,False,2022-12-02 19:51:30.124717+00:00,2022-12-02 19:51:30.124717+00:00
1598707274138243077,ukraine-de,True,True,False,False,False,False,False,False,False,False,2022-12-02 19:51:30.124615+00:00,2022-12-02 19:51:30.124615+00:00
1598707282497282048,ukraine-de,True,True,False,False,False,False,False,False,False,False,2022-12-02 19:51:30.124511+00:00,2022-12-02 19:51:30.124511+00:00
1598707287052500995,ukraine-de,True,True,False,False,False,False,False,False,False,False,2022-12-02 19:51:30.124407+00:00,2022-12-02 19:51:30.124407+00:00
1598707289384374273,ukraine-de,True,True,False,False,False,False,False,False,False,False,2022-12-02 19:51:30.124283+00:00,2022-12-02 19:51:30.124283+00:00
1598707308401283073,ukraine-de,True,True,False,False,False,False,False,False,False,False,2022-12-02 19:51:30.124177+00:00,2022-12-02 19:51:30.124177+00:00
1598707352663773185,ukraine-de,True,True,False,False,False,False,False,False,False,False,2022-12-02 19:51:30.124067+00:00,2022-12-02 19:51:30.124067+00:00
1598707366161260544,ukraine-de,True,True,False,False,False,False,False,False,False,False,2022-12-02 19:51:30.123927+00:00,2022-12-02 19:51:30.123927+00:00
1598707373253672960,ukraine-de,True,True,False,False,False,False,False,False,False,False,2022-12-02 19:51:30.122604+00:00,2022-12-02 19:51:30.122604+00:00
1598707383160692739,ukraine-de,True,True,False,False,False,False,False,False,False,False,2022-12-02 19:51:30.122499+00:00,2022-12-02 19:51:30.122499+00:00
1598707391775776769,ukraine-de,True,False,False,False,False,False,False,False,False,False,2022-12-02 19:50:36.495691+00:00,2022-12-02 19:50:36.495691+00:00
1598707395240382464,ukraine-de,True,True,False,False,False,False,False,False,False,False,2022-12-02 19:51:08.498719+00:00,2022-12-02 19:51:30.122391+00:00
1598707416199217152,ukraine-de,True,True,False,False,False,False,False,False,False,False,2022-12-02 19:51:30.122262+00:00,2022-12-02 19:51:30.122262+00:00
1598707440517664769,ukraine-de,True,True,False,False,False,False,False,False,False,False,2022-12-02 19:51:30.122120+00:00,2022-12-02 19:51:30.122120+00:00
1598707461757710336,ukraine-de,True,True,False,False,False,False,False,False,False,False,2022-12-02 19:51:30.121985+00:00,2022-12-02 19:51:30.121985+00:00
1598707485459685376,ukraine-de,True,False,False,False,False,False,False,False,False,False,2022-12-03 01:30:18.805134+00:00,2022-12-03 01:30:18.805134+00:00
1598707505961570307,ukraine-de,True,True,False,False,False,False,False,False,False,False,2022-12-02 19:51:30.121314+00:00,2022-12-02 19:51:30.121314+00:00
1598707537557131265,ukraine-de,True,False,False,False,False,False,False,False,False,False,2022-12-03 01:30:18.807511+00:00,2022-12-03 01:30:18.807511+00:00
1598707542653554688,ukraine-de,True,True,False,False,False,False,False,False,False,False,2022-12-02 19:51:30.120387+00:00,2022-12-02 19:51:30.120387+00:00
1598707561493979137,ukraine-de,True,True,False,False,False,False,False,False,False,False,2022-12-02 19:51:30.120281+00:00,2022-12-02 19:51:30.120281+00:00
1598707614057218050,ukraine-de,True,True,False,False,False,False,False,False,False,False,2022-12-02 19:51:30.120169+00:00,2022-12-02 19:51:30.120169+00:00
1598707614376161280,ukraine-de,True,True,False,False,False,False,False,False,False,False,2022-12-02 19:51:30.120040+00:00,2022-12-02 19:51:30.120040+00:00
1598707615353212933,ukraine-de,True,True,False,False,False,False,False,False,False,False,2022-12-02 19:51:30.118758+00:00,2022-12-02 19:51:30.118758+00:00
1598707626975567873,ukraine-de,True,True,False,False,False,False,False,False,False,False,2022-12-02 19:51:30.118625+00:00,2022-12-02 19:51:30.118625+00:00
1598707646999076865,ukraine-de,True,True,False,False,False,False,False,False,False,False,2022-12-02 19:51:30.116796+00:00,2022-12-02 19:51:30.116796+00:00
1598707674509496320,ukraine-de,True,True,False,False,False,False,False,False,False,False,2022-12-02 19:51:30.116694+00:00,2022-12-02 19:51:30.116694+00:00
1598707685989486592,ukraine-de,True,True,False,False,False,False,False,False,False,False,2022-12-02 19:51:30.116591+00:00,2022-12-02 19:51:30.116591+00:00
1598707730017042432,ukraine-de,True,False,False,False,False,False,False,False,False,False,2022-12-03 08:10:16.229348+00:00,2022-12-03 08:10:16.229348+00:00
1598707780722065408,ukraine-de,True,True,False,False,False,False,False,False,False,False,2022-12-02 19:51:08.484057+00:00,2022-12-02 19:51:30.116470+00:00
1598707786497630208,ukraine-de,True,True,False,False,False,False,False,False,False,False,2022-12-02 19:51:30.116346+00:00,2022-12-02 19:51:30.116346+00:00
1598707803132030976,ukraine-de,True,True,False,False,False,False,False,False,False,False,2022-12-02 19:51:30.116236+00:00,2022-12-02 19:51:30.116236+00:00
1598707814545096706,ukraine-de,True,True,False,False,False,False,False,False,False,False,2022-12-02 19:51:30.116117+00:00,2022-12-02 19:51:30.116117+00:00
1598707861605040129,ukraine-de,True,True,False,False,False,False,False,False,False,False,2022-12-02 19:51:30.114814+00:00,2022-12-02 19:51:30.114814+00:00
1598707874384986121,ukraine-de,True,True,False,False,False,False,False,False,False,False,2022-12-02 19:51:30.114711+00:00,2022-12-02 19:51:30.114711+00:00
1598707895226535936,ukraine-de,True,True,False,False,False,False,False,False,False,False,2022-12-02 19:51:30.114606+00:00,2022-12-02 19:51:30.114606+00:00
1598707913828114432,ukraine-de,True,False,False,False,False,False,False,False,False,False,2022-12-03 11:05:17.148033+00:00,2022-12-03 11:05:17.148033+00:00
1598707926109126658,ukraine-de,True,True,False,False,False,False,False,False,False,False,2022-12-02 19:51:30.114476+00:00,2022-12-02 19:51:30.114476+00:00
1598707941431218176,ukraine-de,True,True,False,False,False,False,False,False,False,False,2022-12-02 19:51:30.114374+00:00,2022-12-02 19:51:30.114374+00:00
1598707954357878785,ukraine-de,True,True,False,False,False,False,False,False,False,False,2022-12-02 19:51:30.114266+00:00,2022-12-02 19:51:30.114266+00:00
1598707975543218177,ukraine-de,True,False,False,False,False,False,False,False,False,False,2022-12-02 19:51:08.487708+00:00,2022-12-02 19:51:08.487708+00:00
1598708004869664770,ukraine-de,True,True,False,False,False,False,False,False,False,False,2022-12-02 19:51:30.114154+00:00,2022-12-02 19:51:30.114154+00:00
1598708026902454273,ukraine-de,True,True,False,False,False,False,False,False,False,False,2022-12-02 19:51:30.114018+00:00,2022-12-02 19:51:30.114018+00:00
1598708037111324672,ukraine-de,True,True,False,False,False,False,False,False,False,False,2022-12-02 19:51:30.112761+00:00,2022-12-02 19:51:30.112761+00:00
1598708037690314754,ukraine-de,True,True,False,False,False,False,False,False,False,False,2022-12-02 19:51:30.112658+00:00,2022-12-02 19:51:30.112658+00:00
1598708057286053888,ukraine-de,True,False,False,False,False,False,False,False,False,False,2022-12-03 08:10:46.237676+00:00,2022-12-03 08:10:46.237676+00:00
1598708066676981760,ukraine-de,True,True,False,False,False,False,False,False,False,False,2022-12-02 19:51:30.112555+00:00,2022-12-02 19:51:30.112555+00:00
1598708078056202242,ukraine-de,True,False,False,False,False,False,False,False,False,False,2022-12-02 19:51:22.143931+00:00,2022-12-02 19:51:22.143931+00:00
1598708094732681216,ukraine-de,True,True,False,False,False,False,False,False,False,False,2022-12-02 19:51:30.112451+00:00,2022-12-02 19:51:30.112451+00:00
1598708102810984448,ukraine-de,True,True,False,False,False,False,False,False,False,False,2022-12-02 19:51:30.112341+00:00,2022-12-02 19:51:30.112341+00:00
1598708117302386688,ukraine-de,True,True,False,False,False,False,False,False,False,False,2022-12-02 19:51:30.112214+00:00,2022-12-02 19:51:30.112214+00:00
1598708132896612352,ukraine-de,True,True,False,False,False,False,False,False,False,False,2022-12-02 19:51:30.112086+00:00,2022-12-02 19:51:30.112086+00:00
1598708164915929088,ukraine-de,True,True,False,False,False,False,False,False,False,False,2022-12-02 19:51:30.110772+00:00,2022-12-02 19:51:30.110772+00:00
1598708167168299009,ukraine-de,True,True,False,False,False,False,False,False,False,False,2022-12-02 19:51:30.110652+00:00,2022-12-02 19:51:30.110652+00:00
1598708173954760711,ukraine-de,True,True,False,False,False,False,False,False,False,False,2022-12-02 19:51:30.109546+00:00,2022-12-02 19:51:30.109546+00:00
1598708239809613828,ukraine-de,True,True,False,False,False,False,False,False,False,False,2022-12-02 19:51:30.109421+00:00,2022-12-02 19:51:30.109421+00:00
1598708287016402944,ukraine-de,True,True,False,False,False,False,False,False,False,False,2022-12-02 19:51:30.108988+00:00,2022-12-02 19:51:30.108988+00:00
1598708287431577600,ukraine-de,True,False,False,False,False,False,False,False,False,False,2022-12-02 19:50:59.829780+00:00,2022-12-02 19:50:59.829780+00:00
1598708290027855872,ukraine-de,True,True,False,False,False,False,False,False,False,False,2022-12-02 19:51:30.108591+00:00,2022-12-02 19:51:30.108591+00:00
1598708295694426113,ukraine-de,True,True,False,False,False,False,False,False,False,False,2022-12-02 19:51:30.108387+00:00,2022-12-02 19:51:30.108387+00:00
1598708309057495042,ukraine-de,True,True,False,False,False,False,False,False,False,False,2022-12-02 19:51:30.108286+00:00,2022-12-02 19:51:30.108286+00:00
1598708317815283714,ukraine-de,True,True,False,False,False,False,False,False,False,False,2022-12-02 19:51:08.501309+00:00,2022-12-02 19:51:30.108181+00:00
1598708337255882753,ukraine-de,True,True,False,False,False,False,False,False,False,False,2022-12-02 19:51:30.108077+00:00,2022-12-02 19:51:30.108077+00:00
1598708356302127105,ukraine-de,True,True,False,False,False,False,False,False,False,False,2022-12-02 19:51:30.107955+00:00,2022-12-02 19:51:30.107955+00:00
1598708366104215558,ukraine-de,True,True,False,False,False,False,False,False,False,False,2022-12-02 19:51:30.107852+00:00,2022-12-02 19:51:30.107852+00:00
1598708384127221763,ukraine-de,True,True,False,False,False,False,False,False,False,False,2022-12-02 19:51:30.107738+00:00,2022-12-02 19:51:30.107738+00:00
1598708390573776898,ukraine-de,True,True,False,False,False,False,False,False,False,False,2022-12-02 19:51:30.107544+00:00,2022-12-02 19:51:30.107544+00:00
1598708403131412480,ukraine-de,True,True,False,False,False,False,False,False,False,False,2022-12-02 19:51:30.107427+00:00,2022-12-02 19:51:30.107427+00:00
1598708423348359168,ukraine-de,True,True,False,False,False,False,False,False,False,False,2022-12-02 19:51:30.107320+00:00,2022-12-02 19:51:30.107320+00:00
1598708425625833472,ukraine-de,True,True,False,False,False,False,False,False,False,False,2022-12-02 19:51:30.107206+00:00,2022-12-02 19:51:30.107206+00:00
1598708427626348547,ukraine-de,True,True,False,False,False,False,False,False,False,False,2022-12-02 19:51:30.106851+00:00,2022-12-02 19:51:30.106851+00:00
1598708437344391168,ukraine-de,True,False,False,False,False,False,False,False,False,False,2022-12-03 11:05:26.643404+00:00,2022-12-03 11:05:26.643404+00:00
1598708466775777281,ukraine-de,True,True,False,False,False,False,False,False,False,False,2022-12-02 19:51:30.106749+00:00,2022-12-02 19:51:30.106749+00:00
1598708501563351046,ukraine-de,True,True,False,False,False,False,False,False,False,False,2022-12-02 19:51:30.106629+00:00,2022-12-02 19:51:30.106629+00:00
1598708555040817153,ukraine-de,True,True,False,False,False,False,False,False,False,False,2022-12-02 19:51:30.106524+00:00,2022-12-02 19:51:30.106524+00:00
1598708555200307201,ukraine-de,True,False,False,False,False,False,False,False,False,False,2022-12-02 19:51:08.496273+00:00,2022-12-02 19:51:08.496273+00:00
1598708565631324162,ukraine-de,True,True,False,False,False,False,False,False,False,False,2022-12-02 19:51:30.106405+00:00,2022-12-02 19:51:30.106405+00:00
1598708568961830914,ukraine-de,True,True,False,False,False,False,False,False,False,False,2022-12-02 19:51:08.494780+00:00,2022-12-02 19:51:30.106301+00:00
1598708573227188224,ukraine-de,True,True,False,False,False,False,False,False,False,False,2022-12-02 19:51:22.145212+00:00,2022-12-02 19:51:30.106186+00:00
1598708577803243520,ukraine-de,True,False,False,False,False,False,False,False,False,False,2022-12-02 19:51:22.133766+00:00,2022-12-02 19:51:22.133766+00:00
1598708588830232586,ukraine-de,True,True,False,False,False,False,False,False,False,False,2022-12-02 19:51:30.106056+00:00,2022-12-02 19:51:30.106056+00:00
1598708607377235968,ukraine-de,True,True,False,False,False,False,False,False,False,False,2022-12-02 19:51:30.105949+00:00,2022-12-02 19:51:30.105949+00:00
1598708614222385153,ukraine-de,True,False,False,False,False,False,False,False,False,False,2022-12-02 19:50:59.834728+00:00,2022-12-02 19:50:59.834728+00:00
1598708619717009410,ukraine-de,True,True,False,False,False,False,False,False,False,False,2022-12-02 19:51:30.105841+00:00,2022-12-02 19:51:30.105841+00:00
1598708621054906368,ukraine-de,True,True,False,False,False,False,False,False,False,False,2022-12-02 19:51:30.105696+00:00,2022-12-02 19:51:30.105696+00:00
1598708622875414528,ukraine-de,True,True,False,False,False,False,False,False,False,False,2022-12-02 19:51:30.105507+00:00,2022-12-02 19:51:30.105507+00:00
1598708654056034304,ukraine-de,True,True,False,False,False,False,False,False,False,False,2022-12-02 19:51:30.101443+00:00,2022-12-02 19:51:30.101443+00:00
1598708670568681473,ukraine-de,True,True,False,False,False,False,False,False,False,False,2022-12-02 19:51:30.101339+00:00,2022-12-02 19:51:30.101339+00:00
1598708692878331905,ukraine-de,True,True,False,False,False,False,False,False,False,False,2022-12-02 19:51:30.101233+00:00,2022-12-02 19:51:30.101233+00:00
1598708703112347648,ukraine-de,True,True,False,False,False,False,False,False,False,False,2022-12-02 19:51:30.101125+00:00,2022-12-02 19:51:30.101125+00:00
1598708710557220865,ukraine-de,True,True,False,False,False,False,False,False,False,False,2022-12-02 19:51:30.101016+00:00,2022-12-02 19:51:30.101016+00:00
1598708717943341056,ukraine-de,True,True,False,False,False,False,False,False,False,False,2022-12-02 19:51:30.100884+00:00,2022-12-02 19:51:30.100884+00:00
1598708767494807552,ukraine-de,True,True,False,False,False,False,False,False,False,False,2022-12-02 19:51:30.100774+00:00,2022-12-02 19:51:30.100774+00:00
1598708773023059973,ukraine-de,True,True,False,False,False,False,False,False,False,False,2022-12-02 19:51:30.100656+00:00,2022-12-02 19:51:30.100656+00:00
1598708782497861632,ukraine-de,True,True,False,False,False,False,False,False,False,False,2022-12-02 19:51:30.099606+00:00,2022-12-02 19:51:30.099606+00:00
1598708792719540225,ukraine-de,True,True,False,False,False,False,False,False,False,False,2022-12-02 19:51:30.099500+00:00,2022-12-02 19:51:30.099500+00:00
1598708792828608512,ukraine-de,True,True,False,False,False,False,False,False,False,False,2022-12-02 19:50:27.670276+00:00,2022-12-02 19:51:30.099374+00:00
1598708794539712513,ukraine-de,True,True,False,False,False,False,False,False,False,False,2022-12-02 19:51:30.099238+00:00,2022-12-02 19:51:30.099238+00:00
1598708812080451588,ukraine-de,True,True,False,False,False,False,False,False,False,False,2022-12-02 19:51:30.099096+00:00,2022-12-02 19:51:30.099096+00:00
1598708822964686848,ukraine-de,True,True,False,False,False,False,False,False,False,False,2022-12-02 19:51:30.098227+00:00,2022-12-02 19:51:30.098227+00:00
1598708834947764229,ukraine-de,True,True,False,False,False,False,False,False,False,False,2022-12-02 19:51:30.098119+00:00,2022-12-02 19:51:30.098119+00:00
1598708835660726273,ukraine-de,True,True,False,False,False,False,False,False,False,False,2022-12-02 19:51:30.098008+00:00,2022-12-02 19:51:30.098008+00:00
1598708841427996672,ukraine-de,True,True,False,False,False,False,False,False,False,False,2022-12-02 19:51:30.097859+00:00,2022-12-02 19:51:30.097859+00:00
1598708847442628611,ukraine-de,True,True,False,False,False,False,False,False,False,False,2022-12-02 19:51:30.097622+00:00,2022-12-02 19:51:30.097622+00:00
1598708856640643073,ukraine-de,True,True,False,False,False,False,False,False,False,False,2022-12-02 19:51:30.096456+00:00,2022-12-02 19:51:30.096456+00:00
1598708888769101824,ukraine-de,True,True,False,False,False,False,False,False,False,False,2022-12-02 19:51:30.096350+00:00,2022-12-02 19:51:30.096350+00:00
1598708906301313024,ukraine-de,True,False,False,False,False,False,False,False,False,False,2022-12-02 19:51:30.183896+00:00,2022-12-02 19:51:30.183896+00:00
1598708909451231233,ukraine-de,True,True,False,False,False,False,False,False,False,False,2022-12-02 19:51:30.096226+00:00,2022-12-02 19:51:30.096226+00:00
1598708914417070091,ukraine-de,True,True,False,False,False,False,False,False,False,False,2022-12-02 19:51:30.096114+00:00,2022-12-02 19:51:30.096114+00:00
1598708935460003840,ukraine-de,True,True,False,False,False,False,False,False,False,False,2022-12-02 19:51:30.095766+00:00,2022-12-02 19:51:30.095766+00:00
1598708935523028995,ukraine-de,True,True,False,False,False,False,False,False,False,False,2022-12-02 19:51:30.095653+00:00,2022-12-02 19:51:30.095653+00:00
1598708937586397184,ukraine-de,True,True,False,False,False,False,False,False,False,False,2022-12-02 19:51:30.095486+00:00,2022-12-02 19:51:30.095486+00:00
1598708939251646466,ukraine-de,True,True,False,False,False,False,False,False,False,False,2022-12-02 19:51:30.095223+00:00,2022-12-02 19:51:30.095223+00:00
1598708978317402122,ukraine-de,True,True,False,False,False,False,False,False,False,False,2022-12-02 19:51:30.091834+00:00,2022-12-02 19:51:30.091834+00:00
1598709028569374722,ukraine-de,True,True,False,False,False,False,False,False,False,False,2022-12-02 19:51:30.091735+00:00,2022-12-02 19:51:30.091735+00:00
1598709036429770754,ukraine-de,True,True,False,False,False,False,False,False,False,False,2022-12-02 19:51:30.091635+00:00,2022-12-02 19:51:30.091635+00:00
1598709055790682114,ukraine-de,True,True,False,False,False,False,False,False,False,False,2022-12-02 19:51:30.091536+00:00,2022-12-02 19:51:30.091536+00:00
1598709071799980032,ukraine-de,True,True,False,False,False,False,False,False,False,False,2022-12-02 19:51:30.091434+00:00,2022-12-02 19:51:30.091434+00:00
1598709093534924807,ukraine-de,True,True,False,False,False,False,False,False,False,False,2022-12-02 19:51:30.091329+00:00,2022-12-02 19:51:30.091329+00:00
1598709110236585984,ukraine-de,True,True,False,False,False,False,False,False,False,False,2022-12-02 19:51:30.091206+00:00,2022-12-02 19:51:30.091206+00:00
1598709116796649475,ukraine-de,True,True,False,False,False,False,False,False,False,False,2022-12-02 19:51:30.091105+00:00,2022-12-02 19:51:30.091105+00:00
1598709132617318401,ukraine-de,True,True,False,False,False,False,False,False,False,False,2022-12-02 19:51:30.091004+00:00,2022-12-02 19:51:30.091004+00:00
1598709161239277568,ukraine-de,True,True,False,False,False,False,False,False,False,False,2022-12-02 19:51:30.090902+00:00,2022-12-02 19:51:30.090902+00:00
1598709164200538112,ukraine-de,True,True,False,False,False,False,False,False,False,False,2022-12-02 19:51:30.090800+00:00,2022-12-02 19:51:30.090800+00:00
1598709165383245825,ukraine-de,True,True,False,False,False,False,False,False,False,False,2022-12-02 19:51:30.090697+00:00,2022-12-02 19:51:30.090697+00:00
1598709198535110656,ukraine-de,True,True,False,False,False,False,False,False,False,False,2022-12-02 19:51:30.090597+00:00,2022-12-02 19:51:30.090597+00:00
1598709220471234561,ukraine-de,True,True,False,False,False,False,False,False,False,False,2022-12-02 19:51:30.090497+00:00,2022-12-02 19:51:30.090497+00:00
1598709237034749953,ukraine-de,True,True,False,False,False,False,False,False,False,False,2022-12-02 19:51:30.090396+00:00,2022-12-02 19:51:30.090396+00:00
1598709271692288000,ukraine-de,True,True,False,False,False,False,False,False,False,False,2022-12-02 19:51:30.090292+00:00,2022-12-02 19:51:30.090292+00:00
1598709281783545862,ukraine-de,True,True,False,False,False,False,False,False,False,False,2022-12-02 19:51:30.090187+00:00,2022-12-02 19:51:30.090187+00:00
1598709285420154881,ukraine-de,True,False,False,False,False,False,False,False,False,False,2022-12-02 19:50:17.508904+00:00,2022-12-02 19:50:17.508904+00:00
1598709292214980616,ukraine-de,True,True,False,False,False,False,False,False,False,False,2022-12-02 19:51:30.090078+00:00,2022-12-02 19:51:30.090078+00:00
1598709300054089731,ukraine-de,True,True,False,False,False,False,False,False,False,False,2022-12-02 19:51:22.163167+00:00,2022-12-02 19:51:30.089967+00:00
1598709346694795264,ukraine-de,True,True,False,False,False,False,False,False,False,False,2022-12-02 19:51:30.089794+00:00,2022-12-02 19:51:30.089794+00:00
1598709356190638080,ukraine-de,True,False,False,False,False,False,False,False,False,False,2022-12-02 19:51:22.159835+00:00,2022-12-02 19:51:22.159835+00:00
1598709357377642503,ukraine-de,True,True,False,False,False,False,False,False,False,False,2022-12-02 19:51:30.088176+00:00,2022-12-02 19:51:30.088176+00:00
1598709382056792064,ukraine-de,True,True,False,False,False,False,False,False,False,False,2022-12-02 19:51:30.088035+00:00,2022-12-02 19:51:30.088035+00:00
1598709396812361729,ukraine-de,True,True,False,False,False,False,False,False,False,False,2022-12-02 19:51:30.087930+00:00,2022-12-02 19:51:30.087930+00:00
1598709397143724032,ukraine-de,True,True,False,False,False,False,False,False,False,False,2022-12-02 19:51:30.087805+00:00,2022-12-02 19:51:30.087805+00:00
1598709407113654272,ukraine-de,True,False,False,False,False,False,False,False,False,False,2022-12-03 08:10:46.226961+00:00,2022-12-03 08:10:46.226961+00:00
1598709410338963456,ukraine-de,True,True,False,False,False,False,False,False,False,False,2022-12-02 19:51:30.087697+00:00,2022-12-02 19:51:30.087697+00:00
1598709421093359618,ukraine-de,True,True,False,False,False,False,False,False,False,False,2022-12-02 19:51:30.087584+00:00,2022-12-02 19:51:30.087584+00:00
1598709431453130752,ukraine-de,True,True,False,False,False,False,False,False,False,False,2022-12-02 19:51:30.087429+00:00,2022-12-02 19:51:30.087429+00:00
1598709458116427782,ukraine-de,True,True,False,False,False,False,False,False,False,False,2022-12-02 19:51:30.085023+00:00,2022-12-02 19:51:30.085023+00:00
1598709481109700608,ukraine-de,True,True,False,False,False,False,False,False,False,False,2022-12-02 19:51:30.084920+00:00,2022-12-02 19:51:30.084920+00:00
1598709507705577472,ukraine-de,True,True,False,False,False,False,False,False,False,False,2022-12-02 19:51:30.084816+00:00,2022-12-02 19:51:30.084816+00:00
1598709513800093698,ukraine-de,True,True,False,False,False,False,False,False,False,False,2022-12-02 19:51:30.084711+00:00,2022-12-02 19:51:30.084711+00:00
1598709515876274177,ukraine-de,True,True,False,False,False,False,False,False,False,False,2022-12-02 19:51:30.084585+00:00,2022-12-02 19:51:30.084585+00:00
1598709534326915077,ukraine-de,True,True,False,False,False,False,False,False,False,False,2022-12-02 19:51:30.084458+00:00,2022-12-02 19:51:30.084458+00:00
1598709536164118528,ukraine-de,True,True,False,False,False,False,False,False,False,False,2022-12-02 19:51:30.084355+00:00,2022-12-02 19:51:30.084355+00:00
1598709543508246528,ukraine-de,True,True,False,False,False,False,False,False,False,False,2022-12-02 19:51:30.084250+00:00,2022-12-02 19:51:30.084250+00:00
1598709545072746499,ukraine-de,True,True,False,False,False,False,False,False,False,False,2022-12-02 19:51:30.084146+00:00,2022-12-02 19:51:30.084146+00:00
1598709572243361792,ukraine-de,True,True,False,False,False,False,False,False,False,False,2022-12-02 19:51:30.083937+00:00,2022-12-02 19:51:30.083937+00:00
1598709591205986309,ukraine-de,True,True,False,False,False,False,False,False,False,False,2022-12-02 19:51:30.083834+00:00,2022-12-02 19:51:30.083834+00:00
1598709649510899712,ukraine-de,True,True,False,False,False,False,False,False,False,False,2022-12-02 19:51:30.083729+00:00,2022-12-02 19:51:30.083729+00:00
1598709689805438976,ukraine-de,True,True,False,False,False,False,False,False,False,False,2022-12-02 19:51:30.083623+00:00,2022-12-02 19:51:30.083623+00:00
1598709695228919810,ukraine-de,True,True,False,False,False,False,False,False,False,False,2022-12-02 19:51:22.148706+00:00,2022-12-02 19:51:30.083499+00:00
1598709711389564928,ukraine-de,True,True,False,False,False,False,False,False,False,False,2022-12-02 19:51:30.083358+00:00,2022-12-02 19:51:30.083358+00:00
1598709726321135617,ukraine-de,True,True,False,False,False,False,False,False,False,False,2022-12-02 19:51:30.083105+00:00,2022-12-02 19:51:30.083105+00:00
1598709746067988483,ukraine-de,True,True,False,False,False,False,False,False,False,False,2022-12-02 19:51:30.079932+00:00,2022-12-02 19:51:30.079932+00:00
1598709764384591874,ukraine-de,True,False,False,False,False,False,False,False,False,False,2022-12-02 22:35:17.189115+00:00,2022-12-02 22:35:17.189115+00:00
1598709775495200770,ukraine-de,True,True,False,False,False,False,False,False,False,False,2022-12-02 19:51:30.079825+00:00,2022-12-02 19:51:30.079825+00:00
1598709798068953090,ukraine-de,True,True,False,False,False,False,False,False,False,False,2022-12-02 19:51:30.079667+00:00,2022-12-02 19:51:30.079667+00:00
1598709819841585153,ukraine-de,True,True,False,False,False,False,False,False,False,False,2022-12-02 19:51:30.079562+00:00,2022-12-02 19:51:30.079562+00:00
1598709859284881409,ukraine-de,True,True,False,False,False,False,False,False,False,False,2022-12-02 19:51:30.079453+00:00,2022-12-02 19:51:30.079453+00:00
1598709875642613760,ukraine-de,True,True,False,False,False,False,False,False,False,False,2022-12-02 19:51:30.079333+00:00,2022-12-02 19:51:30.079333+00:00
1598709929216397313,ukraine-de,True,False,False,False,False,False,False,False,False,False,2022-12-02 19:51:30.174976+00:00,2022-12-02 19:51:30.174976+00:00
1598709931401654272,ukraine-de,True,True,False,False,False,False,False,False,False,False,2022-12-02 19:51:22.143369+00:00,2022-12-02 19:51:30.079067+00:00
1598709997902389248,ukraine-de,True,True,False,False,False,False,False,False,False,False,2022-12-02 19:51:22.124714+00:00,2022-12-02 19:51:22.124714+00:00
1598709999378759681,ukraine-de,True,True,False,False,False,False,False,False,False,False,2022-12-02 19:51:22.124610+00:00,2022-12-02 19:51:22.124610+00:00
1598710001127854080,ukraine-de,True,True,False,False,False,False,False,False,False,False,2022-12-02 19:51:22.124489+00:00,2022-12-02 19:51:22.124489+00:00
1598710001933115395,ukraine-de,True,True,False,False,False,False,False,False,False,False,2022-12-02 19:51:22.124274+00:00,2022-12-02 19:51:22.124274+00:00
1598710014662909956,ukraine-de,True,True,False,False,False,False,False,False,False,False,2022-12-02 19:51:22.124174+00:00,2022-12-02 19:51:22.124174+00:00
1598710037656096770,ukraine-de,True,True,False,False,False,False,False,False,False,False,2022-12-02 19:51:08.499552+00:00,2022-12-02 19:51:22.124076+00:00
1598710043066585088,ukraine-de,True,True,False,False,False,False,False,False,False,False,2022-12-02 19:51:22.123976+00:00,2022-12-02 19:51:22.123976+00:00
1598710073253036033,ukraine-de,True,True,False,False,False,False,False,False,False,False,2022-12-02 19:51:22.123873+00:00,2022-12-02 19:51:22.123873+00:00
1598710120699121666,ukraine-de,True,True,False,False,False,False,False,False,False,False,2022-12-02 19:51:22.123760+00:00,2022-12-02 19:51:22.123760+00:00
1598710134548504576,ukraine-de,True,True,False,False,False,False,False,False,False,False,2022-12-02 19:51:22.123575+00:00,2022-12-02 19:51:22.123575+00:00
1598710160670744577,ukraine-de,True,True,False,False,False,False,False,False,False,False,2022-12-02 19:51:22.123477+00:00,2022-12-02 19:51:22.123477+00:00
1598710184020361217,ukraine-de,True,True,False,False,False,False,False,False,False,False,2022-12-02 19:51:22.123375+00:00,2022-12-02 19:51:22.123375+00:00
1598710187136729088,ukraine-de,True,True,False,False,False,False,False,False,False,False,2022-12-02 19:51:22.123255+00:00,2022-12-02 19:51:22.123255+00:00
1598710226890493952,ukraine-de,True,True,False,False,False,False,False,False,False,False,2022-12-02 19:51:22.123155+00:00,2022-12-02 19:51:22.123155+00:00
1598710266329432064,ukraine-de,True,True,False,False,False,False,False,False,False,False,2022-12-02 19:51:22.123056+00:00,2022-12-02 19:51:22.123056+00:00
1598710276668391425,ukraine-de,True,True,False,False,False,False,False,False,False,False,2022-12-02 19:51:22.122957+00:00,2022-12-02 19:51:22.122957+00:00
1598710297518166017,ukraine-de,True,True,False,False,False,False,False,False,False,False,2022-12-02 19:51:22.122856+00:00,2022-12-02 19:51:22.122856+00:00
1598710307731476480,ukraine-de,True,True,False,False,False,False,False,False,False,False,2022-12-02 19:51:22.122742+00:00,2022-12-02 19:51:22.122742+00:00
1598710326215704581,ukraine-de,True,True,False,False,False,False,False,False,False,False,2022-12-02 19:51:22.122642+00:00,2022-12-02 19:51:22.122642+00:00
1598710334843502598,ukraine-de,True,True,False,False,False,False,False,False,False,False,2022-12-02 19:51:08.474163+00:00,2022-12-02 19:51:22.122540+00:00
1598710360583856131,ukraine-de,True,True,False,False,False,False,False,False,False,False,2022-12-02 19:51:22.122439+00:00,2022-12-02 19:51:22.122439+00:00
1598710368309858304,ukraine-de,True,True,False,False,False,False,False,False,False,False,2022-12-02 19:51:22.122338+00:00,2022-12-02 19:51:22.122338+00:00
1598710397955096578,ukraine-de,True,False,False,False,False,False,False,False,False,False,2022-12-02 19:51:22.162156+00:00,2022-12-02 19:51:22.162156+00:00
1598710432633483264,ukraine-de,True,False,False,False,False,False,False,False,False,False,2022-12-02 19:51:22.148917+00:00,2022-12-02 19:51:22.148917+00:00
1598710461721350144,ukraine-de,True,True,False,False,False,False,False,False,False,False,2022-12-02 19:51:22.122225+00:00,2022-12-02 19:51:22.122225+00:00
1598710497762840579,ukraine-de,True,True,False,False,False,False,False,False,False,False,2022-12-02 19:51:22.122109+00:00,2022-12-02 19:51:22.122109+00:00
1598710501176901632,ukraine-de,True,True,False,False,False,False,False,False,False,False,2022-12-02 19:50:59.831542+00:00,2022-12-02 19:51:22.122006+00:00
1598710502988959746,ukraine-de,True,True,False,False,False,False,False,False,False,False,2022-12-02 19:51:22.121864+00:00,2022-12-02 19:51:22.121864+00:00
1598710513269096451,ukraine-de,True,True,False,False,False,False,False,False,False,False,2022-12-02 19:51:22.121768+00:00,2022-12-02 19:51:22.121768+00:00
1598710541836353536,ukraine-de,True,True,False,False,False,False,False,False,False,False,2022-12-02 19:51:22.121653+00:00,2022-12-02 19:51:22.121653+00:00
1598710576309411841,ukraine-de,True,True,False,False,False,False,False,False,False,False,2022-12-02 19:51:22.121517+00:00,2022-12-02 19:51:22.121517+00:00
1598710599801774080,ukraine-de,True,True,False,False,False,False,False,False,False,False,2022-12-02 19:51:22.121406+00:00,2022-12-02 19:51:22.121406+00:00
1598710620815253504,ukraine-de,True,True,False,False,False,False,False,False,False,False,2022-12-02 19:51:22.121303+00:00,2022-12-02 19:51:22.121303+00:00
1598710635461857282,ukraine-de,True,True,False,False,False,False,False,False,False,False,2022-12-02 19:51:22.121202+00:00,2022-12-02 19:51:22.121202+00:00
1598710667388796929,ukraine-de,True,True,False,False,False,False,False,False,False,False,2022-12-02 19:50:17.501648+00:00,2022-12-02 19:51:22.121084+00:00
1598710683281117185,ukraine-de,True,False,False,False,False,False,False,False,False,False,2022-12-02 19:51:22.162059+00:00,2022-12-02 19:51:22.162059+00:00
1598710685352878085,ukraine-de,True,True,False,False,False,False,False,False,False,False,2022-12-02 19:51:22.120971+00:00,2022-12-02 19:51:22.120971+00:00
1598710689509658629,ukraine-de,True,False,False,False,False,False,False,False,False,False,2022-12-02 19:51:22.159726+00:00,2022-12-02 19:51:22.159726+00:00
1598710707335241733,ukraine-de,True,True,False,False,False,False,False,False,False,False,2022-12-02 19:51:22.120769+00:00,2022-12-02 19:51:22.120769+00:00
1598710735881871364,ukraine-de,True,True,False,False,False,False,False,False,False,False,2022-12-02 19:51:22.120653+00:00,2022-12-02 19:51:22.120653+00:00
1598710760640634881,ukraine-de,True,True,False,False,False,False,False,False,False,False,2022-12-02 19:51:22.120554+00:00,2022-12-02 19:51:22.120554+00:00
1598710779691270146,ukraine-de,True,True,False,False,False,False,False,False,False,False,2022-12-02 19:51:22.120452+00:00,2022-12-02 19:51:22.120452+00:00
1598710816123097091,ukraine-de,True,True,False,False,False,False,False,False,False,False,2022-12-02 19:51:22.120352+00:00,2022-12-02 19:51:22.120352+00:00
1598710834775166977,ukraine-de,True,False,False,False,False,False,False,False,False,False,2022-12-02 19:50:27.672068+00:00,2022-12-02 19:50:27.672068+00:00
1598710838952615949,ukraine-de,True,True,False,False,False,False,False,False,False,False,2022-12-02 19:51:22.120238+00:00,2022-12-02 19:51:22.120238+00:00
1598710846363942916,ukraine-de,True,True,False,False,False,False,False,False,False,False,2022-12-02 19:51:22.120138+00:00,2022-12-02 19:51:22.120138+00:00
1598710847378898944,ukraine-de,True,False,False,False,False,False,False,False,False,False,2022-12-02 19:51:22.160077+00:00,2022-12-02 19:51:22.160077+00:00
1598710847425204226,ukraine-de,True,True,False,False,False,False,False,False,False,False,2022-12-02 19:51:22.120036+00:00,2022-12-02 19:51:22.120036+00:00
1598710875665440770,ukraine-de,True,True,False,False,False,False,False,False,False,False,2022-12-02 19:51:22.119933+00:00,2022-12-02 19:51:22.119933+00:00
1598710875904528384,ukraine-de,True,True,False,False,False,False,False,False,False,False,2022-12-02 19:51:22.119822+00:00,2022-12-02 19:51:22.119822+00:00
1598710894568931329,ukraine-de,True,True,False,False,False,False,False,False,False,False,2022-12-02 19:51:22.119545+00:00,2022-12-02 19:51:22.119545+00:00
1598710899883114496,ukraine-de,True,True,False,False,False,False,False,False,False,False,2022-12-02 19:51:22.119437+00:00,2022-12-02 19:51:22.119437+00:00
1598710927460896769,ukraine-de,True,True,False,False,False,False,False,False,False,False,2022-12-02 19:51:22.119337+00:00,2022-12-02 19:51:22.119337+00:00
1598710928312307713,ukraine-de,True,True,False,False,False,False,False,False,False,False,2022-12-02 19:51:22.119227+00:00,2022-12-02 19:51:22.119227+00:00
1598710960881016835,ukraine-de,True,True,False,False,False,False,False,False,False,False,2022-12-02 19:51:22.119126+00:00,2022-12-02 19:51:22.119126+00:00
1598711039742410754,ukraine-de,True,False,False,False,False,False,False,False,False,False,2022-12-02 19:51:22.147539+00:00,2022-12-02 19:51:22.147539+00:00
1598711043857039360,ukraine-de,True,True,False,False,False,False,False,False,False,False,2022-12-02 19:51:22.119018+00:00,2022-12-02 19:51:22.119018+00:00
1598711062567829505,ukraine-de,True,True,False,False,False,False,False,False,False,False,2022-12-02 19:51:22.118775+00:00,2022-12-02 19:51:22.118775+00:00
1598711064358797312,ukraine-de,True,True,False,False,False,False,False,False,False,False,2022-12-02 19:50:27.683907+00:00,2022-12-02 19:51:22.118672+00:00
1598711113398493184,ukraine-de,True,True,False,False,False,False,False,False,False,False,2022-12-02 19:51:22.118562+00:00,2022-12-02 19:51:22.118562+00:00
1598711143450968065,ukraine-de,True,True,False,False,False,False,False,False,False,False,2022-12-02 19:51:22.118464+00:00,2022-12-02 19:51:22.118464+00:00
1598711195241836544,ukraine-de,True,True,False,False,False,False,False,False,False,False,2022-12-02 19:51:22.118365+00:00,2022-12-02 19:51:22.118365+00:00
1598711207183147016,ukraine-de,True,True,False,False,False,False,False,False,False,False,2022-12-02 19:51:22.118264+00:00,2022-12-02 19:51:22.118264+00:00
1598711215177408512,ukraine-de,True,True,False,False,False,False,False,False,False,False,2022-12-02 19:51:22.118162+00:00,2022-12-02 19:51:22.118162+00:00
1598711246580088833,ukraine-de,True,True,False,False,False,False,False,False,False,False,2022-12-02 19:51:22.118044+00:00,2022-12-02 19:51:22.118044+00:00
1598711278243127303,ukraine-de,True,False,False,False,False,False,False,False,False,False,2022-12-02 22:35:54.189284+00:00,2022-12-02 22:35:54.189284+00:00
1598711330780987392,ukraine-de,True,True,False,False,False,False,False,False,False,False,2022-12-02 19:51:22.117943+00:00,2022-12-02 19:51:22.117943+00:00
1598711348996743174,ukraine-de,True,True,False,False,False,False,False,False,False,False,2022-12-02 19:51:22.117816+00:00,2022-12-02 19:51:22.117816+00:00
1598711361084821504,ukraine-de,True,True,False,False,False,False,False,False,False,False,2022-12-02 19:51:22.117700+00:00,2022-12-02 19:51:22.117700+00:00
1598711394320252935,ukraine-de,True,True,False,False,False,False,False,False,False,False,2022-12-02 19:51:22.117576+00:00,2022-12-02 19:51:22.117576+00:00
1598711398510448640,ukraine-de,True,False,False,False,False,False,False,False,False,False,2022-12-02 19:50:59.804526+00:00,2022-12-02 19:50:59.804526+00:00
1598711405930172417,ukraine-de,True,True,False,False,False,False,False,False,False,False,2022-12-02 19:51:22.117475+00:00,2022-12-02 19:51:22.117475+00:00
1598711465145417728,ukraine-de,True,True,False,False,False,False,False,False,False,False,2022-12-02 19:51:08.490066+00:00,2022-12-02 19:51:22.117375+00:00
1598711466319912969,ukraine-de,True,True,False,False,False,False,False,False,False,False,2022-12-02 19:51:22.117260+00:00,2022-12-02 19:51:22.117260+00:00
1598711477912879109,ukraine-de,True,False,False,False,False,False,False,False,False,False,2022-12-02 19:51:22.159534+00:00,2022-12-02 19:51:22.159534+00:00
1598711479858929664,ukraine-de,True,True,False,False,False,False,False,False,False,False,2022-12-02 19:51:22.117144+00:00,2022-12-02 19:51:22.117144+00:00
1598711480488034304,ukraine-de,True,True,False,False,False,False,False,False,False,False,2022-12-02 19:51:22.117045+00:00,2022-12-02 19:51:22.117045+00:00
1598711512088166400,ukraine-de,True,True,False,False,False,False,False,False,False,False,2022-12-02 19:51:22.116946+00:00,2022-12-02 19:51:22.116946+00:00
1598711535110705152,ukraine-de,True,True,False,False,False,False,False,False,False,False,2022-12-02 19:51:22.116847+00:00,2022-12-02 19:51:22.116847+00:00
1598711548045713414,ukraine-de,True,True,False,False,False,False,False,False,False,False,2022-12-02 19:51:22.116747+00:00,2022-12-02 19:51:22.116747+00:00
1598711561417551872,ukraine-de,True,True,False,False,False,False,False,False,False,False,2022-12-02 19:51:22.116648+00:00,2022-12-02 19:51:22.116648+00:00
1598711566962245634,ukraine-de,True,True,False,False,False,False,False,False,False,False,2022-12-02 19:51:22.116548+00:00,2022-12-02 19:51:22.116548+00:00
1598711575552167937,ukraine-de,True,False,False,False,False,False,False,False,False,False,2022-12-02 19:50:27.670815+00:00,2022-12-02 19:50:27.670815+00:00
1598711590655852552,ukraine-de,True,True,False,False,False,False,False,False,False,False,2022-12-02 19:51:22.116447+00:00,2022-12-02 19:51:22.116447+00:00
1598711592107089920,ukraine-de,True,True,False,False,False,False,False,False,False,False,2022-12-02 19:51:22.116347+00:00,2022-12-02 19:51:22.116347+00:00
1598711609420939269,ukraine-de,True,True,False,False,False,False,False,False,False,False,2022-12-02 19:51:22.116232+00:00,2022-12-02 19:51:22.116232+00:00
1598711614970003467,ukraine-de,True,True,False,False,False,False,False,False,False,False,2022-12-02 19:51:22.116130+00:00,2022-12-02 19:51:22.116130+00:00
1598711625552314368,ukraine-de,True,False,False,False,False,False,False,False,False,False,2022-12-02 19:51:08.494920+00:00,2022-12-02 19:51:08.494920+00:00
1598711630354960384,ukraine-de,True,True,False,False,False,False,False,False,False,False,2022-12-02 19:51:22.116022+00:00,2022-12-02 19:51:22.116022+00:00
1598711644003131393,ukraine-de,True,True,False,False,False,False,False,False,False,False,2022-12-02 19:51:22.115911+00:00,2022-12-02 19:51:22.115911+00:00
1598711644401565701,ukraine-de,True,True,False,False,False,False,False,False,False,False,2022-12-02 19:51:22.115805+00:00,2022-12-02 19:51:22.115805+00:00
1598711656598888448,ukraine-de,True,True,False,False,False,False,False,False,False,False,2022-12-02 19:51:22.115615+00:00,2022-12-02 19:51:22.115615+00:00
1598711659702493184,ukraine-de,True,False,False,False,False,False,False,False,False,False,2022-12-02 19:51:22.134366+00:00,2022-12-02 19:51:22.134366+00:00
1598711660696535045,ukraine-de,True,True,False,False,False,False,False,False,False,False,2022-12-02 19:51:22.115498+00:00,2022-12-02 19:51:22.115498+00:00
1598711666983677953,ukraine-de,True,True,False,False,False,False,False,False,False,False,2022-12-02 19:51:22.115399+00:00,2022-12-02 19:51:22.115399+00:00
1598711667415719936,ukraine-de,True,True,False,False,False,False,False,False,False,False,2022-12-02 19:51:22.115300+00:00,2022-12-02 19:51:22.115300+00:00
1598711670955773954,ukraine-de,True,True,False,False,False,False,False,False,False,False,2022-12-02 19:51:22.115201+00:00,2022-12-02 19:51:22.115201+00:00
1598711672478244865,ukraine-de,True,True,False,False,False,False,False,False,False,False,2022-12-02 19:50:36.498921+00:00,2022-12-02 19:51:22.115090+00:00
1598711684880662531,ukraine-de,True,True,False,False,False,False,False,False,False,False,2022-12-02 19:51:22.114990+00:00,2022-12-02 19:51:22.114990+00:00
1598711693584072708,ukraine-de,True,True,False,False,False,False,False,False,False,False,2022-12-02 19:51:22.114891+00:00,2022-12-02 19:51:22.114891+00:00
1598711702199091201,ukraine-de,True,True,False,False,False,False,False,False,False,False,2022-12-02 19:51:22.114792+00:00,2022-12-02 19:51:22.114792+00:00
1598711707513126912,ukraine-de,True,True,False,False,False,False,False,False,False,False,2022-12-02 19:51:22.114678+00:00,2022-12-02 19:51:22.114678+00:00
1598711725439582216,ukraine-de,True,True,False,False,False,False,False,False,False,False,2022-12-02 19:51:22.114578+00:00,2022-12-02 19:51:22.114578+00:00
1598711726840680449,ukraine-de,True,True,False,False,False,False,False,False,False,False,2022-12-02 19:51:22.114477+00:00,2022-12-02 19:51:22.114477+00:00
1598711731274285057,ukraine-de,True,True,False,False,False,False,False,False,False,False,2022-12-02 19:51:22.114376+00:00,2022-12-02 19:51:22.114376+00:00
1598711732633063424,ukraine-de,True,True,False,False,False,False,False,False,False,False,2022-12-02 19:51:22.114268+00:00,2022-12-02 19:51:22.114268+00:00
1598711751482261505,ukraine-de,True,False,False,False,False,False,False,False,False,False,2022-12-03 03:40:14.836836+00:00,2022-12-03 03:40:14.836836+00:00
1598711795476303876,ukraine-de,True,False,False,False,False,False,False,False,False,False,2022-12-02 19:50:17.523965+00:00,2022-12-02 19:50:17.523965+00:00
1598711815671844865,ukraine-de,True,True,False,False,False,False,False,False,False,False,2022-12-02 19:51:22.114151+00:00,2022-12-02 19:51:22.114151+00:00
1598711844755181569,ukraine-de,True,True,False,False,False,False,False,False,False,False,2022-12-02 19:51:22.114027+00:00,2022-12-02 19:51:22.114027+00:00
1598711853202522114,ukraine-de,True,True,False,False,False,False,False,False,False,False,2022-12-02 19:50:17.505784+00:00,2022-12-02 19:51:22.113846+00:00
1598711859888390144,ukraine-de,True,True,False,False,False,False,False,False,False,False,2022-12-02 19:51:22.113726+00:00,2022-12-02 19:51:22.113726+00:00
1598711865223577601,ukraine-de,True,True,False,False,False,False,False,False,False,False,2022-12-02 19:51:22.113614+00:00,2022-12-02 19:51:22.113614+00:00
1598711909808603144,ukraine-de,True,True,False,False,False,False,False,False,False,False,2022-12-02 19:51:22.113480+00:00,2022-12-02 19:51:22.113480+00:00
1598711920101564425,ukraine-de,True,True,False,False,False,False,False,False,False,False,2022-12-02 19:51:22.113360+00:00,2022-12-02 19:51:22.113360+00:00
1598711939311407104,ukraine-de,True,True,False,False,False,False,False,False,False,False,2022-12-02 19:51:22.113259+00:00,2022-12-02 19:51:22.113259+00:00
1598711948316508160,ukraine-de,True,True,False,False,False,False,False,False,False,False,2022-12-02 19:51:22.113149+00:00,2022-12-02 19:51:22.113149+00:00
1598711954914394112,ukraine-de,True,True,False,False,False,False,False,False,False,False,2022-12-02 19:51:22.112972+00:00,2022-12-02 19:51:22.112972+00:00
1598711964418686978,ukraine-de,True,True,False,False,False,False,False,False,False,False,2022-12-02 19:51:22.112863+00:00,2022-12-02 19:51:22.112863+00:00
1598711971985195010,ukraine-de,True,True,False,False,False,False,False,False,False,False,2022-12-02 19:51:22.112763+00:00,2022-12-02 19:51:22.112763+00:00
1598711980629426176,ukraine-de,True,True,False,False,False,False,False,False,False,False,2022-12-02 19:51:22.112665+00:00,2022-12-02 19:51:22.112665+00:00
1598712038691422208,ukraine-de,True,True,False,False,False,False,False,False,False,False,2022-12-02 19:51:22.112566+00:00,2022-12-02 19:51:22.112566+00:00
1598712041849511936,ukraine-de,True,True,False,False,False,False,False,False,False,False,2022-12-02 19:51:22.112467+00:00,2022-12-02 19:51:22.112467+00:00
1598712046333427717,ukraine-de,True,True,False,False,False,False,False,False,False,False,2022-12-02 19:51:08.488112+00:00,2022-12-02 19:51:22.112368+00:00
1598712064616169478,ukraine-de,True,True,False,False,False,False,False,False,False,False,2022-12-02 19:51:22.112260+00:00,2022-12-02 19:51:22.112260+00:00
1598712067619491841,ukraine-de,True,True,False,False,False,False,False,False,False,False,2022-12-02 19:51:22.112160+00:00,2022-12-02 19:51:22.112160+00:00
1598712072698679296,ukraine-de,True,True,False,False,False,False,False,False,False,False,2022-12-02 19:51:22.112051+00:00,2022-12-02 19:51:22.112051+00:00
1598712084178558977,ukraine-de,True,True,False,False,False,False,False,False,False,False,2022-12-02 19:51:22.111949+00:00,2022-12-02 19:51:22.111949+00:00
1598712137387372544,ukraine-de,True,True,False,False,False,False,False,False,False,False,2022-12-02 19:51:22.111829+00:00,2022-12-02 19:51:22.111829+00:00
1598712201988014085,ukraine-de,True,True,False,False,False,False,False,False,False,False,2022-12-02 19:51:22.111712+00:00,2022-12-02 19:51:22.111712+00:00
1598712218199154690,ukraine-de,True,False,False,False,False,False,False,False,False,False,2022-12-02 19:51:22.142581+00:00,2022-12-02 19:51:22.142581+00:00
1598712252877651969,ukraine-de,True,True,False,False,False,False,False,False,False,False,2022-12-02 19:51:22.111532+00:00,2022-12-02 19:51:22.111532+00:00
1598712259290750978,ukraine-de,True,False,False,False,False,False,False,False,False,False,2022-12-03 11:05:17.135523+00:00,2022-12-03 11:05:17.135523+00:00
1598712270153863168,ukraine-de,True,True,False,False,False,False,False,False,False,False,2022-12-02 19:51:22.111269+00:00,2022-12-02 19:51:22.111269+00:00
1598712288738844672,ukraine-de,True,True,False,False,False,False,False,False,False,False,2022-12-02 19:51:22.111166+00:00,2022-12-02 19:51:22.111166+00:00
1598712321723056128,ukraine-de,True,True,False,False,False,False,False,False,False,False,2022-12-02 19:51:22.111035+00:00,2022-12-02 19:51:22.111035+00:00
1598712327351566338,ukraine-de,True,True,False,False,False,False,False,False,False,False,2022-12-02 19:51:22.110937+00:00,2022-12-02 19:51:22.110937+00:00
1598712331499933696,ukraine-de,True,True,False,False,False,False,False,False,False,False,2022-12-02 19:51:22.110837+00:00,2022-12-02 19:51:22.110837+00:00
1598712336084340737,ukraine-de,True,True,False,False,False,False,False,False,False,False,2022-12-02 19:51:22.110737+00:00,2022-12-02 19:51:22.110737+00:00
1598712345299062784,ukraine-de,True,False,False,False,False,False,False,False,False,False,2022-12-02 19:51:22.146731+00:00,2022-12-02 19:51:22.146731+00:00
1598712348952387590,ukraine-de,True,True,False,False,False,False,False,False,False,False,2022-12-02 19:51:22.110639+00:00,2022-12-02 19:51:22.110639+00:00
1598712376303288328,ukraine-de,True,True,False,False,False,False,False,False,False,False,2022-12-02 19:51:22.110540+00:00,2022-12-02 19:51:22.110540+00:00
1598712395454636034,ukraine-de,True,True,False,False,False,False,False,False,False,False,2022-12-02 19:51:22.110440+00:00,2022-12-02 19:51:22.110440+00:00
1598712405290360834,ukraine-de,True,True,False,False,False,False,False,False,False,False,2022-12-02 19:51:22.110340+00:00,2022-12-02 19:51:22.110340+00:00
1598712409899900934,ukraine-de,True,True,False,False,False,False,False,False,False,False,2022-12-02 19:51:22.110238+00:00,2022-12-02 19:51:22.110238+00:00
1598712423682256896,ukraine-de,True,True,False,False,False,False,False,False,False,False,2022-12-02 19:51:22.110137+00:00,2022-12-02 19:51:22.110137+00:00
1598712446931587073,ukraine-de,True,True,False,False,False,False,False,False,False,False,2022-12-02 19:51:22.110030+00:00,2022-12-02 19:51:22.110030+00:00
1598712448957267968,ukraine-de,True,True,False,False,False,False,False,False,False,False,2022-12-02 19:51:22.109798+00:00,2022-12-02 19:51:22.109798+00:00
1598712452656439296,ukraine-de,True,True,False,False,False,False,False,False,False,False,2022-12-02 19:51:22.109695+00:00,2022-12-02 19:51:22.109695+00:00
1598712464379564032,ukraine-de,True,True,False,False,False,False,False,False,False,False,2022-12-02 19:51:22.109476+00:00,2022-12-02 19:51:22.109476+00:00
1598712471925161985,ukraine-de,True,True,False,False,False,False,False,False,False,False,2022-12-02 19:51:22.109376+00:00,2022-12-02 19:51:22.109376+00:00
1598712472633909248,ukraine-de,True,True,False,False,False,False,False,False,False,False,2022-12-02 19:51:22.109275+00:00,2022-12-02 19:51:22.109275+00:00
1598712485040820224,ukraine-de,True,True,False,False,False,False,False,False,False,False,2022-12-02 19:51:22.109152+00:00,2022-12-02 19:51:22.109152+00:00
1598712490740924418,ukraine-de,True,True,False,False,False,False,False,False,False,False,2022-12-02 19:51:22.109051+00:00,2022-12-02 19:51:22.109051+00:00
1598712497716039680,ukraine-de,True,True,False,False,False,False,False,False,False,False,2022-12-02 19:51:22.108950+00:00,2022-12-02 19:51:22.108950+00:00
1598712521615200257,ukraine-de,True,True,False,False,False,False,False,False,False,False,2022-12-02 19:51:22.108849+00:00,2022-12-02 19:51:22.108849+00:00
1598712525658509314,ukraine-de,True,True,False,False,False,False,False,False,False,False,2022-12-02 19:51:22.108734+00:00,2022-12-02 19:51:22.108734+00:00
1598712539164164099,ukraine-de,True,True,False,False,False,False,False,False,False,False,2022-12-02 19:51:22.108632+00:00,2022-12-02 19:51:22.108632+00:00
1598712564552114176,ukraine-de,True,True,False,False,False,False,False,False,False,False,2022-12-02 19:51:22.108530+00:00,2022-12-02 19:51:22.108530+00:00
1598712572236206082,ukraine-de,True,True,False,False,False,False,False,False,False,False,2022-12-02 19:51:22.108410+00:00,2022-12-02 19:51:22.108410+00:00
1598712590510743552,ukraine-de,True,True,False,False,False,False,False,False,False,False,2022-12-02 19:51:22.108207+00:00,2022-12-02 19:51:22.108207+00:00
1598712596273561604,ukraine-de,True,True,False,False,False,False,False,False,False,False,2022-12-02 19:51:22.108103+00:00,2022-12-02 19:51:22.108103+00:00
1598712615651246086,ukraine-de,True,False,False,False,False,False,False,False,False,False,2022-12-02 19:51:08.501407+00:00,2022-12-02 19:51:08.501407+00:00
1598712622681047040,ukraine-de,True,True,False,False,False,False,False,False,False,False,2022-12-02 19:51:22.107977+00:00,2022-12-02 19:51:22.107977+00:00
1598712633749737472,ukraine-de,True,True,False,False,False,False,False,False,False,False,2022-12-02 19:51:22.107643+00:00,2022-12-02 19:51:22.107643+00:00
1598712654322966529,ukraine-de,True,True,False,False,False,False,False,False,False,False,2022-12-02 19:51:22.107542+00:00,2022-12-02 19:51:22.107542+00:00
1598712655224705026,ukraine-de,True,True,False,False,False,False,False,False,False,False,2022-12-02 19:51:22.107428+00:00,2022-12-02 19:51:22.107428+00:00
1598712655350489089,ukraine-de,True,True,False,False,False,False,False,False,False,False,2022-12-02 19:51:22.107311+00:00,2022-12-02 19:51:22.107311+00:00
1598712699210399744,ukraine-de,True,True,False,False,False,False,False,False,False,False,2022-12-02 19:51:22.107213+00:00,2022-12-02 19:51:22.107213+00:00
1598712711055122433,ukraine-de,True,True,False,False,False,False,False,False,False,False,2022-12-02 19:51:22.107115+00:00,2022-12-02 19:51:22.107115+00:00
1598712724166508544,ukraine-de,True,True,False,False,False,False,False,False,False,False,2022-12-02 19:51:22.107015+00:00,2022-12-02 19:51:22.107015+00:00
1598712730055495680,ukraine-de,True,False,False,False,False,False,False,False,False,False,2022-12-02 19:51:22.134152+00:00,2022-12-02 19:51:22.134152+00:00
1598712745607708673,ukraine-de,True,True,False,False,False,False,False,False,False,False,2022-12-02 19:51:22.106915+00:00,2022-12-02 19:51:22.106915+00:00
1598712745657913344,ukraine-de,True,True,False,False,False,False,False,False,False,False,2022-12-02 19:51:22.106801+00:00,2022-12-02 19:51:22.106801+00:00
1598712765086048257,ukraine-de,True,False,False,False,False,False,False,False,False,False,2022-12-03 11:05:17.129806+00:00,2022-12-03 11:05:17.129806+00:00
1598712777064882176,ukraine-de,True,True,False,False,False,False,False,False,False,False,2022-12-02 19:51:22.106702+00:00,2022-12-02 19:51:22.106702+00:00
1598712836489871361,ukraine-de,True,True,False,False,False,False,False,False,False,False,2022-12-02 19:51:22.106601+00:00,2022-12-02 19:51:22.106601+00:00
1598712836724621314,ukraine-de,True,True,False,False,False,False,False,False,False,False,2022-12-02 19:51:22.106500+00:00,2022-12-02 19:51:22.106500+00:00
1598712879699689474,ukraine-de,True,True,False,False,False,False,False,False,False,False,2022-12-02 19:51:22.106398+00:00,2022-12-02 19:51:22.106398+00:00
1598712881570353152,ukraine-de,True,True,False,False,False,False,False,False,False,False,2022-12-02 19:51:22.106295+00:00,2022-12-02 19:51:22.106295+00:00
1598712892148355073,ukraine-de,True,True,False,False,False,False,False,False,False,False,2022-12-02 19:51:22.106189+00:00,2022-12-02 19:51:22.106189+00:00
1598712903808348160,ukraine-de,True,True,False,False,False,False,False,False,False,False,2022-12-02 19:50:17.507109+00:00,2022-12-02 19:51:22.106044+00:00
1598712910926053380,ukraine-de,True,False,False,False,False,False,False,False,False,False,2022-12-02 22:36:01.076576+00:00,2022-12-02 22:36:01.076576+00:00
1598713000814575619,ukraine-de,True,True,False,False,False,False,False,False,False,False,2022-12-02 19:51:22.105718+00:00,2022-12-02 19:51:22.105718+00:00
1598713001283944448,ukraine-de,True,True,False,False,False,False,False,False,False,False,2022-12-02 19:51:22.105613+00:00,2022-12-02 19:51:22.105613+00:00
1598713016396177409,ukraine-de,True,True,False,False,False,False,False,False,False,False,2022-12-02 19:51:22.105488+00:00,2022-12-02 19:51:22.105488+00:00
1598713021550821378,ukraine-de,True,True,False,False,False,False,False,False,False,False,2022-12-02 19:51:22.105385+00:00,2022-12-02 19:51:22.105385+00:00
1598713023119515648,ukraine-de,True,True,False,False,False,False,False,False,False,False,2022-12-02 19:51:22.105268+00:00,2022-12-02 19:51:22.105268+00:00
1598713039846400000,ukraine-de,True,True,False,False,False,False,False,False,False,False,2022-12-02 19:51:22.105166+00:00,2022-12-02 19:51:22.105166+00:00
1598713047802970116,ukraine-de,True,True,False,False,False,False,False,False,False,False,2022-12-02 19:51:22.105064+00:00,2022-12-02 19:51:22.105064+00:00
1598713099615440897,ukraine-de,True,True,False,False,False,False,False,False,False,False,2022-12-02 19:51:22.104945+00:00,2022-12-02 19:51:22.104945+00:00
1598713116921061376,ukraine-de,True,True,False,False,False,False,False,False,False,False,2022-12-02 19:51:22.104838+00:00,2022-12-02 19:51:22.104838+00:00
1598713140912353280,ukraine-de,True,True,False,False,False,False,False,False,False,False,2022-12-02 19:51:22.104613+00:00,2022-12-02 19:51:22.104613+00:00
1598713141596241920,ukraine-de,True,True,False,False,False,False,False,False,False,False,2022-12-02 19:51:22.104514+00:00,2022-12-02 19:51:22.104514+00:00
1598713150207139841,ukraine-de,True,True,False,False,False,False,False,False,False,False,2022-12-02 19:51:22.104412+00:00,2022-12-02 19:51:22.104412+00:00
1598713171363082240,ukraine-de,True,False,False,False,False,False,False,False,False,False,2022-12-02 19:50:17.514270+00:00,2022-12-02 19:50:17.514270+00:00
1598713171778363397,ukraine-de,True,True,False,False,False,False,False,False,False,False,2022-12-02 19:51:22.104308+00:00,2022-12-02 19:51:22.104308+00:00
1598713187007725574,ukraine-de,True,True,False,False,False,False,False,False,False,False,2022-12-02 19:51:08.496167+00:00,2022-12-02 19:51:22.104176+00:00
1598713209887801350,ukraine-de,True,True,False,False,False,False,False,False,False,False,2022-12-02 19:51:22.103919+00:00,2022-12-02 19:51:22.103919+00:00
1598713214757240834,ukraine-de,True,False,False,False,False,False,False,False,False,False,2022-12-02 19:50:27.674285+00:00,2022-12-02 19:50:27.674285+00:00
1598713215470522369,ukraine-de,True,True,False,False,False,False,False,False,False,False,2022-12-02 19:51:22.103814+00:00,2022-12-02 19:51:22.103814+00:00
1598713279294996489,ukraine-de,True,True,False,False,False,False,False,False,False,False,2022-12-02 19:51:22.103692+00:00,2022-12-02 19:51:22.103692+00:00
1598713304947359744,ukraine-de,True,False,False,False,False,False,False,False,False,False,2022-12-02 19:51:22.142482+00:00,2022-12-02 19:51:22.142482+00:00
1598713305866059776,ukraine-de,True,True,False,False,False,False,False,False,False,False,2022-12-02 19:51:22.103522+00:00,2022-12-02 19:51:22.103522+00:00
1598713319438704640,ukraine-de,True,True,False,False,False,False,False,False,False,False,2022-12-02 19:51:22.103282+00:00,2022-12-02 19:51:22.103282+00:00
1598713328364359688,ukraine-de,True,False,False,False,False,False,False,False,False,False,2022-12-02 19:51:22.144238+00:00,2022-12-02 19:51:22.144238+00:00
1598713335989542913,ukraine-de,True,False,False,False,False,False,False,False,False,False,2022-12-02 19:51:08.482315+00:00,2022-12-02 19:51:08.482315+00:00
1598713353941258242,ukraine-de,True,True,False,False,False,False,False,False,False,False,2022-12-02 19:51:22.103183+00:00,2022-12-02 19:51:22.103183+00:00
1598713365463007238,ukraine-de,True,True,False,False,False,False,False,False,False,False,2022-12-02 19:51:22.103081+00:00,2022-12-02 19:51:22.103081+00:00
1598713378926727170,ukraine-de,True,False,False,False,False,False,False,False,False,False,2022-12-02 19:50:36.492691+00:00,2022-12-02 19:50:36.492691+00:00
1598713379862056960,ukraine-de,True,True,False,False,False,False,False,False,False,False,2022-12-02 19:51:22.102979+00:00,2022-12-02 19:51:22.102979+00:00
1598713414301392898,ukraine-de,True,True,False,False,False,False,False,False,False,False,2022-12-02 19:51:22.102809+00:00,2022-12-02 19:51:22.102809+00:00
1598713419544334336,ukraine-de,True,True,False,False,False,False,False,False,False,False,2022-12-02 19:51:22.102695+00:00,2022-12-02 19:51:22.102695+00:00
1598713450213134336,ukraine-de,True,False,False,False,False,False,False,False,False,False,2022-12-03 01:30:30.061229+00:00,2022-12-03 01:30:30.061229+00:00
1598713458786287624,ukraine-de,True,True,False,False,False,False,False,False,False,False,2022-12-02 19:51:22.102595+00:00,2022-12-02 19:51:22.102595+00:00
1598713502629101577,ukraine-de,True,True,False,False,False,False,False,False,False,False,2022-12-02 19:51:22.102497+00:00,2022-12-02 19:51:22.102497+00:00
1598713513303752706,ukraine-de,True,True,False,False,False,False,False,False,False,False,2022-12-02 19:51:22.102399+00:00,2022-12-02 19:51:22.102399+00:00
1598713532031422464,ukraine-de,True,True,False,False,False,False,False,False,False,False,2022-12-02 19:51:22.102299+00:00,2022-12-02 19:51:22.102299+00:00
1598713534166323201,ukraine-de,True,True,False,False,False,False,False,False,False,False,2022-12-02 19:51:22.102198+00:00,2022-12-02 19:51:22.102198+00:00
1598713544425480196,ukraine-de,True,True,False,False,False,False,False,False,False,False,2022-12-02 19:51:22.102093+00:00,2022-12-02 19:51:22.102093+00:00
1598713553883607040,ukraine-de,True,True,False,False,False,False,False,False,False,False,2022-12-02 19:51:22.101962+00:00,2022-12-02 19:51:22.101962+00:00
1598713561936588800,ukraine-de,True,True,False,False,False,False,False,False,False,False,2022-12-02 19:51:22.101751+00:00,2022-12-02 19:51:22.101751+00:00
1598713569557610500,ukraine-de,True,False,False,False,False,False,False,False,False,False,2022-12-02 19:51:22.140870+00:00,2022-12-02 19:51:22.140870+00:00
1598713573290770435,ukraine-de,True,True,False,False,False,False,False,False,False,False,2022-12-02 19:51:22.101643+00:00,2022-12-02 19:51:22.101643+00:00
1598713580949569536,ukraine-de,True,True,False,False,False,False,False,False,False,False,2022-12-02 19:51:22.101522+00:00,2022-12-02 19:51:22.101522+00:00
1598713586750312450,ukraine-de,True,False,False,False,False,False,False,False,False,False,2022-12-03 01:30:18.807067+00:00,2022-12-03 01:30:18.807067+00:00
1598713601254211584,ukraine-de,True,True,False,False,False,False,False,False,False,False,2022-12-02 19:51:22.101422+00:00,2022-12-02 19:51:22.101422+00:00
1598713610859159553,ukraine-de,True,True,False,False,False,False,False,False,False,False,2022-12-02 19:51:22.101321+00:00,2022-12-02 19:51:22.101321+00:00
1598713623328587779,ukraine-de,True,True,False,False,False,False,False,False,False,False,2022-12-02 19:50:27.662542+00:00,2022-12-02 19:51:22.101203+00:00
1598713641167196160,ukraine-de,True,True,False,False,False,False,False,False,False,False,2022-12-02 19:51:22.101102+00:00,2022-12-02 19:51:22.101102+00:00
1598713645760131075,ukraine-de,True,True,False,False,False,False,False,False,False,False,2022-12-02 19:51:22.101001+00:00,2022-12-02 19:51:22.101001+00:00
1598713653116768257,ukraine-de,True,True,False,False,False,False,False,False,False,False,2022-12-02 19:51:22.100885+00:00,2022-12-02 19:51:22.100885+00:00
1598713663006932992,ukraine-de,True,True,False,False,False,False,False,False,False,False,2022-12-02 19:51:22.100772+00:00,2022-12-02 19:51:22.100772+00:00
1598713667620438022,ukraine-de,True,True,False,False,False,False,False,False,False,False,2022-12-02 19:51:22.100657+00:00,2022-12-02 19:51:22.100657+00:00
1598713670149758976,ukraine-de,True,True,False,False,False,False,False,False,False,False,2022-12-02 19:51:22.100557+00:00,2022-12-02 19:51:22.100557+00:00
1598713682225004552,ukraine-de,True,True,False,False,False,False,False,False,False,False,2022-12-02 19:51:22.100455+00:00,2022-12-02 19:51:22.100455+00:00
1598713717301968904,ukraine-de,True,True,False,False,False,False,False,False,False,False,2022-12-02 19:51:22.100337+00:00,2022-12-02 19:51:22.100337+00:00
1598713724902203394,ukraine-de,True,True,False,False,False,False,False,False,False,False,2022-12-02 19:51:22.100235+00:00,2022-12-02 19:51:22.100235+00:00
1598713736361123840,ukraine-de,True,True,False,False,False,False,False,False,False,False,2022-12-02 19:51:22.100129+00:00,2022-12-02 19:51:22.100129+00:00
1598713736809816065,ukraine-de,True,False,False,False,False,False,False,False,False,False,2022-12-03 11:05:17.150298+00:00,2022-12-03 11:05:17.150298+00:00
1598713778111127553,ukraine-de,True,False,False,False,False,False,False,False,False,False,2022-12-03 11:05:17.141767+00:00,2022-12-03 11:05:17.141767+00:00
1598713823971639296,ukraine-de,True,True,False,False,False,False,False,False,False,False,2022-12-02 19:51:22.099991+00:00,2022-12-02 19:51:22.099991+00:00
1598713826421211136,ukraine-de,True,True,False,False,False,False,False,False,False,False,2022-12-02 19:51:22.099887+00:00,2022-12-02 19:51:22.099887+00:00
1598713849049485314,ukraine-de,True,True,False,False,False,False,False,False,False,False,2022-12-02 19:51:22.099777+00:00,2022-12-02 19:51:22.099777+00:00
1598713854518624259,ukraine-de,True,True,False,False,False,False,False,False,False,False,2022-12-02 19:51:22.099599+00:00,2022-12-02 19:51:22.099599+00:00
1598713921166262275,ukraine-de,True,True,False,False,False,False,False,False,False,False,2022-12-02 19:51:22.099490+00:00,2022-12-02 19:51:22.099490+00:00
1598713929487859715,ukraine-de,True,True,False,False,False,False,False,False,False,False,2022-12-02 19:51:22.099305+00:00,2022-12-02 19:51:22.099305+00:00
1598713937633202176,ukraine-de,True,False,False,False,False,False,False,False,False,False,2022-12-02 19:50:17.519291+00:00,2022-12-02 19:50:17.519291+00:00
1598713960760344589,ukraine-de,True,True,False,False,False,False,False,False,False,False,2022-12-02 19:51:22.099120+00:00,2022-12-02 19:51:22.099120+00:00
1598713969136369670,ukraine-de,True,True,False,False,False,False,False,False,False,False,2022-12-02 19:51:22.099016+00:00,2022-12-02 19:51:22.099016+00:00
1598713971392905217,ukraine-de,True,True,False,False,False,False,False,False,False,False,2022-12-02 19:51:22.098907+00:00,2022-12-02 19:51:22.098907+00:00
1598713983841619968,ukraine-de,True,True,False,False,False,False,False,False,False,False,2022-12-02 19:51:22.098753+00:00,2022-12-02 19:51:22.098753+00:00
1598713994738630661,ukraine-de,True,True,False,False,False,False,False,False,False,False,2022-12-02 19:51:22.098651+00:00,2022-12-02 19:51:22.098651+00:00
1598713997058088962,ukraine-de,True,True,False,False,False,False,False,False,False,False,2022-12-02 19:51:22.098549+00:00,2022-12-02 19:51:22.098549+00:00
1598714021204459522,ukraine-de,True,True,False,False,False,False,False,False,False,False,2022-12-02 19:51:22.098437+00:00,2022-12-02 19:51:22.098437+00:00
1598714057883688960,ukraine-de,True,False,False,False,False,False,False,False,False,False,2022-12-02 19:51:22.131749+00:00,2022-12-02 19:51:22.131749+00:00
1598714069933883399,ukraine-de,True,True,False,False,False,False,False,False,False,False,2022-12-02 19:51:22.098334+00:00,2022-12-02 19:51:22.098334+00:00
1598714081170493440,ukraine-de,True,True,False,False,False,False,False,False,False,False,2022-12-02 19:50:59.791085+00:00,2022-12-02 19:51:22.098225+00:00
1598714112275619842,ukraine-de,True,True,False,False,False,False,False,False,False,False,2022-12-02 19:51:22.098106+00:00,2022-12-02 19:51:22.098106+00:00
1598714125734903820,ukraine-de,True,True,False,False,False,False,False,False,False,False,2022-12-02 19:51:22.097984+00:00,2022-12-02 19:51:22.097984+00:00
1598714129983881217,ukraine-de,True,True,False,False,False,False,False,False,False,False,2022-12-02 19:51:22.097753+00:00,2022-12-02 19:51:22.097753+00:00
1598714203463946241,ukraine-de,True,True,False,False,False,False,False,False,False,False,2022-12-02 19:51:22.097624+00:00,2022-12-02 19:51:22.097624+00:00
1598714225840586762,ukraine-de,True,True,False,False,False,False,False,False,False,False,2022-12-02 19:51:22.096413+00:00,2022-12-02 19:51:22.096413+00:00
1598714243972571136,ukraine-de,True,True,False,False,False,False,False,False,False,False,2022-12-02 19:51:22.096297+00:00,2022-12-02 19:51:22.096297+00:00
1598714295277060096,ukraine-de,True,True,False,False,False,False,False,False,False,False,2022-12-02 19:51:22.096196+00:00,2022-12-02 19:51:22.096196+00:00
1598714310863093760,ukraine-de,True,False,False,False,False,False,False,False,False,False,2022-12-02 22:35:45.765741+00:00,2022-12-02 22:35:45.765741+00:00
1598714321147658244,ukraine-de,True,False,False,False,False,False,False,False,False,False,2022-12-02 19:51:22.136281+00:00,2022-12-02 19:51:22.136281+00:00
1598714334359625728,ukraine-de,True,True,False,False,False,False,False,False,False,False,2022-12-02 19:51:22.096097+00:00,2022-12-02 19:51:22.096097+00:00
1598714342211522560,ukraine-de,True,True,False,False,False,False,False,False,False,False,2022-12-02 19:51:22.095997+00:00,2022-12-02 19:51:22.095997+00:00
1598714353871626243,ukraine-de,True,True,False,False,False,False,False,False,False,False,2022-12-02 19:51:22.095894+00:00,2022-12-02 19:51:22.095894+00:00
1598714355784323072,ukraine-de,True,True,False,False,False,False,False,False,False,False,2022-12-02 19:51:22.095790+00:00,2022-12-02 19:51:22.095790+00:00
1598714372519776256,ukraine-de,True,True,False,False,False,False,False,False,False,False,2022-12-02 19:51:22.095668+00:00,2022-12-02 19:51:22.095668+00:00
1598714419634212866,ukraine-de,True,True,False,False,False,False,False,False,False,False,2022-12-02 19:51:22.095538+00:00,2022-12-02 19:51:22.095538+00:00
1598714423438360584,ukraine-de,True,False,False,False,False,False,False,False,False,False,2022-12-02 19:51:22.128866+00:00,2022-12-02 19:51:22.128866+00:00
1598714423505321990,ukraine-de,True,True,False,False,False,False,False,False,False,False,2022-12-02 19:51:22.095431+00:00,2022-12-02 19:51:22.095431+00:00
1598714442010984449,ukraine-de,True,True,False,False,False,False,False,False,False,False,2022-12-02 19:51:22.095324+00:00,2022-12-02 19:51:22.095324+00:00
1598714442899783684,ukraine-de,True,True,False,False,False,False,False,False,False,False,2022-12-02 19:51:22.095183+00:00,2022-12-02 19:51:22.095183+00:00
1598714473929494531,ukraine-de,True,True,False,False,False,False,False,False,False,False,2022-12-02 19:51:22.095061+00:00,2022-12-02 19:51:22.095061+00:00
1598714477364420608,ukraine-de,True,True,False,False,False,False,False,False,False,False,2022-12-02 19:51:22.093776+00:00,2022-12-02 19:51:22.093776+00:00
1598714478975238149,ukraine-de,True,False,False,False,False,False,False,False,False,False,2022-12-03 05:35:06.053184+00:00,2022-12-03 05:35:06.053184+00:00
1598714487757864966,ukraine-de,True,True,False,False,False,False,False,False,False,False,2022-12-02 19:51:22.093673+00:00,2022-12-02 19:51:22.093673+00:00
1598714488647057416,ukraine-de,True,True,False,False,False,False,False,False,False,False,2022-12-02 19:51:22.093553+00:00,2022-12-02 19:51:22.093553+00:00
1598714500286406657,ukraine-de,True,False,False,False,False,False,False,False,False,False,2022-12-02 19:50:36.493540+00:00,2022-12-02 19:50:36.493540+00:00
1598714517428621312,ukraine-de,True,True,False,False,False,False,False,False,False,False,2022-12-02 19:50:17.501436+00:00,2022-12-02 19:51:22.093447+00:00
1598714525426978816,ukraine-de,True,True,False,False,False,False,False,False,False,False,2022-12-02 19:51:22.093331+00:00,2022-12-02 19:51:22.093331+00:00
1598714564627111938,ukraine-de,True,True,False,False,False,False,False,False,False,False,2022-12-02 19:51:22.093213+00:00,2022-12-02 19:51:22.093213+00:00
1598714599582343169,ukraine-de,True,True,False,False,False,False,False,False,False,False,2022-12-02 19:51:22.093076+00:00,2022-12-02 19:51:22.093076+00:00
1598714611565330432,ukraine-de,True,True,False,False,False,False,False,False,False,False,2022-12-02 19:51:22.092949+00:00,2022-12-02 19:51:22.092949+00:00
1598714612731346945,ukraine-de,True,True,False,False,False,False,False,False,False,False,2022-12-02 19:51:22.089231+00:00,2022-12-02 19:51:22.089231+00:00
1598714622965694466,ukraine-de,True,True,False,False,False,False,False,False,False,False,2022-12-02 19:51:22.089130+00:00,2022-12-02 19:51:22.089130+00:00
1598714670864633864,ukraine-de,True,True,False,False,False,False,False,False,False,False,2022-12-02 19:51:22.089020+00:00,2022-12-02 19:51:22.089020+00:00
1598714676245929984,ukraine-de,True,True,False,False,False,False,False,False,False,False,2022-12-02 19:51:22.088906+00:00,2022-12-02 19:51:22.088906+00:00
1598714697204830208,ukraine-de,True,True,False,False,False,False,False,False,False,False,2022-12-02 19:51:22.088807+00:00,2022-12-02 19:51:22.088807+00:00
1598714702950825989,ukraine-de,True,True,False,False,False,False,False,False,False,False,2022-12-02 19:51:22.088708+00:00,2022-12-02 19:51:22.088708+00:00
1598714724245307406,ukraine-de,True,True,False,False,False,False,False,False,False,False,2022-12-02 19:51:22.088593+00:00,2022-12-02 19:51:22.088593+00:00
1598714730457300997,ukraine-de,True,True,False,False,False,False,False,False,False,False,2022-12-02 19:51:22.088493+00:00,2022-12-02 19:51:22.088493+00:00
1598714735284862979,ukraine-de,True,True,False,False,False,False,False,False,False,False,2022-12-02 19:51:22.088393+00:00,2022-12-02 19:51:22.088393+00:00
1598714745019695109,ukraine-de,True,True,False,False,False,False,False,False,False,False,2022-12-02 19:51:22.088282+00:00,2022-12-02 19:51:22.088282+00:00
1598714756797300746,ukraine-de,True,True,False,False,False,False,False,False,False,False,2022-12-02 19:51:22.088180+00:00,2022-12-02 19:51:22.088180+00:00
1598714772983119892,ukraine-de,True,True,False,False,False,False,False,False,False,False,2022-12-02 19:51:22.088078+00:00,2022-12-02 19:51:22.088078+00:00
1598714791903772673,ukraine-de,True,True,False,False,False,False,False,False,False,False,2022-12-02 19:51:22.087962+00:00,2022-12-02 19:51:22.087962+00:00
1598714815186362370,ukraine-de,True,True,False,False,False,False,False,False,False,False,2022-12-02 19:51:22.087859+00:00,2022-12-02 19:51:22.087859+00:00
1598714839538335746,ukraine-de,True,True,False,False,False,False,False,False,False,False,2022-12-02 19:51:22.087755+00:00,2022-12-02 19:51:22.087755+00:00
1598714844974153734,ukraine-de,True,True,False,False,False,False,False,False,False,False,2022-12-02 19:51:22.087633+00:00,2022-12-02 19:51:22.087633+00:00
1598714915740696576,ukraine-de,True,True,False,False,False,False,False,False,False,False,2022-12-02 19:51:22.087524+00:00,2022-12-02 19:51:22.087524+00:00
1598714919280443396,ukraine-de,True,True,False,False,False,False,False,False,False,False,2022-12-02 19:51:22.087398+00:00,2022-12-02 19:51:22.087398+00:00
1598714950867980288,ukraine-de,True,True,False,False,False,False,False,False,False,False,2022-12-02 19:51:22.087282+00:00,2022-12-02 19:51:22.087282+00:00
1598714968278302720,ukraine-de,True,True,False,False,False,False,False,False,False,False,2022-12-02 19:51:22.087108+00:00,2022-12-02 19:51:22.087108+00:00
1598715006765481984,ukraine-de,True,True,False,False,False,False,False,False,False,False,2022-12-02 19:50:17.510056+00:00,2022-12-02 19:51:22.083470+00:00
1598715032811864070,ukraine-de,True,True,False,False,False,False,False,False,False,False,2022-12-02 19:51:22.083371+00:00,2022-12-02 19:51:22.083371+00:00
1598715033269043214,ukraine-de,True,True,False,False,False,False,False,False,False,False,2022-12-02 19:51:22.083270+00:00,2022-12-02 19:51:22.083270+00:00
1598715033336152067,ukraine-de,True,True,False,False,False,False,False,False,False,False,2022-12-02 19:51:22.083150+00:00,2022-12-02 19:51:22.083150+00:00
1598715047185891330,ukraine-de,True,False,False,False,False,False,False,False,False,False,2022-12-02 19:51:22.140348+00:00,2022-12-02 19:51:22.140348+00:00
1598715050516160513,ukraine-de,True,True,False,False,False,False,False,False,False,False,2022-12-02 19:51:22.082958+00:00,2022-12-02 19:51:22.082958+00:00
1598715052890234880,ukraine-de,True,True,False,False,False,False,False,False,False,False,2022-12-02 19:51:22.082789+00:00,2022-12-02 19:51:22.082789+00:00
1598715055222059008,ukraine-de,True,True,False,False,False,False,False,False,False,False,2022-12-02 19:51:22.082690+00:00,2022-12-02 19:51:22.082690+00:00
1598715073891115009,ukraine-de,True,True,False,False,False,False,False,False,False,False,2022-12-02 19:51:22.082591+00:00,2022-12-02 19:51:22.082591+00:00
1598715090072543232,ukraine-de,True,True,False,False,False,False,False,False,False,False,2022-12-02 19:51:22.082493+00:00,2022-12-02 19:51:22.082493+00:00
1598715093277188097,ukraine-de,True,True,False,False,False,False,False,False,False,False,2022-12-02 19:51:22.082395+00:00,2022-12-02 19:51:22.082395+00:00
1598715113183256576,ukraine-de,True,True,False,False,False,False,False,False,False,False,2022-12-02 19:50:17.503410+00:00,2022-12-02 19:51:22.082298+00:00
1598715131004944384,ukraine-de,True,True,False,False,False,False,False,False,False,False,2022-12-02 19:51:22.082199+00:00,2022-12-02 19:51:22.082199+00:00
1598715131558608900,ukraine-de,True,True,False,False,False,False,False,False,False,False,2022-12-02 19:51:22.082093+00:00,2022-12-02 19:51:22.082093+00:00
1598715173791039495,ukraine-de,True,False,False,False,False,False,False,False,False,False,2022-12-02 19:51:22.131102+00:00,2022-12-02 19:51:22.131102+00:00
1598715188831584263,ukraine-de,True,True,False,False,False,False,False,False,False,False,2022-12-02 19:51:22.081994+00:00,2022-12-02 19:51:22.081994+00:00
1598715208817442821,ukraine-de,True,True,False,False,False,False,False,False,False,False,2022-12-02 19:51:22.081884+00:00,2022-12-02 19:51:22.081884+00:00
1598715214987264006,ukraine-de,True,True,False,False,False,False,False,False,False,False,2022-12-02 19:51:22.081776+00:00,2022-12-02 19:51:22.081776+00:00
1598715223543644161,ukraine-de,True,True,False,False,False,False,False,False,False,False,2022-12-02 19:51:22.081678+00:00,2022-12-02 19:51:22.081678+00:00
1598715253864513537,ukraine-de,True,False,False,False,False,False,False,False,False,False,2022-12-02 19:51:22.139576+00:00,2022-12-02 19:51:22.139576+00:00
1598715290103054336,ukraine-de,True,True,False,False,False,False,False,False,False,False,2022-12-02 19:51:22.081552+00:00,2022-12-02 19:51:22.081552+00:00
1598715300798660609,ukraine-de,True,True,False,False,False,False,False,False,False,False,2022-12-02 19:51:22.081454+00:00,2022-12-02 19:51:22.081454+00:00
1598715312370851843,ukraine-de,True,True,False,False,False,False,False,False,False,False,2022-12-02 19:51:22.081355+00:00,2022-12-02 19:51:22.081355+00:00
1598715344243261442,ukraine-de,True,False,False,False,False,False,False,False,False,False,2022-12-02 19:51:08.497473+00:00,2022-12-02 19:51:08.497473+00:00
1598715351663091821,ukraine-de,True,True,False,False,False,False,False,False,False,False,2022-12-02 19:51:22.081257+00:00,2022-12-02 19:51:22.081257+00:00
1598715362937143296,ukraine-de,True,True,False,False,False,False,False,False,False,False,2022-12-02 19:51:22.081159+00:00,2022-12-02 19:51:22.081159+00:00
1598715390133010435,ukraine-de,True,True,False,False,False,False,False,False,False,False,2022-12-02 19:51:22.081060+00:00,2022-12-02 19:51:22.081060+00:00
1598715406637596673,ukraine-de,True,True,False,False,False,False,False,False,False,False,2022-12-02 19:51:22.080959+00:00,2022-12-02 19:51:22.080959+00:00
1598715447011966976,ukraine-de,True,True,False,False,False,False,False,False,False,False,2022-12-02 19:51:22.080843+00:00,2022-12-02 19:51:22.080843+00:00
1598715464321859588,ukraine-de,True,False,False,False,False,False,False,False,False,False,2022-12-02 19:51:22.131851+00:00,2022-12-02 19:51:22.131851+00:00
1598715467157356544,ukraine-de,True,True,False,False,False,False,False,False,False,False,2022-12-02 19:51:22.080743+00:00,2022-12-02 19:51:22.080743+00:00
1598715512078442497,ukraine-de,True,True,False,False,False,False,False,False,False,False,2022-12-02 19:51:22.080625+00:00,2022-12-02 19:51:22.080625+00:00
1598715530558439426,ukraine-de,True,True,False,False,False,False,False,False,False,False,2022-12-02 19:51:22.080527+00:00,2022-12-02 19:51:22.080527+00:00
1598715539551145986,ukraine-de,True,True,False,False,False,False,False,False,False,False,2022-12-02 19:51:22.080430+00:00,2022-12-02 19:51:22.080430+00:00
1598715545968336899,ukraine-de,True,False,False,False,False,False,False,False,False,False,2022-12-02 19:50:27.673696+00:00,2022-12-02 19:50:27.673696+00:00
1598715555640377344,ukraine-de,True,True,False,False,False,False,False,False,False,False,2022-12-02 19:51:22.080330+00:00,2022-12-02 19:51:22.080330+00:00
1598715560702918656,ukraine-de,True,True,False,False,False,False,False,False,False,False,2022-12-02 19:51:22.080230+00:00,2022-12-02 19:51:22.080230+00:00
1598715567002861568,ukraine-de,True,True,False,False,False,False,False,False,False,False,2022-12-02 19:51:22.080130+00:00,2022-12-02 19:51:22.080130+00:00
1598715582072905731,ukraine-de,True,True,False,False,False,False,False,False,False,False,2022-12-02 19:51:22.080029+00:00,2022-12-02 19:51:22.080029+00:00
1598715630248525825,ukraine-de,True,True,False,False,False,False,False,False,False,False,2022-12-02 19:51:22.079929+00:00,2022-12-02 19:51:22.079929+00:00
1598715635101585408,ukraine-de,True,True,False,False,False,False,False,False,False,False,2022-12-02 19:51:22.079815+00:00,2022-12-02 19:51:22.079815+00:00
1598715652918738945,ukraine-de,True,True,False,False,False,False,False,False,False,False,2022-12-02 19:51:08.497260+00:00,2022-12-02 19:51:22.079714+00:00
1598715660879527941,ukraine-de,True,True,False,False,False,False,False,False,False,False,2022-12-02 19:51:22.079592+00:00,2022-12-02 19:51:22.079592+00:00
1598715682555691010,ukraine-de,True,True,False,False,False,False,False,False,False,False,2022-12-02 19:51:22.079490+00:00,2022-12-02 19:51:22.079490+00:00
1598715714008915971,ukraine-de,True,True,False,False,False,False,False,False,False,False,2022-12-02 19:51:22.079386+00:00,2022-12-02 19:51:22.079386+00:00
1598715740198166533,ukraine-de,True,True,False,False,False,False,False,False,False,False,2022-12-02 19:51:22.079257+00:00,2022-12-02 19:51:22.079257+00:00
1598715754068574225,ukraine-de,True,True,False,False,False,False,False,False,False,False,2022-12-02 19:51:22.079061+00:00,2022-12-02 19:51:22.079061+00:00
1598715757759795202,ukraine-de,True,False,False,False,False,False,False,False,False,False,2022-12-02 19:50:17.506900+00:00,2022-12-02 19:50:17.506900+00:00
1598715795197919239,ukraine-de,True,True,False,False,False,False,False,False,False,False,2022-12-02 19:51:22.078817+00:00,2022-12-02 19:51:22.078817+00:00
1598715854082002946,ukraine-de,True,True,False,False,False,False,False,False,False,False,2022-12-02 19:51:22.078715+00:00,2022-12-02 19:51:22.078715+00:00
1598715857089216513,ukraine-de,True,True,False,False,False,False,False,False,False,False,2022-12-02 19:51:22.078614+00:00,2022-12-02 19:51:22.078614+00:00
1598715893944647683,ukraine-de,True,True,False,False,False,False,False,False,False,False,2022-12-02 19:51:22.078487+00:00,2022-12-02 19:51:22.078487+00:00
1598715937372475392,ukraine-de,True,True,False,False,False,False,False,False,False,False,2022-12-02 19:51:22.078387+00:00,2022-12-02 19:51:22.078387+00:00
1598715998357667841,ukraine-de,True,False,False,False,False,False,False,False,False,False,2022-12-02 19:51:08.487093+00:00,2022-12-02 19:51:08.487093+00:00
1598716034738814978,ukraine-de,True,True,False,False,False,False,False,False,False,False,2022-12-02 19:51:22.078273+00:00,2022-12-02 19:51:22.078273+00:00
1598716065135185921,ukraine-de,True,True,False,False,False,False,False,False,False,False,2022-12-02 19:51:22.078174+00:00,2022-12-02 19:51:22.078174+00:00
1598716067035156483,ukraine-de,True,True,False,False,False,False,False,False,False,False,2022-12-02 19:51:22.078067+00:00,2022-12-02 19:51:22.078067+00:00
1598716079215214597,ukraine-de,True,True,False,False,False,False,False,False,False,False,2022-12-02 19:51:22.077969+00:00,2022-12-02 19:51:22.077969+00:00
1598716114862841858,ukraine-de,True,True,False,False,False,False,False,False,False,False,2022-12-02 19:50:17.524295+00:00,2022-12-02 19:51:22.077858+00:00
1598716117123334149,ukraine-de,True,True,False,False,False,False,False,False,False,False,2022-12-02 19:51:22.077741+00:00,2022-12-02 19:51:22.077741+00:00
1598716122668204037,ukraine-de,True,True,False,False,False,False,False,False,False,False,2022-12-02 19:51:08.478586+00:00,2022-12-02 19:51:22.077639+00:00
1598716124782264322,ukraine-de,True,True,False,False,False,False,False,False,False,False,2022-12-02 19:51:22.077500+00:00,2022-12-02 19:51:22.077500+00:00
1598716127227559938,ukraine-de,True,True,False,False,False,False,False,False,False,False,2022-12-02 19:51:22.077400+00:00,2022-12-02 19:51:22.077400+00:00
1598716138388455430,ukraine-de,True,True,False,False,False,False,False,False,False,False,2022-12-02 19:51:22.077285+00:00,2022-12-02 19:51:22.077285+00:00
1598716149243445250,ukraine-de,True,True,False,False,False,False,False,False,False,False,2022-12-02 19:51:22.077170+00:00,2022-12-02 19:51:22.077170+00:00
1598716155056820228,ukraine-de,True,True,False,False,False,False,False,False,False,False,2022-12-02 19:51:22.077063+00:00,2022-12-02 19:51:22.077063+00:00
1598716187684265984,ukraine-de,True,True,False,False,False,False,False,False,False,False,2022-12-02 19:51:22.076960+00:00,2022-12-02 19:51:22.076960+00:00
1598716195271753728,ukraine-de,True,True,False,False,False,False,False,False,False,False,2022-12-02 19:50:17.506667+00:00,2022-12-02 19:51:22.076846+00:00
1598716224028147712,ukraine-de,True,True,False,False,False,False,False,False,False,False,2022-12-02 19:51:22.076725+00:00,2022-12-02 19:51:22.076725+00:00
1598716232621883396,ukraine-de,True,True,False,False,False,False,False,False,False,False,2022-12-02 19:51:22.076625+00:00,2022-12-02 19:51:22.076625+00:00
1598716234765312002,ukraine-de,True,True,False,False,False,False,False,False,False,False,2022-12-02 19:51:22.076526+00:00,2022-12-02 19:51:22.076526+00:00
1598716235218157577,ukraine-de,True,True,False,False,False,False,False,False,False,False,2022-12-02 19:51:22.076416+00:00,2022-12-02 19:51:22.076416+00:00
1598716238586429444,ukraine-de,True,True,False,False,False,False,False,False,False,False,2022-12-02 19:51:22.076317+00:00,2022-12-02 19:51:22.076317+00:00
1598716301735624717,ukraine-de,True,True,False,False,False,False,False,False,False,False,2022-12-02 19:51:22.076216+00:00,2022-12-02 19:51:22.076216+00:00
1598716312691380227,ukraine-de,True,True,False,False,False,False,False,False,False,False,2022-12-02 19:51:22.076101+00:00,2022-12-02 19:51:22.076101+00:00
1598716343540252678,ukraine-de,True,True,False,False,False,False,False,False,False,False,2022-12-02 19:51:22.075986+00:00,2022-12-02 19:51:22.075986+00:00
1598716344827904001,ukraine-de,True,True,False,False,False,False,False,False,False,False,2022-12-02 19:51:08.493383+00:00,2022-12-02 19:51:22.075887+00:00
1598716349190004736,ukraine-de,True,True,False,False,False,False,False,False,False,False,2022-12-02 19:51:22.075788+00:00,2022-12-02 19:51:22.075788+00:00
1598716366189731840,ukraine-de,True,False,False,False,False,False,False,False,False,False,2022-12-02 22:35:17.198335+00:00,2022-12-02 22:35:17.198335+00:00
1598716366952988672,ukraine-de,True,True,False,False,False,False,False,False,False,False,2022-12-02 19:51:22.075689+00:00,2022-12-02 19:51:22.075689+00:00
1598716432036003841,ukraine-de,True,True,False,False,False,False,False,False,False,False,2022-12-02 19:51:22.075591+00:00,2022-12-02 19:51:22.075591+00:00
1598716441754214403,ukraine-de,True,True,False,False,False,False,False,False,False,False,2022-12-02 19:51:22.075490+00:00,2022-12-02 19:51:22.075490+00:00
1598716442924515329,ukraine-de,True,True,False,False,False,False,False,False,False,False,2022-12-02 19:51:22.075388+00:00,2022-12-02 19:51:22.075388+00:00
1598716445386498051,ukraine-de,True,True,False,False,False,False,False,False,False,False,2022-12-02 19:51:22.075282+00:00,2022-12-02 19:51:22.075282+00:00
1598716456031485956,ukraine-de,True,True,False,False,False,False,False,False,False,False,2022-12-02 19:50:59.800709+00:00,2022-12-02 19:51:22.075154+00:00
1598716479683321862,ukraine-de,True,True,False,False,False,False,False,False,False,False,2022-12-02 19:51:22.075050+00:00,2022-12-02 19:51:22.075050+00:00
1598716488298266632,ukraine-de,True,True,False,False,False,False,False,False,False,False,2022-12-02 19:51:22.074823+00:00,2022-12-02 19:51:22.074823+00:00
1598716491658133506,ukraine-de,True,True,False,False,False,False,False,False,False,False,2022-12-02 19:51:22.074725+00:00,2022-12-02 19:51:22.074725+00:00
1598716492886835211,ukraine-de,True,True,False,False,False,False,False,False,False,False,2022-12-02 19:51:22.074626+00:00,2022-12-02 19:51:22.074626+00:00
1598716500122148865,ukraine-de,True,True,False,False,False,False,False,False,False,False,2022-12-02 19:51:22.074526+00:00,2022-12-02 19:51:22.074526+00:00
1598716504924717056,ukraine-de,True,True,False,False,False,False,False,False,False,False,2022-12-02 19:51:22.074410+00:00,2022-12-02 19:51:22.074410+00:00
1598716548511850496,ukraine-de,True,True,False,False,False,False,False,False,False,False,2022-12-02 19:51:22.074297+00:00,2022-12-02 19:51:22.074297+00:00
1598716548788518914,ukraine-de,True,True,False,False,False,False,False,False,False,False,2022-12-02 19:50:17.505348+00:00,2022-12-02 19:51:22.074194+00:00
1598716561765928962,ukraine-de,True,True,False,False,False,False,False,False,False,False,2022-12-02 19:51:22.074083+00:00,2022-12-02 19:51:22.074083+00:00
1598716608943357953,ukraine-de,True,True,False,False,False,False,False,False,False,False,2022-12-02 19:51:22.073962+00:00,2022-12-02 19:51:22.073962+00:00
1598716614089637896,ukraine-de,True,True,False,False,False,False,False,False,False,False,2022-12-02 19:51:22.073850+00:00,2022-12-02 19:51:22.073850+00:00
1598716627163312128,ukraine-de,True,True,False,False,False,False,False,False,False,False,2022-12-02 19:51:22.073748+00:00,2022-12-02 19:51:22.073748+00:00
1598716657953669123,ukraine-de,True,True,False,False,False,False,False,False,False,False,2022-12-02 19:51:22.073645+00:00,2022-12-02 19:51:22.073645+00:00
1598716658486345728,ukraine-de,True,True,False,False,False,False,False,False,False,False,2022-12-02 19:51:22.073517+00:00,2022-12-02 19:51:22.073517+00:00
1598716690552029186,ukraine-de,True,True,False,False,False,False,False,False,False,False,2022-12-02 19:51:22.073417+00:00,2022-12-02 19:51:22.073417+00:00
1598716694767075350,ukraine-de,True,True,False,False,False,False,False,False,False,False,2022-12-02 19:51:22.073317+00:00,2022-12-02 19:51:22.073317+00:00
1598716707178221569,ukraine-de,True,True,False,False,False,False,False,False,False,False,2022-12-02 19:51:22.073208+00:00,2022-12-02 19:51:22.073208+00:00
1598716707597451276,ukraine-de,True,True,False,False,False,False,False,False,False,False,2022-12-02 19:51:22.073104+00:00,2022-12-02 19:51:22.073104+00:00
1598716715105255433,ukraine-de,True,True,False,False,False,False,False,False,False,False,2022-12-02 19:51:22.072992+00:00,2022-12-02 19:51:22.072992+00:00
1598716732956368897,ukraine-de,True,True,False,False,False,False,False,False,False,False,2022-12-02 19:51:22.072877+00:00,2022-12-02 19:51:22.072877+00:00
1598716746696900610,ukraine-de,True,True,False,False,False,False,False,False,False,False,2022-12-02 19:51:22.072750+00:00,2022-12-02 19:51:22.072750+00:00
1598716763839012865,ukraine-de,True,True,False,False,False,False,False,False,False,False,2022-12-02 19:51:22.072646+00:00,2022-12-02 19:51:22.072646+00:00
1598716797774987269,ukraine-de,True,False,False,False,False,False,False,False,False,False,2022-12-03 03:40:14.812886+00:00,2022-12-03 03:40:14.812886+00:00
1598716799759286272,ukraine-de,True,True,False,False,False,False,False,False,False,False,2022-12-02 19:51:22.072524+00:00,2022-12-02 19:51:22.072524+00:00
1598716809389154304,ukraine-de,True,True,False,False,False,False,False,False,False,False,2022-12-02 19:51:22.072295+00:00,2022-12-02 19:51:22.072295+00:00
1598716810299318272,ukraine-de,True,True,False,False,False,False,False,False,False,False,2022-12-02 19:51:22.072193+00:00,2022-12-02 19:51:22.072193+00:00
1598716879534555144,ukraine-de,True,True,False,False,False,False,False,False,False,False,2022-12-02 19:51:22.072091+00:00,2022-12-02 19:51:22.072091+00:00
1598716901215043584,ukraine-de,True,True,False,False,False,False,False,False,False,False,2022-12-02 19:51:08.495954+00:00,2022-12-02 19:51:22.071981+00:00
1598716919057481732,ukraine-de,True,False,False,False,False,False,False,False,False,False,2022-12-02 19:51:22.127019+00:00,2022-12-02 19:51:22.127019+00:00
1598716921246908424,ukraine-de,True,True,False,False,False,False,False,False,False,False,2022-12-02 19:51:22.071860+00:00,2022-12-02 19:51:22.071860+00:00
1598716935662964736,ukraine-de,True,True,False,False,False,False,False,False,False,False,2022-12-02 19:51:22.071757+00:00,2022-12-02 19:51:22.071757+00:00
1598716947285303301,ukraine-de,True,True,False,False,False,False,False,False,False,False,2022-12-02 19:51:22.071632+00:00,2022-12-02 19:51:22.071632+00:00
1598716970220023808,ukraine-de,True,True,False,False,False,False,False,False,False,False,2022-12-02 19:51:22.071527+00:00,2022-12-02 19:51:22.071527+00:00
1598716978566504448,ukraine-de,True,True,False,False,False,False,False,False,False,False,2022-12-02 19:51:22.071421+00:00,2022-12-02 19:51:22.071421+00:00
1598716985692639233,ukraine-de,True,True,False,False,False,False,False,False,False,False,2022-12-02 19:51:22.071310+00:00,2022-12-02 19:51:22.071310+00:00
1598716990889132037,ukraine-de,True,True,False,False,False,False,False,False,False,False,2022-12-02 19:51:22.071184+00:00,2022-12-02 19:51:22.071184+00:00
1598717017959325696,ukraine-de,True,True,False,False,False,False,False,False,False,False,2022-12-02 19:51:22.070017+00:00,2022-12-02 19:51:22.070017+00:00
1598717018038861824,ukraine-de,True,True,False,False,False,False,False,False,False,False,2022-12-02 19:51:22.069908+00:00,2022-12-02 19:51:22.069908+00:00
1598717060535787522,ukraine-de,True,True,False,False,False,False,False,False,False,False,2022-12-02 19:51:22.069809+00:00,2022-12-02 19:51:22.069809+00:00
1598717073496367104,ukraine-de,True,False,False,False,False,False,False,False,False,False,2022-12-02 22:36:01.073991+00:00,2022-12-02 22:36:01.073991+00:00
1598717073965948928,ukraine-de,True,True,False,False,False,False,False,False,False,False,2022-12-02 19:51:22.069708+00:00,2022-12-02 19:51:22.069708+00:00
1598717078210347017,ukraine-de,True,True,False,False,False,False,False,False,False,False,2022-12-02 19:51:22.069582+00:00,2022-12-02 19:51:22.069582+00:00
1598717083298185216,ukraine-de,True,True,False,False,False,False,False,False,False,False,2022-12-02 19:51:22.069481+00:00,2022-12-02 19:51:22.069481+00:00
1598717128022032384,ukraine-de,True,True,False,False,False,False,False,False,False,False,2022-12-02 19:51:22.069363+00:00,2022-12-02 19:51:22.069363+00:00
1598717135219474435,ukraine-de,True,True,False,False,False,False,False,False,False,False,2022-12-02 19:51:22.069259+00:00,2022-12-02 19:51:22.069259+00:00
1598717138310529030,ukraine-de,True,True,False,False,False,False,False,False,False,False,2022-12-02 19:51:22.069119+00:00,2022-12-02 19:51:22.069119+00:00
1598717152021708806,ukraine-de,True,True,False,False,False,False,False,False,False,False,2022-12-02 19:51:22.068919+00:00,2022-12-02 19:51:22.068919+00:00
1598717155372957714,ukraine-de,True,True,False,False,False,False,False,False,False,False,2022-12-02 19:51:22.068817+00:00,2022-12-02 19:51:22.068817+00:00
1598717164772548610,ukraine-de,True,True,False,False,False,False,False,False,False,False,2022-12-02 19:51:22.068702+00:00,2022-12-02 19:51:22.068702+00:00
1598717170321707009,ukraine-de,True,True,False,False,False,False,False,False,False,False,2022-12-02 19:51:22.068574+00:00,2022-12-02 19:51:22.068574+00:00
1598717172041527297,ukraine-de,True,False,False,False,False,False,False,False,False,False,2022-12-03 04:25:14.052658+00:00,2022-12-03 04:25:14.052658+00:00
1598717182824923138,ukraine-de,True,True,False,False,False,False,False,False,False,False,2022-12-02 19:51:22.068474+00:00,2022-12-02 19:51:22.068474+00:00
1598717208443486216,ukraine-de,True,True,False,False,False,False,False,False,False,False,2022-12-02 19:51:22.068373+00:00,2022-12-02 19:51:22.068373+00:00
1598717223014498307,ukraine-de,True,True,False,False,False,False,False,False,False,False,2022-12-02 19:51:22.068272+00:00,2022-12-02 19:51:22.068272+00:00
1598717294317867010,ukraine-de,True,True,False,False,False,False,False,False,False,False,2022-12-02 19:51:22.068151+00:00,2022-12-02 19:51:22.068151+00:00
1598717303184556034,ukraine-de,True,True,False,False,False,False,False,False,False,False,2022-12-02 19:51:22.068051+00:00,2022-12-02 19:51:22.068051+00:00
1598717328782393350,ukraine-de,True,False,False,False,False,False,False,False,False,False,2022-12-02 19:51:22.130269+00:00,2022-12-02 19:51:22.130269+00:00
1598717419945459718,ukraine-de,True,False,False,False,False,False,False,False,False,False,2022-12-02 22:35:17.193834+00:00,2022-12-02 22:35:17.193834+00:00
1598717435401625602,ukraine-de,True,False,False,False,False,False,False,False,False,False,2022-12-02 19:51:22.128436+00:00,2022-12-02 19:51:22.128436+00:00
1598717441999257603,ukraine-de,True,True,False,False,False,False,False,False,False,False,2022-12-02 19:51:22.067951+00:00,2022-12-02 19:51:22.067951+00:00
1598717442343043084,ukraine-de,True,True,False,False,False,False,False,False,False,False,2022-12-02 19:51:22.067851+00:00,2022-12-02 19:51:22.067851+00:00
1598717451105181705,ukraine-de,True,True,False,False,False,False,False,False,False,False,2022-12-02 19:51:22.067752+00:00,2022-12-02 19:51:22.067752+00:00
1598717452581494785,ukraine-de,True,True,False,False,False,False,False,False,False,False,2022-12-02 19:51:22.067650+00:00,2022-12-02 19:51:22.067650+00:00
1598717479194427392,ukraine-de,True,True,False,False,False,False,False,False,False,False,2022-12-02 19:51:22.067539+00:00,2022-12-02 19:51:22.067539+00:00
1598717532772237313,ukraine-de,True,True,False,False,False,False,False,False,False,False,2022-12-02 19:50:59.835350+00:00,2022-12-02 19:51:22.067440+00:00
1598717546634661888,ukraine-de,True,True,False,False,False,False,False,False,False,False,2022-12-02 19:51:22.067340+00:00,2022-12-02 19:51:22.067340+00:00
1598717549776093185,ukraine-de,True,False,False,False,False,False,False,False,False,False,2022-12-02 19:50:59.797394+00:00,2022-12-02 19:50:59.797394+00:00
1598717569778814979,ukraine-de,True,True,False,False,False,False,False,False,False,False,2022-12-02 19:51:22.067241+00:00,2022-12-02 19:51:22.067241+00:00
1598717586774151174,ukraine-de,True,True,False,False,False,False,False,False,False,False,2022-12-02 19:51:22.067141+00:00,2022-12-02 19:51:22.067141+00:00
1598717589248741378,ukraine-de,True,True,False,False,False,False,False,False,False,False,2022-12-02 19:50:59.805881+00:00,2022-12-02 19:51:22.067040+00:00
1598717597226237953,ukraine-de,True,True,False,False,False,False,False,False,False,False,2022-12-02 19:50:59.832704+00:00,2022-12-02 19:51:22.066933+00:00
1598717626590679041,ukraine-de,True,True,False,False,False,False,False,False,False,False,2022-12-02 19:51:22.066779+00:00,2022-12-02 19:51:22.066779+00:00
1598717653262008323,ukraine-de,True,True,False,False,False,False,False,False,False,False,2022-12-02 19:51:22.066680+00:00,2022-12-02 19:51:22.066680+00:00
1598717725555032067,ukraine-de,True,True,False,False,False,False,False,False,False,False,2022-12-02 19:51:22.066581+00:00,2022-12-02 19:51:22.066581+00:00
1598717744249200648,ukraine-de,True,True,False,False,False,False,False,False,False,False,2022-12-02 19:51:22.066481+00:00,2022-12-02 19:51:22.066481+00:00
1598717761554743300,ukraine-de,True,True,False,False,False,False,False,False,False,False,2022-12-02 19:51:22.066379+00:00,2022-12-02 19:51:22.066379+00:00
1598717799597080589,ukraine-de,True,True,False,False,False,False,False,False,False,False,2022-12-02 19:51:22.066277+00:00,2022-12-02 19:51:22.066277+00:00
1598717826528854016,ukraine-de,True,False,False,False,False,False,False,False,False,False,2022-12-02 19:50:59.834217+00:00,2022-12-02 19:50:59.834217+00:00
1598717882946289670,ukraine-de,True,True,False,False,False,False,False,False,False,False,2022-12-02 19:51:22.066160+00:00,2022-12-02 19:51:22.066160+00:00
1598717888139075588,ukraine-de,True,True,False,False,False,False,False,False,False,False,2022-12-02 19:51:22.066058+00:00,2022-12-02 19:51:22.066058+00:00
1598717891314159618,ukraine-de,True,True,False,False,False,False,False,False,False,False,2022-12-02 19:50:17.507447+00:00,2022-12-02 19:51:22.065954+00:00
1598717896703606785,ukraine-de,True,True,False,False,False,False,False,False,False,False,2022-12-02 19:51:22.065825+00:00,2022-12-02 19:51:22.065825+00:00
1598717922674868227,ukraine-de,True,True,False,False,False,False,False,False,False,False,2022-12-02 19:51:22.065723+00:00,2022-12-02 19:51:22.065723+00:00
1598717929377263616,ukraine-de,True,True,False,False,False,False,False,False,False,False,2022-12-02 19:51:22.065573+00:00,2022-12-02 19:51:22.065573+00:00
1598717930983809025,ukraine-de,True,True,False,False,False,False,False,False,False,False,2022-12-02 19:51:22.065473+00:00,2022-12-02 19:51:22.065473+00:00
1598717965268033536,ukraine-de,True,True,False,False,False,False,False,False,False,False,2022-12-02 19:51:22.065373+00:00,2022-12-02 19:51:22.065373+00:00
1598717965540679681,ukraine-de,True,True,False,False,False,False,False,False,False,False,2022-12-02 19:51:22.065273+00:00,2022-12-02 19:51:22.065273+00:00
1598717977590784000,ukraine-de,True,True,False,False,False,False,False,False,False,False,2022-12-02 19:51:22.065170+00:00,2022-12-02 19:51:22.065170+00:00
1598717984603885570,ukraine-de,True,False,False,False,False,False,False,False,False,False,2022-12-02 19:50:59.836962+00:00,2022-12-02 19:50:59.836962+00:00
1598718004144898049,ukraine-de,True,True,False,False,False,False,False,False,False,False,2022-12-02 19:51:22.065049+00:00,2022-12-02 19:51:22.065049+00:00
1598718035346395136,ukraine-de,True,True,False,False,False,False,False,False,False,False,2022-12-02 19:51:22.064948+00:00,2022-12-02 19:51:22.064948+00:00
1598718053738348544,ukraine-de,True,False,False,False,False,False,False,False,False,False,2022-12-02 19:51:08.495837+00:00,2022-12-02 19:51:08.495837+00:00
1598718072507928578,ukraine-de,True,True,False,False,False,False,False,False,False,False,2022-12-02 19:51:22.064848+00:00,2022-12-02 19:51:22.064848+00:00
1598718074374324224,ukraine-de,True,True,False,False,False,False,False,False,False,False,2022-12-02 19:51:22.064746+00:00,2022-12-02 19:51:22.064746+00:00
1598718091910778886,ukraine-de,True,True,False,False,False,False,False,False,False,False,2022-12-02 19:51:22.064647+00:00,2022-12-02 19:51:22.064647+00:00
1598718100140003331,ukraine-de,True,False,False,False,False,False,False,False,False,False,2022-12-02 19:50:36.529625+00:00,2022-12-02 19:50:36.529625+00:00
1598718125171769347,ukraine-de,True,True,False,False,False,False,False,False,False,False,2022-12-02 19:51:22.064535+00:00,2022-12-02 19:51:22.064535+00:00
1598718143068790790,ukraine-de,True,True,False,False,False,False,False,False,False,False,2022-12-02 19:51:22.064426+00:00,2022-12-02 19:51:22.064426+00:00
1598718144788533252,ukraine-de,True,True,False,False,False,False,False,False,False,False,2022-12-02 19:51:22.064326+00:00,2022-12-02 19:51:22.064326+00:00
1598718166544355329,ukraine-de,True,True,False,False,False,False,False,False,False,False,2022-12-02 19:51:22.064226+00:00,2022-12-02 19:51:22.064226+00:00
1598718184378404869,ukraine-de,True,True,False,False,False,False,False,False,False,False,2022-12-02 19:51:22.064112+00:00,2022-12-02 19:51:22.064112+00:00
1598718203554762767,ukraine-de,True,False,False,False,False,False,False,False,False,False,2022-12-02 19:50:36.497392+00:00,2022-12-02 19:50:36.497392+00:00
1598718218234826765,ukraine-de,True,False,False,False,False,False,False,False,False,False,2022-12-02 19:51:22.128970+00:00,2022-12-02 19:51:22.128970+00:00
1598718224463368206,ukraine-de,True,True,False,False,False,False,False,False,False,False,2022-12-02 19:51:22.064012+00:00,2022-12-02 19:51:22.064012+00:00
1598718235297255427,ukraine-de,True,True,False,False,False,False,False,False,False,False,2022-12-02 19:51:22.063913+00:00,2022-12-02 19:51:22.063913+00:00
1598718238447337473,ukraine-de,True,True,False,False,False,False,False,False,False,False,2022-12-02 19:51:22.063813+00:00,2022-12-02 19:51:22.063813+00:00
1598718240364052482,ukraine-de,True,True,False,False,False,False,False,False,False,False,2022-12-02 19:51:22.063710+00:00,2022-12-02 19:51:22.063710+00:00
1598718254045880322,ukraine-de,True,True,False,False,False,False,False,False,False,False,2022-12-02 19:51:22.063599+00:00,2022-12-02 19:51:22.063599+00:00
1598718261184499712,ukraine-de,True,True,False,False,False,False,False,False,False,False,2022-12-02 19:51:22.063497+00:00,2022-12-02 19:51:22.063497+00:00
1598718269787086853,ukraine-de,True,True,False,False,False,False,False,False,False,False,2022-12-02 19:51:22.063396+00:00,2022-12-02 19:51:22.063396+00:00
1598718275395158016,ukraine-de,True,True,False,False,False,False,False,False,False,False,2022-12-02 19:51:22.063292+00:00,2022-12-02 19:51:22.063292+00:00
1598718281556398081,ukraine-de,True,True,False,False,False,False,False,False,False,False,2022-12-02 19:51:22.063164+00:00,2022-12-02 19:51:22.063164+00:00
1598718292666896384,ukraine-de,True,True,False,False,False,False,False,False,False,False,2022-12-02 19:51:22.063062+00:00,2022-12-02 19:51:22.063062+00:00
1598718294256586754,ukraine-de,True,True,False,False,False,False,False,False,False,False,2022-12-02 19:50:17.523639+00:00,2022-12-02 19:51:22.062957+00:00
1598718301219131392,ukraine-de,True,True,False,False,False,False,False,False,False,False,2022-12-02 19:51:22.062786+00:00,2022-12-02 19:51:22.062786+00:00
1598718318604599296,ukraine-de,True,True,False,False,False,False,False,False,False,False,2022-12-02 19:51:22.062688+00:00,2022-12-02 19:51:22.062688+00:00
1598718336090742787,ukraine-de,True,True,False,False,False,False,False,False,False,False,2022-12-02 19:51:22.062588+00:00,2022-12-02 19:51:22.062588+00:00
1598718343913127936,ukraine-de,True,True,False,False,False,False,False,False,False,False,2022-12-02 19:51:22.062490+00:00,2022-12-02 19:51:22.062490+00:00
1598718359591260163,ukraine-de,True,True,False,False,False,False,False,False,False,False,2022-12-02 19:51:22.062390+00:00,2022-12-02 19:51:22.062390+00:00
1598718366629478405,ukraine-de,True,True,False,False,False,False,False,False,False,False,2022-12-02 19:51:22.062288+00:00,2022-12-02 19:51:22.062288+00:00
1598718392567046144,ukraine-de,True,True,False,False,False,False,False,False,False,False,2022-12-02 19:51:22.062187+00:00,2022-12-02 19:51:22.062187+00:00
1598718394639040519,ukraine-de,True,True,False,False,False,False,False,False,False,False,2022-12-02 19:51:22.062086+00:00,2022-12-02 19:51:22.062086+00:00
1598718405829443589,ukraine-de,True,True,False,False,False,False,False,False,False,False,2022-12-02 19:51:22.061984+00:00,2022-12-02 19:51:22.061984+00:00
1598718412456615936,ukraine-de,True,True,False,False,False,False,False,False,False,False,2022-12-02 19:51:22.061861+00:00,2022-12-02 19:51:22.061861+00:00
1598718436212985857,ukraine-de,True,True,False,False,False,False,False,False,False,False,2022-12-02 19:51:22.061758+00:00,2022-12-02 19:51:22.061758+00:00
1598718445255696384,ukraine-de,True,True,False,False,False,False,False,False,False,False,2022-12-02 19:51:22.061651+00:00,2022-12-02 19:51:22.061651+00:00
1598718445733847040,ukraine-de,True,True,False,False,False,False,False,False,False,False,2022-12-02 19:51:22.061497+00:00,2022-12-02 19:51:22.061497+00:00
1598718448367898629,ukraine-de,True,True,False,False,False,False,False,False,False,False,2022-12-02 19:50:27.667062+00:00,2022-12-02 19:51:22.061393+00:00
1598718464780378112,ukraine-de,True,True,False,False,False,False,False,False,False,False,2022-12-02 19:51:22.061279+00:00,2022-12-02 19:51:22.061279+00:00
1598718482954215427,ukraine-de,True,True,False,False,False,False,False,False,False,False,2022-12-02 19:51:22.061176+00:00,2022-12-02 19:51:22.061176+00:00
1598718492886310922,ukraine-de,True,False,False,False,False,False,False,False,False,False,2022-12-02 19:51:08.496371+00:00,2022-12-02 19:51:08.496371+00:00
1598718564269178881,ukraine-de,True,True,False,False,False,False,False,False,False,False,2022-12-02 19:51:22.061073+00:00,2022-12-02 19:51:22.061073+00:00
1598718623903846403,ukraine-de,True,True,False,False,False,False,False,False,False,False,2022-12-02 19:51:22.060953+00:00,2022-12-02 19:51:22.060953+00:00
1598718638608945157,ukraine-de,True,True,False,False,False,False,False,False,False,False,2022-12-02 19:51:22.060752+00:00,2022-12-02 19:51:22.060752+00:00
1598718655835119619,ukraine-de,True,False,False,False,False,False,False,False,False,False,2022-12-02 19:51:08.502020+00:00,2022-12-02 19:51:08.502020+00:00
1598718657173110785,ukraine-de,True,True,False,False,False,False,False,False,False,False,2022-12-02 19:51:22.060649+00:00,2022-12-02 19:51:22.060649+00:00
1598718670041235456,ukraine-de,True,True,False,False,False,False,False,False,False,False,2022-12-02 19:51:22.060544+00:00,2022-12-02 19:51:22.060544+00:00
1598718700969857032,ukraine-de,True,True,False,False,False,False,False,False,False,False,2022-12-02 19:51:22.060423+00:00,2022-12-02 19:51:22.060423+00:00
1598718713183993856,ukraine-de,True,True,False,False,False,False,False,False,False,False,2022-12-02 19:51:22.060294+00:00,2022-12-02 19:51:22.060294+00:00
1598718725418516483,ukraine-de,True,True,False,False,False,False,False,False,False,False,2022-12-02 19:51:22.060189+00:00,2022-12-02 19:51:22.060189+00:00
1598718733924683777,ukraine-de,True,True,False,False,False,False,False,False,False,False,2022-12-02 19:51:22.060037+00:00,2022-12-02 19:51:22.060037+00:00
1598718749149990913,ukraine-de,True,True,False,False,False,False,False,False,False,False,2022-12-02 19:51:22.059936+00:00,2022-12-02 19:51:22.059936+00:00
1598718816225206272,ukraine-de,True,True,False,False,False,False,False,False,False,False,2022-12-02 19:51:22.059831+00:00,2022-12-02 19:51:22.059831+00:00
1598718826853502983,ukraine-de,True,False,False,False,False,False,False,False,False,False,2022-12-02 19:51:08.500448+00:00,2022-12-02 19:51:08.500448+00:00
1598718828606799873,ukraine-de,True,True,False,False,False,False,False,False,False,False,2022-12-02 19:51:22.059609+00:00,2022-12-02 19:51:22.059609+00:00
1598718854330732545,ukraine-de,True,True,False,False,False,False,False,False,False,False,2022-12-02 19:51:22.059505+00:00,2022-12-02 19:51:22.059505+00:00
1598718870864494598,ukraine-de,True,True,False,False,False,False,False,False,False,False,2022-12-02 19:51:22.059400+00:00,2022-12-02 19:51:22.059400+00:00
1598718882604150784,ukraine-de,True,True,False,False,False,False,False,False,False,False,2022-12-02 19:51:22.059275+00:00,2022-12-02 19:51:22.059275+00:00
1598718887775727618,ukraine-de,True,True,False,False,False,False,False,False,False,False,2022-12-02 19:51:22.059173+00:00,2022-12-02 19:51:22.059173+00:00
1598718888488759296,ukraine-de,True,True,False,False,False,False,False,False,False,False,2022-12-02 19:51:22.059053+00:00,2022-12-02 19:51:22.059053+00:00
1598718892011974669,ukraine-de,True,True,False,False,False,False,False,False,False,False,2022-12-02 19:51:22.058780+00:00,2022-12-02 19:51:22.058780+00:00
1598718903927992321,ukraine-de,True,True,False,False,False,False,False,False,False,False,2022-12-02 19:51:22.058662+00:00,2022-12-02 19:51:22.058662+00:00
1598718909967900672,ukraine-de,True,True,False,False,False,False,False,False,False,False,2022-12-02 19:51:22.058560+00:00,2022-12-02 19:51:22.058560+00:00
1598718911121342464,ukraine-de,True,True,False,False,False,False,False,False,False,False,2022-12-02 19:51:22.058442+00:00,2022-12-02 19:51:22.058442+00:00
1598718913851924480,ukraine-de,True,True,False,False,False,False,False,False,False,False,2022-12-02 19:51:22.058310+00:00,2022-12-02 19:51:22.058310+00:00
1598718930331148288,ukraine-de,True,True,False,False,False,False,False,False,False,False,2022-12-02 19:51:22.058210+00:00,2022-12-02 19:51:22.058210+00:00
1598718933325910016,ukraine-de,True,True,False,False,False,False,False,False,False,False,2022-12-02 19:51:22.058106+00:00,2022-12-02 19:51:22.058106+00:00
1598718981493428226,ukraine-de,True,True,False,False,False,False,False,False,False,False,2022-12-02 19:51:22.058003+00:00,2022-12-02 19:51:22.058003+00:00
1598718982713798661,ukraine-de,True,True,False,False,False,False,False,False,False,False,2022-12-02 19:51:22.057869+00:00,2022-12-02 19:51:22.057869+00:00
1598718989139873792,ukraine-de,True,True,False,False,False,False,False,False,False,False,2022-12-02 19:51:22.057764+00:00,2022-12-02 19:51:22.057764+00:00
1598718990108356618,ukraine-de,True,True,False,False,False,False,False,False,False,False,2022-12-02 19:51:22.057650+00:00,2022-12-02 19:51:22.057650+00:00
1598719037877403650,ukraine-de,True,True,False,False,False,False,False,False,False,False,2022-12-02 19:51:22.057520+00:00,2022-12-02 19:51:22.057520+00:00
1598719059343904771,ukraine-de,True,True,False,False,False,False,False,False,False,False,2022-12-02 19:51:22.057418+00:00,2022-12-02 19:51:22.057418+00:00
1598719061046747144,ukraine-de,True,True,False,False,False,False,False,False,False,False,2022-12-02 19:51:22.057315+00:00,2022-12-02 19:51:22.057315+00:00
1598719085226909697,ukraine-de,True,True,False,False,False,False,False,False,False,False,2022-12-02 19:51:22.057190+00:00,2022-12-02 19:51:22.057190+00:00
1598719088762580992,ukraine-de,True,True,False,False,False,False,False,False,False,False,2022-12-02 19:51:22.057067+00:00,2022-12-02 19:51:22.057067+00:00
1598719101605539846,ukraine-de,True,False,False,False,False,False,False,False,False,False,2022-12-02 22:35:54.194214+00:00,2022-12-02 22:35:54.194214+00:00
1598719123902660610,ukraine-de,True,True,False,False,False,False,False,False,False,False,2022-12-02 19:51:22.056954+00:00,2022-12-02 19:51:22.056954+00:00
1598719139837005825,ukraine-de,True,True,False,False,False,False,False,False,False,False,2022-12-02 19:51:22.056850+00:00,2022-12-02 19:51:22.056850+00:00
1598719169188737024,ukraine-de,True,True,False,False,False,False,False,False,False,False,2022-12-02 19:50:36.494740+00:00,2022-12-02 19:51:22.056735+00:00
1598719183973339136,ukraine-de,True,True,False,False,False,False,False,False,False,False,2022-12-02 19:51:22.056606+00:00,2022-12-02 19:51:22.056606+00:00
1598719191036690432,ukraine-de,True,True,False,False,False,False,False,False,False,False,2022-12-02 19:51:22.056498+00:00,2022-12-02 19:51:22.056498+00:00
1598719200117260288,ukraine-de,True,True,False,False,False,False,False,False,False,False,2022-12-02 19:51:22.056383+00:00,2022-12-02 19:51:22.056383+00:00
1598719200520019969,ukraine-de,True,True,False,False,False,False,False,False,False,False,2022-12-02 19:51:22.056125+00:00,2022-12-02 19:51:22.056125+00:00
1598719254458560512,ukraine-de,True,True,False,False,False,False,False,False,False,False,2022-12-02 19:51:08.473584+00:00,2022-12-02 19:51:08.473584+00:00
1598719257444904972,ukraine-de,True,True,False,False,False,False,False,False,False,False,2022-12-02 19:51:08.473425+00:00,2022-12-02 19:51:08.473425+00:00
1598719277678227458,ukraine-de,True,True,False,False,False,False,False,False,False,False,2022-12-02 19:51:08.473327+00:00,2022-12-02 19:51:08.473327+00:00
1598719289627918337,ukraine-de,True,True,False,False,False,False,False,False,False,False,2022-12-02 19:51:08.473228+00:00,2022-12-02 19:51:08.473228+00:00
1598719377091620869,ukraine-de,True,True,False,False,False,False,False,False,False,False,2022-12-02 19:51:08.473128+00:00,2022-12-02 19:51:08.473128+00:00
1598719410134474759,ukraine-de,True,True,False,False,False,False,False,False,False,False,2022-12-02 19:51:08.473027+00:00,2022-12-02 19:51:08.473027+00:00
1598719422100918272,ukraine-de,True,True,False,False,False,False,False,False,False,False,2022-12-02 19:51:08.472920+00:00,2022-12-02 19:51:08.472920+00:00
1598719440081678341,ukraine-de,True,True,False,False,False,False,False,False,False,False,2022-12-02 19:51:08.472815+00:00,2022-12-02 19:51:08.472815+00:00
1598719453885349889,ukraine-de,True,True,False,False,False,False,False,False,False,False,2022-12-02 19:51:08.472703+00:00,2022-12-02 19:51:08.472703+00:00
1598719463888547840,ukraine-de,True,True,False,False,False,False,False,False,False,False,2022-12-02 19:51:08.472439+00:00,2022-12-02 19:51:08.472439+00:00
1598719523695349760,ukraine-de,True,True,False,False,False,False,False,False,False,False,2022-12-02 19:51:08.472337+00:00,2022-12-02 19:51:08.472337+00:00
1598719526232682497,ukraine-de,True,True,False,False,False,False,False,False,False,False,2022-12-02 19:51:08.472213+00:00,2022-12-02 19:51:08.472213+00:00
1598719552807964675,ukraine-de,True,True,False,False,False,False,False,False,False,False,2022-12-02 19:51:08.472080+00:00,2022-12-02 19:51:08.472080+00:00
1598719560621998090,ukraine-de,True,False,False,False,False,False,False,False,False,False,2022-12-02 19:51:08.501212+00:00,2022-12-02 19:51:08.501212+00:00
1598719580163215362,ukraine-de,True,True,False,False,False,False,False,False,False,False,2022-12-02 19:51:08.471982+00:00,2022-12-02 19:51:08.471982+00:00
1598719603500150784,ukraine-de,True,True,False,False,False,False,False,False,False,False,2022-12-02 19:51:08.471883+00:00,2022-12-02 19:51:08.471883+00:00
1598719627185602564,ukraine-de,True,True,False,False,False,False,False,False,False,False,2022-12-02 19:51:08.471784+00:00,2022-12-02 19:51:08.471784+00:00
1598719643694366721,ukraine-de,True,True,False,False,False,False,False,False,False,False,2022-12-02 19:51:08.471684+00:00,2022-12-02 19:51:08.471684+00:00
1598719650468167681,ukraine-de,True,True,False,False,False,False,False,False,False,False,2022-12-02 19:51:08.471582+00:00,2022-12-02 19:51:08.471582+00:00
1598719654675054595,ukraine-de,True,False,False,False,False,False,False,False,False,False,2022-12-02 19:51:08.496915+00:00,2022-12-02 19:51:08.496915+00:00
1598719656994512897,ukraine-de,True,True,False,False,False,False,False,False,False,False,2022-12-02 19:51:08.471478+00:00,2022-12-02 19:51:08.471478+00:00
1598719665244626947,ukraine-de,True,True,False,False,False,False,False,False,False,False,2022-12-02 19:51:08.471345+00:00,2022-12-02 19:51:08.471345+00:00
1598719668348395521,ukraine-de,True,True,False,False,False,False,False,False,False,False,2022-12-02 19:51:08.471243+00:00,2022-12-02 19:51:08.471243+00:00
1598719672555376641,ukraine-de,True,True,False,False,False,False,False,False,False,False,2022-12-02 19:51:08.471137+00:00,2022-12-02 19:51:08.471137+00:00
1598719678301540359,ukraine-de,True,False,False,False,False,False,False,False,False,False,2022-12-02 19:51:08.485450+00:00,2022-12-02 19:51:08.485450+00:00
1598719680704823301,ukraine-de,True,True,False,False,False,False,False,False,False,False,2022-12-02 19:51:08.470979+00:00,2022-12-02 19:51:08.470979+00:00
1598719684517437442,ukraine-de,True,True,False,False,False,False,False,False,False,False,2022-12-02 19:51:08.470872+00:00,2022-12-02 19:51:08.470872+00:00
1598719687185121283,ukraine-de,True,True,False,False,False,False,False,False,False,False,2022-12-02 19:51:08.470738+00:00,2022-12-02 19:51:08.470738+00:00
1598719747075489793,ukraine-de,True,True,False,False,False,False,False,False,False,False,2022-12-02 19:51:08.470606+00:00,2022-12-02 19:51:08.470606+00:00
1598719750527283202,ukraine-de,True,True,False,False,False,False,False,False,False,False,2022-12-02 19:51:08.470452+00:00,2022-12-02 19:51:08.470452+00:00
1598719758110584834,ukraine-de,True,True,False,False,False,False,False,False,False,False,2022-12-02 19:51:08.470297+00:00,2022-12-02 19:51:08.470297+00:00
1598719768537833474,ukraine-de,True,True,False,False,False,False,False,False,False,False,2022-12-02 19:51:08.470138+00:00,2022-12-02 19:51:08.470138+00:00
1598719771352211460,ukraine-de,True,True,False,False,False,False,False,False,False,False,2022-12-02 19:51:08.469976+00:00,2022-12-02 19:51:08.469976+00:00
1598719777664532483,ukraine-de,True,True,False,False,False,False,False,False,False,False,2022-12-02 19:51:08.469841+00:00,2022-12-02 19:51:08.469841+00:00
1598719796547186689,ukraine-de,True,True,False,False,False,False,False,False,False,False,2022-12-02 19:51:08.469685+00:00,2022-12-02 19:51:08.469685+00:00
1598719801463029760,ukraine-de,True,True,False,False,False,False,False,False,False,False,2022-12-02 19:51:08.469487+00:00,2022-12-02 19:51:08.469487+00:00
1598719806080942081,ukraine-de,True,False,False,False,False,False,False,False,False,False,2022-12-02 19:51:08.487605+00:00,2022-12-02 19:51:08.487605+00:00
1598719835508469765,ukraine-de,True,True,False,False,False,False,False,False,False,False,2022-12-02 19:50:27.662138+00:00,2022-12-02 19:51:08.469293+00:00
1598719850561433600,ukraine-de,True,True,False,False,False,False,False,False,False,False,2022-12-02 19:51:08.469139+00:00,2022-12-02 19:51:08.469139+00:00
1598719891233599488,ukraine-de,True,True,False,False,False,False,False,False,False,False,2022-12-02 19:51:08.468982+00:00,2022-12-02 19:51:08.468982+00:00
1598719911362064386,ukraine-de,True,True,False,False,False,False,False,False,False,False,2022-12-02 19:51:08.468818+00:00,2022-12-02 19:51:08.468818+00:00
1598719917997830145,ukraine-de,True,True,False,False,False,False,False,False,False,False,2022-12-02 19:51:08.468582+00:00,2022-12-02 19:51:08.468582+00:00
1598719918748233734,ukraine-de,True,True,False,False,False,False,False,False,False,False,2022-12-02 19:51:08.468346+00:00,2022-12-02 19:51:08.468346+00:00
1598719932924981249,ukraine-de,True,True,False,False,False,False,False,False,False,False,2022-12-02 19:51:08.468010+00:00,2022-12-02 19:51:08.468010+00:00
1598719942446444549,ukraine-de,True,True,False,False,False,False,False,False,False,False,2022-12-02 19:51:08.467902+00:00,2022-12-02 19:51:08.467902+00:00
1598719954408206347,ukraine-de,True,True,False,False,False,False,False,False,False,False,2022-12-02 19:51:08.467801+00:00,2022-12-02 19:51:08.467801+00:00
1598719955238899712,ukraine-de,True,True,False,False,False,False,False,False,False,False,2022-12-02 19:51:08.467687+00:00,2022-12-02 19:51:08.467687+00:00
1598719991880511488,ukraine-de,True,True,False,False,False,False,False,False,False,False,2022-12-02 19:51:08.467571+00:00,2022-12-02 19:51:08.467571+00:00
1598719999270682625,ukraine-de,True,False,False,False,False,False,False,False,False,False,2022-12-02 19:50:59.825846+00:00,2022-12-02 19:50:59.825846+00:00
1598720021462761473,ukraine-de,True,True,False,False,False,False,False,False,False,False,2022-12-02 19:51:08.467448+00:00,2022-12-02 19:51:08.467448+00:00
1598720032967532544,ukraine-de,True,True,False,False,False,False,False,False,False,False,2022-12-02 19:51:08.467327+00:00,2022-12-02 19:51:08.467327+00:00
1598720046410436609,ukraine-de,True,True,False,False,False,False,False,False,False,False,2022-12-02 19:51:08.467210+00:00,2022-12-02 19:51:08.467210+00:00
1598720058024509440,ukraine-de,True,True,False,False,False,False,False,False,False,False,2022-12-02 19:51:08.467112+00:00,2022-12-02 19:51:08.467112+00:00
1598720065880428544,ukraine-de,True,True,False,False,False,False,False,False,False,False,2022-12-02 19:51:08.467012+00:00,2022-12-02 19:51:08.467012+00:00
1598720071987257346,ukraine-de,True,True,False,False,False,False,False,False,False,False,2022-12-02 19:51:08.466914+00:00,2022-12-02 19:51:08.466914+00:00
1598720083727355906,ukraine-de,True,True,False,False,False,False,False,False,False,False,2022-12-02 19:51:08.466815+00:00,2022-12-02 19:51:08.466815+00:00
1598720098251988993,ukraine-de,True,True,False,False,False,False,False,False,False,False,2022-12-02 19:51:08.466714+00:00,2022-12-02 19:51:08.466714+00:00
1598720106766401541,ukraine-de,True,False,False,False,False,False,False,False,False,False,2022-12-02 19:51:08.488701+00:00,2022-12-02 19:51:08.488701+00:00
1598720114622451717,ukraine-de,True,True,False,False,False,False,False,False,False,False,2022-12-02 19:51:08.466612+00:00,2022-12-02 19:51:08.466612+00:00
1598720115326930944,ukraine-de,True,True,False,False,False,False,False,False,False,False,2022-12-02 19:51:08.466510+00:00,2022-12-02 19:51:08.466510+00:00
1598720118372057095,ukraine-de,True,True,False,False,False,False,False,False,False,False,2022-12-02 19:51:08.466405+00:00,2022-12-02 19:51:08.466405+00:00
1598720120830189568,ukraine-de,True,True,False,False,False,False,False,False,False,False,2022-12-02 19:51:08.466295+00:00,2022-12-02 19:51:08.466295+00:00
1598720141872844800,ukraine-de,True,True,False,False,False,False,False,False,False,False,2022-12-02 19:51:08.466171+00:00,2022-12-02 19:51:08.466171+00:00
1598720148084379649,ukraine-de,True,True,False,False,False,False,False,False,False,False,2022-12-02 19:51:08.464757+00:00,2022-12-02 19:51:08.464757+00:00
1598720201138266112,ukraine-de,True,False,False,False,False,False,False,False,False,False,2022-12-02 19:51:08.489955+00:00,2022-12-02 19:51:08.489955+00:00
1598720209917206528,ukraine-de,True,False,False,False,False,False,False,False,False,False,2022-12-02 19:51:08.496483+00:00,2022-12-02 19:51:08.496483+00:00
1598720221023444993,ukraine-de,True,True,False,False,False,False,False,False,False,False,2022-12-02 19:51:08.464655+00:00,2022-12-02 19:51:08.464655+00:00
1598720261884346369,ukraine-de,True,True,False,False,False,False,False,False,False,False,2022-12-02 19:51:08.464543+00:00,2022-12-02 19:51:08.464543+00:00
1598720265197916160,ukraine-de,True,True,False,False,False,False,False,False,False,False,2022-12-02 19:51:08.464412+00:00,2022-12-02 19:51:08.464412+00:00
1598720281631232000,ukraine-de,True,True,False,False,False,False,False,False,False,False,2022-12-02 19:51:08.464308+00:00,2022-12-02 19:51:08.464308+00:00
1598720286165065728,ukraine-de,True,True,False,False,False,False,False,False,False,False,2022-12-02 19:50:17.498319+00:00,2022-12-02 19:51:08.464186+00:00
1598720293878566914,ukraine-de,True,True,False,False,False,False,False,False,False,False,2022-12-02 19:51:08.464073+00:00,2022-12-02 19:51:08.464073+00:00
1598720312165777410,ukraine-de,True,True,False,False,False,False,False,False,False,False,2022-12-02 19:50:36.509643+00:00,2022-12-02 19:51:08.463967+00:00
1598720317794316288,ukraine-de,True,False,False,False,False,False,False,False,False,False,2022-12-02 19:51:08.477349+00:00,2022-12-02 19:51:08.477349+00:00
1598720321837989888,ukraine-de,True,True,False,False,False,False,False,False,False,False,2022-12-02 19:51:08.463848+00:00,2022-12-02 19:51:08.463848+00:00
1598720334118588416,ukraine-de,True,True,False,False,False,False,False,False,False,False,2022-12-02 19:51:08.463738+00:00,2022-12-02 19:51:08.463738+00:00
1598720358554673154,ukraine-de,True,True,False,False,False,False,False,False,False,False,2022-12-02 19:51:08.463610+00:00,2022-12-02 19:51:08.463610+00:00
1598720361121521664,ukraine-de,True,False,False,False,False,False,False,False,False,False,2022-12-02 19:51:08.492146+00:00,2022-12-02 19:51:08.492146+00:00
1598720365403979776,ukraine-de,True,True,False,False,False,False,False,False,False,False,2022-12-02 19:51:08.461649+00:00,2022-12-02 19:51:08.461649+00:00
1598720385645682693,ukraine-de,True,False,False,False,False,False,False,False,False,False,2022-12-02 19:50:17.515136+00:00,2022-12-02 19:50:17.515136+00:00
1598720401496064001,ukraine-de,True,False,False,False,False,False,False,False,False,False,2022-12-02 22:35:17.187294+00:00,2022-12-02 22:35:17.187294+00:00
1598720408454324224,ukraine-de,True,True,False,False,False,False,False,False,False,False,2022-12-02 19:51:08.461515+00:00,2022-12-02 19:51:08.461515+00:00
1598720411230867461,ukraine-de,True,True,False,False,False,False,False,False,False,False,2022-12-02 19:51:08.461406+00:00,2022-12-02 19:51:08.461406+00:00
1598720415156916224,ukraine-de,True,True,False,False,False,False,False,False,False,False,2022-12-02 19:51:08.461307+00:00,2022-12-02 19:51:08.461307+00:00
1598720426439499779,ukraine-de,True,True,False,False,False,False,False,False,False,False,2022-12-02 19:51:08.461206+00:00,2022-12-02 19:51:08.461206+00:00
1598720427643359233,ukraine-de,True,True,False,False,False,False,False,False,False,False,2022-12-02 19:51:08.461105+00:00,2022-12-02 19:51:08.461105+00:00
1598720481170890753,ukraine-de,True,False,False,False,False,False,False,False,False,False,2022-12-02 19:51:08.495717+00:00,2022-12-02 19:51:08.495717+00:00
1598720481586282501,ukraine-de,True,True,False,False,False,False,False,False,False,False,2022-12-02 19:51:08.460992+00:00,2022-12-02 19:51:08.460992+00:00
1598720491782475776,ukraine-de,True,True,False,False,False,False,False,False,False,False,2022-12-02 19:51:08.460858+00:00,2022-12-02 19:51:08.460858+00:00
1598720495909801984,ukraine-de,True,True,False,False,False,False,False,False,False,False,2022-12-02 19:51:08.460751+00:00,2022-12-02 19:51:08.460751+00:00
1598720516742733824,ukraine-de,True,True,False,False,False,False,False,False,False,False,2022-12-02 19:51:08.460650+00:00,2022-12-02 19:51:08.460650+00:00
1598720527669071873,ukraine-de,True,True,False,False,False,False,False,False,False,False,2022-12-02 19:51:08.460546+00:00,2022-12-02 19:51:08.460546+00:00
1598720532018438144,ukraine-de,True,True,False,False,False,False,False,False,False,False,2022-12-02 19:51:08.460435+00:00,2022-12-02 19:51:08.460435+00:00
1598720533301903362,ukraine-de,True,True,False,False,False,False,False,False,False,False,2022-12-02 19:51:08.460330+00:00,2022-12-02 19:51:08.460330+00:00
1598720542038577154,ukraine-de,True,True,False,False,False,False,False,False,False,False,2022-12-02 19:51:08.460218+00:00,2022-12-02 19:51:08.460218+00:00
1598720574695546886,ukraine-de,True,True,False,False,False,False,False,False,False,False,2022-12-02 19:51:08.460079+00:00,2022-12-02 19:51:08.460079+00:00
1598720579179249665,ukraine-de,True,False,False,False,False,False,False,False,False,False,2022-12-02 19:50:59.834535+00:00,2022-12-02 19:50:59.834535+00:00
1598720614713290754,ukraine-de,True,True,False,False,False,False,False,False,False,False,2022-12-02 19:51:08.458081+00:00,2022-12-02 19:51:08.458081+00:00
1598720641993125888,ukraine-de,True,True,False,False,False,False,False,False,False,False,2022-12-02 19:51:08.457980+00:00,2022-12-02 19:51:08.457980+00:00
1598720663761477632,ukraine-de,True,True,False,False,False,False,False,False,False,False,2022-12-02 19:50:27.664947+00:00,2022-12-02 19:51:08.457848+00:00
1598720687505653761,ukraine-de,True,True,False,False,False,False,False,False,False,False,2022-12-02 19:51:08.457746+00:00,2022-12-02 19:51:08.457746+00:00
1598720693788725248,ukraine-de,True,True,False,False,False,False,False,False,False,False,2022-12-02 19:51:08.457626+00:00,2022-12-02 19:51:08.457626+00:00
1598720724071481347,ukraine-de,True,True,False,False,False,False,False,False,False,False,2022-12-02 19:51:08.457509+00:00,2022-12-02 19:51:08.457509+00:00
1598720727221518337,ukraine-de,True,True,False,False,False,False,False,False,False,False,2022-12-02 19:51:08.457389+00:00,2022-12-02 19:51:08.457389+00:00
1598720746418688000,ukraine-de,True,True,False,False,False,False,False,False,False,False,2022-12-02 19:51:08.457288+00:00,2022-12-02 19:51:08.457288+00:00
1598720754748723200,ukraine-de,True,True,False,False,False,False,False,False,False,False,2022-12-02 19:51:08.457159+00:00,2022-12-02 19:51:08.457159+00:00
1598720771660345347,ukraine-de,True,True,False,False,False,False,False,False,False,False,2022-12-02 19:51:08.457051+00:00,2022-12-02 19:51:08.457051+00:00
1598720779696230400,ukraine-de,True,True,False,False,False,False,False,False,False,False,2022-12-02 19:51:08.456910+00:00,2022-12-02 19:51:08.456910+00:00
1598720789888479232,ukraine-de,True,True,False,False,False,False,False,False,False,False,2022-12-02 19:51:08.454913+00:00,2022-12-02 19:51:08.454913+00:00
1598720796544860162,ukraine-de,True,True,False,False,False,False,False,False,False,False,2022-12-02 19:51:08.454813+00:00,2022-12-02 19:51:08.454813+00:00
1598720819122823169,ukraine-de,True,True,False,False,False,False,False,False,False,False,2022-12-02 19:51:08.454710+00:00,2022-12-02 19:51:08.454710+00:00
1598720827599437824,ukraine-de,True,True,False,False,False,False,False,False,False,False,2022-12-02 19:51:08.454611+00:00,2022-12-02 19:51:08.454611+00:00
1598720888060477446,ukraine-de,True,True,False,False,False,False,False,False,False,False,2022-12-02 19:51:08.454510+00:00,2022-12-02 19:51:08.454510+00:00
1598720894750363650,ukraine-de,True,True,False,False,False,False,False,False,False,False,2022-12-02 19:51:08.454393+00:00,2022-12-02 19:51:08.454393+00:00
1598720907878535169,ukraine-de,True,True,False,False,False,False,False,False,False,False,2022-12-02 19:51:08.454294+00:00,2022-12-02 19:51:08.454294+00:00
1598720915575111684,ukraine-de,True,True,False,False,False,False,False,False,False,False,2022-12-02 19:51:08.454193+00:00,2022-12-02 19:51:08.454193+00:00
1598720939495153664,ukraine-de,True,True,False,False,False,False,False,False,False,False,2022-12-02 19:51:08.454081+00:00,2022-12-02 19:51:08.454081+00:00
1598721005496635392,ukraine-de,True,True,False,False,False,False,False,False,False,False,2022-12-02 19:51:08.453982+00:00,2022-12-02 19:51:08.453982+00:00
1598721013834915840,ukraine-de,True,True,False,False,False,False,False,False,False,False,2022-12-02 19:51:08.453880+00:00,2022-12-02 19:51:08.453880+00:00
1598721042997837824,ukraine-de,True,True,False,False,False,False,False,False,False,False,2022-12-02 19:51:08.453777+00:00,2022-12-02 19:51:08.453777+00:00
1598721051369816065,ukraine-de,True,True,False,False,False,False,False,False,False,False,2022-12-02 19:51:08.453671+00:00,2022-12-02 19:51:08.453671+00:00
1598721064246206464,ukraine-de,True,True,False,False,False,False,False,False,False,False,2022-12-02 19:51:08.453526+00:00,2022-12-02 19:51:08.453526+00:00
1598721068461694977,ukraine-de,True,False,False,False,False,False,False,False,False,False,2022-12-02 19:50:59.791182+00:00,2022-12-02 19:50:59.791182+00:00
1598721073163472897,ukraine-de,True,True,False,False,False,False,False,False,False,False,2022-12-02 19:51:08.453386+00:00,2022-12-02 19:51:08.453386+00:00
1598721085628977155,ukraine-de,True,True,False,False,False,False,False,False,False,False,2022-12-02 19:51:08.452110+00:00,2022-12-02 19:51:08.452110+00:00
1598721087080210432,ukraine-de,True,True,False,False,False,False,False,False,False,False,2022-12-02 19:51:08.452005+00:00,2022-12-02 19:51:08.452005+00:00
1598721090439766024,ukraine-de,True,False,False,False,False,False,False,False,False,False,2022-12-02 19:50:59.829454+00:00,2022-12-02 19:50:59.829454+00:00
1598721111528652801,ukraine-de,True,True,False,False,False,False,False,False,False,False,2022-12-02 19:51:08.451880+00:00,2022-12-02 19:51:08.451880+00:00
1598721112745152517,ukraine-de,True,True,False,False,False,False,False,False,False,False,2022-12-02 19:51:08.451775+00:00,2022-12-02 19:51:08.451775+00:00
1598721138695147521,ukraine-de,True,True,False,False,False,False,False,False,False,False,2022-12-02 19:51:08.451668+00:00,2022-12-02 19:51:08.451668+00:00
1598721141639909376,ukraine-de,True,True,False,False,False,False,False,False,False,False,2022-12-02 19:51:08.451551+00:00,2022-12-02 19:51:08.451551+00:00
1598721152540712960,ukraine-de,True,True,False,False,False,False,False,False,False,False,2022-12-02 19:51:08.451421+00:00,2022-12-02 19:51:08.451421+00:00
1598721154859950081,ukraine-de,True,True,False,False,False,False,False,False,False,False,2022-12-02 19:51:08.451299+00:00,2022-12-02 19:51:08.451299+00:00
1598721173067427840,ukraine-de,True,True,False,False,False,False,False,False,False,False,2022-12-02 19:51:08.447981+00:00,2022-12-02 19:51:08.447981+00:00
1598721186300510209,ukraine-de,True,True,False,False,False,False,False,False,False,False,2022-12-02 19:51:08.447870+00:00,2022-12-02 19:51:08.447870+00:00
1598721201651814407,ukraine-de,True,True,False,False,False,False,False,False,False,False,2022-12-02 19:51:08.447769+00:00,2022-12-02 19:51:08.447769+00:00
1598721246111227904,ukraine-de,True,True,False,False,False,False,False,False,False,False,2022-12-02 19:51:08.447649+00:00,2022-12-02 19:51:08.447649+00:00
1598721247931760640,ukraine-de,True,True,False,False,False,False,False,False,False,False,2022-12-02 19:51:08.447548+00:00,2022-12-02 19:51:08.447548+00:00
1598721267234131970,ukraine-de,True,True,False,False,False,False,False,False,False,False,2022-12-02 19:51:08.447447+00:00,2022-12-02 19:51:08.447447+00:00
1598721269330898944,ukraine-de,True,False,False,False,False,False,False,False,False,False,2022-12-02 19:50:17.518553+00:00,2022-12-02 19:50:17.518553+00:00
1598721307507662849,ukraine-de,True,True,False,False,False,False,False,False,False,False,2022-12-02 19:51:08.447346+00:00,2022-12-02 19:51:08.447346+00:00
1598721315242115073,ukraine-de,True,True,False,False,False,False,False,False,False,False,2022-12-02 19:51:08.447236+00:00,2022-12-02 19:51:08.447236+00:00
1598721343675047937,ukraine-de,True,True,False,False,False,False,False,False,False,False,2022-12-02 19:51:08.447124+00:00,2022-12-02 19:51:08.447124+00:00
1598721354647236609,ukraine-de,True,True,False,False,False,False,False,False,False,False,2022-12-02 19:51:08.446923+00:00,2022-12-02 19:51:08.446923+00:00
1598721355939254272,ukraine-de,True,True,False,False,False,False,False,False,False,False,2022-12-02 19:51:08.446807+00:00,2022-12-02 19:51:08.446807+00:00
1598721360846626816,ukraine-de,True,True,False,False,False,False,False,False,False,False,2022-12-02 19:51:08.446691+00:00,2022-12-02 19:51:08.446691+00:00
1598721374415003648,ukraine-de,True,True,False,False,False,False,False,False,False,False,2022-12-02 19:51:08.446591+00:00,2022-12-02 19:51:08.446591+00:00
1598721382141018115,ukraine-de,True,True,False,False,False,False,False,False,False,False,2022-12-02 19:51:08.446492+00:00,2022-12-02 19:51:08.446492+00:00
1598721390114476035,ukraine-de,True,True,False,False,False,False,False,False,False,False,2022-12-02 19:51:08.446391+00:00,2022-12-02 19:51:08.446391+00:00
1598721423387656194,ukraine-de,True,True,False,False,False,False,False,False,False,False,2022-12-02 19:50:59.823592+00:00,2022-12-02 19:51:08.446282+00:00
1598721468220657665,ukraine-de,True,True,False,False,False,False,False,False,False,False,2022-12-02 19:51:08.446081+00:00,2022-12-02 19:51:08.446081+00:00
1598721610055155713,ukraine-de,True,False,False,False,False,False,False,False,False,False,2022-12-02 22:35:45.779493+00:00,2022-12-02 22:35:45.779493+00:00
1598721626119360512,ukraine-de,True,True,False,False,False,False,False,False,False,False,2022-12-02 19:51:08.445984+00:00,2022-12-02 19:51:08.445984+00:00
1598721651604078595,ukraine-de,True,True,False,False,False,False,False,False,False,False,2022-12-02 19:51:08.445887+00:00,2022-12-02 19:51:08.445887+00:00
1598721655852847105,ukraine-de,True,True,False,False,False,False,False,False,False,False,2022-12-02 19:51:08.445773+00:00,2022-12-02 19:51:08.445773+00:00
1598721717181874176,ukraine-de,True,False,False,False,False,False,False,False,False,False,2022-12-02 19:51:08.480942+00:00,2022-12-02 19:51:08.480942+00:00
1598721722886365184,ukraine-de,True,True,False,False,False,False,False,False,False,False,2022-12-02 19:51:08.445653+00:00,2022-12-02 19:51:08.445653+00:00
1598721725373435906,ukraine-de,True,True,False,False,False,False,False,False,False,False,2022-12-02 19:51:08.445540+00:00,2022-12-02 19:51:08.445540+00:00
1598721744013082631,ukraine-de,True,True,False,False,False,False,False,False,False,False,2022-12-02 19:51:08.445439+00:00,2022-12-02 19:51:08.445439+00:00
1598721756235059200,ukraine-de,True,True,False,False,False,False,False,False,False,False,2022-12-02 19:51:08.445338+00:00,2022-12-02 19:51:08.445338+00:00
1598721757636067328,ukraine-de,True,False,False,False,False,False,False,False,False,False,2022-12-02 22:35:17.181785+00:00,2022-12-02 22:35:17.181785+00:00
1598721767639433217,ukraine-de,True,True,False,False,False,False,False,False,False,False,2022-12-02 19:51:08.445233+00:00,2022-12-02 19:51:08.445233+00:00
1598721781979705347,ukraine-de,True,True,False,False,False,False,False,False,False,False,2022-12-02 19:51:08.445134+00:00,2022-12-02 19:51:08.445134+00:00
1598721796106338304,ukraine-de,True,True,False,False,False,False,False,False,False,False,2022-12-02 19:51:08.445033+00:00,2022-12-02 19:51:08.445033+00:00
1598721816570249217,ukraine-de,True,False,False,False,False,False,False,False,False,False,2022-12-02 22:35:17.196178+00:00,2022-12-02 22:35:17.196178+00:00
1598721823797121036,ukraine-de,True,True,False,False,False,False,False,False,False,False,2022-12-02 19:51:08.444921+00:00,2022-12-02 19:51:08.444921+00:00
1598721834513563649,ukraine-de,True,True,False,False,False,False,False,False,False,False,2022-12-02 19:51:08.444817+00:00,2022-12-02 19:51:08.444817+00:00
1598721896593383425,ukraine-de,True,True,False,False,False,False,False,False,False,False,2022-12-02 19:51:08.444617+00:00,2022-12-02 19:51:08.444617+00:00
1598721899004952576,ukraine-de,True,False,False,False,False,False,False,False,False,False,2022-12-02 19:50:59.806540+00:00,2022-12-02 19:50:59.806540+00:00
1598721915643756544,ukraine-de,True,True,False,False,False,False,False,False,False,False,2022-12-02 19:51:08.444430+00:00,2022-12-02 19:51:08.444430+00:00
1598721924955267074,ukraine-de,True,True,False,False,False,False,False,False,False,False,2022-12-02 19:51:08.444314+00:00,2022-12-02 19:51:08.444314+00:00
1598721932156772354,ukraine-de,True,True,False,False,False,False,False,False,False,False,2022-12-02 19:51:08.444200+00:00,2022-12-02 19:51:08.444200+00:00
1598721933461307392,ukraine-de,True,True,False,False,False,False,False,False,False,False,2022-12-02 19:51:08.444103+00:00,2022-12-02 19:51:08.444103+00:00
1598721951790518273,ukraine-de,True,False,False,False,False,False,False,False,False,False,2022-12-02 19:50:36.497191+00:00,2022-12-02 19:50:36.497191+00:00
1598721974355763200,ukraine-de,True,False,False,False,False,False,False,False,False,False,2022-12-02 19:50:36.516992+00:00,2022-12-02 19:50:36.516992+00:00
1598722000444276736,ukraine-de,True,True,False,False,False,False,False,False,False,False,2022-12-02 19:51:08.444006+00:00,2022-12-02 19:51:08.444006+00:00
1598722002613063680,ukraine-de,True,True,False,False,False,False,False,False,False,False,2022-12-02 19:51:08.443908+00:00,2022-12-02 19:51:08.443908+00:00
1598722004286308358,ukraine-de,True,True,False,False,False,False,False,False,False,False,2022-12-02 19:51:08.443810+00:00,2022-12-02 19:51:08.443810+00:00
1598722006819684352,ukraine-de,True,True,False,False,False,False,False,False,False,False,2022-12-02 19:51:08.443711+00:00,2022-12-02 19:51:08.443711+00:00
1598722032102957058,ukraine-de,True,True,False,False,False,False,False,False,False,False,2022-12-02 19:51:08.443611+00:00,2022-12-02 19:51:08.443611+00:00
1598722054970384384,ukraine-de,True,True,False,False,False,False,False,False,False,False,2022-12-02 19:51:08.443510+00:00,2022-12-02 19:51:08.443510+00:00
1598722066789928963,ukraine-de,True,True,False,False,False,False,False,False,False,False,2022-12-02 19:51:08.443387+00:00,2022-12-02 19:51:08.443387+00:00
1598722084850601990,ukraine-de,True,True,False,False,False,False,False,False,False,False,2022-12-02 19:51:08.443279+00:00,2022-12-02 19:51:08.443279+00:00
1598722100826583040,ukraine-de,True,True,False,False,False,False,False,False,False,False,2022-12-02 19:51:08.443174+00:00,2022-12-02 19:51:08.443174+00:00
1598722111727599619,ukraine-de,True,False,False,False,False,False,False,False,False,False,2022-12-02 19:50:36.527927+00:00,2022-12-02 19:50:36.527927+00:00
1598722120120344576,ukraine-de,True,True,False,False,False,False,False,False,False,False,2022-12-02 19:51:08.443033+00:00,2022-12-02 19:51:08.443033+00:00
1598722124864159748,ukraine-de,True,True,False,False,False,False,False,False,False,False,2022-12-02 19:51:08.442819+00:00,2022-12-02 19:51:08.442819+00:00
1598722153687515143,ukraine-de,True,True,False,False,False,False,False,False,False,False,2022-12-02 19:51:08.442720+00:00,2022-12-02 19:51:08.442720+00:00
1598722162952577024,ukraine-de,True,True,False,False,False,False,False,False,False,False,2022-12-02 19:51:08.442621+00:00,2022-12-02 19:51:08.442621+00:00
1598722203427770371,ukraine-de,True,True,False,False,False,False,False,False,False,False,2022-12-02 19:51:08.442522+00:00,2022-12-02 19:51:08.442522+00:00
1598722206388961283,ukraine-de,True,True,False,False,False,False,False,False,False,False,2022-12-02 19:51:08.442423+00:00,2022-12-02 19:51:08.442423+00:00
1598722214601396225,ukraine-de,True,True,False,False,False,False,False,False,False,False,2022-12-02 19:51:08.442320+00:00,2022-12-02 19:51:08.442320+00:00
1598722222578929664,ukraine-de,True,True,False,False,False,False,False,False,False,False,2022-12-02 19:51:08.442152+00:00,2022-12-02 19:51:08.442152+00:00
1598722252983394311,ukraine-de,True,True,False,False,False,False,False,False,False,False,2022-12-02 19:51:08.442041+00:00,2022-12-02 19:51:08.442041+00:00
1598722258352193537,ukraine-de,True,True,False,False,False,False,False,False,False,False,2022-12-02 19:51:08.441926+00:00,2022-12-02 19:51:08.441926+00:00
1598722298713935872,ukraine-de,True,True,False,False,False,False,False,False,False,False,2022-12-02 19:51:08.441829+00:00,2022-12-02 19:51:08.441829+00:00
1598722303717695489,ukraine-de,True,True,False,False,False,False,False,False,False,False,2022-12-02 19:51:08.441731+00:00,2022-12-02 19:51:08.441731+00:00
1598722323703508993,ukraine-de,True,True,False,False,False,False,False,False,False,False,2022-12-02 19:51:08.441632+00:00,2022-12-02 19:51:08.441632+00:00
1598722346268884993,ukraine-de,True,True,False,False,False,False,False,False,False,False,2022-12-02 19:51:08.441518+00:00,2022-12-02 19:51:08.441518+00:00
1598722379303239683,ukraine-de,True,True,False,False,False,False,False,False,False,False,2022-12-02 19:51:08.441416+00:00,2022-12-02 19:51:08.441416+00:00
1598722384462114816,ukraine-de,True,True,False,False,False,False,False,False,False,False,2022-12-02 19:51:08.441313+00:00,2022-12-02 19:51:08.441313+00:00
1598722420420009984,ukraine-de,True,True,False,False,False,False,False,False,False,False,2022-12-02 19:51:08.441214+00:00,2022-12-02 19:51:08.441214+00:00
1598722438963073027,ukraine-de,True,True,False,False,False,False,False,False,False,False,2022-12-02 19:51:08.441100+00:00,2022-12-02 19:51:08.441100+00:00
1598722441995509761,ukraine-de,True,True,False,False,False,False,False,False,False,False,2022-12-02 19:51:08.440998+00:00,2022-12-02 19:51:08.440998+00:00
1598722453240528897,ukraine-de,True,True,False,False,False,False,False,False,False,False,2022-12-02 19:51:08.440893+00:00,2022-12-02 19:51:08.440893+00:00
1598722481862242304,ukraine-de,True,True,False,False,False,False,False,False,False,False,2022-12-02 19:51:08.440582+00:00,2022-12-02 19:51:08.440582+00:00
1598722501789581313,ukraine-de,True,True,False,False,False,False,False,False,False,False,2022-12-02 19:51:08.440487+00:00,2022-12-02 19:51:08.440487+00:00
1598722512069824516,ukraine-de,True,True,False,False,False,False,False,False,False,False,2022-12-02 19:51:08.440393+00:00,2022-12-02 19:51:08.440393+00:00
1598722542914576385,ukraine-de,True,True,False,False,False,False,False,False,False,False,2022-12-02 19:51:08.440285+00:00,2022-12-02 19:51:08.440285+00:00
1598722553438261248,ukraine-de,True,True,False,False,False,False,False,False,False,False,2022-12-02 19:51:08.440185+00:00,2022-12-02 19:51:08.440185+00:00
1598722556995014662,ukraine-de,True,True,False,False,False,False,False,False,False,False,2022-12-02 19:51:08.440082+00:00,2022-12-02 19:51:08.440082+00:00
1598722562007060480,ukraine-de,True,True,False,False,False,False,False,False,False,False,2022-12-02 19:51:08.439958+00:00,2022-12-02 19:51:08.439958+00:00
1598722595913875456,ukraine-de,True,True,False,False,False,False,False,False,False,False,2022-12-02 19:51:08.439859+00:00,2022-12-02 19:51:08.439859+00:00
1598722621037809667,ukraine-de,True,True,False,False,False,False,False,False,False,False,2022-12-02 19:51:08.439760+00:00,2022-12-02 19:51:08.439760+00:00
1598722624955129856,ukraine-de,True,True,False,False,False,False,False,False,False,False,2022-12-02 19:51:08.439659+00:00,2022-12-02 19:51:08.439659+00:00
1598722656362168322,ukraine-de,True,True,False,False,False,False,False,False,False,False,2022-12-02 19:51:08.439559+00:00,2022-12-02 19:51:08.439559+00:00
1598722672292159489,ukraine-de,True,True,False,False,False,False,False,False,False,False,2022-12-02 19:50:17.513059+00:00,2022-12-02 19:51:08.439459+00:00
1598722672321609736,ukraine-de,True,True,False,False,False,False,False,False,False,False,2022-12-02 19:50:17.507208+00:00,2022-12-02 19:51:08.439353+00:00
1598722675085430785,ukraine-de,True,False,False,False,False,False,False,False,False,False,2022-12-02 19:50:36.507677+00:00,2022-12-02 19:50:36.507677+00:00
1598722700926750726,ukraine-de,True,True,False,False,False,False,False,False,False,False,2022-12-02 19:51:08.439242+00:00,2022-12-02 19:51:08.439242+00:00
1598722704147898370,ukraine-de,True,True,False,False,False,False,False,False,False,False,2022-12-02 19:51:08.439113+00:00,2022-12-02 19:51:08.439113+00:00
1598722733831065613,ukraine-de,True,True,False,False,False,False,False,False,False,False,2022-12-02 19:51:08.438884+00:00,2022-12-02 19:51:08.438884+00:00
1598722752151621632,ukraine-de,True,True,False,False,False,False,False,False,False,False,2022-12-02 19:51:08.438768+00:00,2022-12-02 19:51:08.438768+00:00
1598722769503543297,ukraine-de,True,True,False,False,False,False,False,False,False,False,2022-12-02 19:50:17.504778+00:00,2022-12-02 19:51:08.438667+00:00
1598722777888034824,ukraine-de,True,True,False,False,False,False,False,False,False,False,2022-12-02 19:51:08.438549+00:00,2022-12-02 19:51:08.438549+00:00
1598722795709538305,ukraine-de,True,True,False,False,False,False,False,False,False,False,2022-12-02 19:51:08.438448+00:00,2022-12-02 19:51:08.438448+00:00
1598722824583008256,ukraine-de,True,True,False,False,False,False,False,False,False,False,2022-12-02 19:51:08.438347+00:00,2022-12-02 19:51:08.438347+00:00
1598722849199386625,ukraine-de,True,True,False,False,False,False,False,False,False,False,2022-12-02 19:50:27.697506+00:00,2022-12-02 19:51:08.438237+00:00
1598722859802791936,ukraine-de,True,True,False,False,False,False,False,False,False,False,2022-12-02 19:51:08.438075+00:00,2022-12-02 19:51:08.438075+00:00
1598722877355790338,ukraine-de,True,True,False,False,False,False,False,False,False,False,2022-12-02 19:51:08.437945+00:00,2022-12-02 19:51:08.437945+00:00
1598722877863464970,ukraine-de,True,True,False,False,False,False,False,False,False,False,2022-12-02 19:51:08.437846+00:00,2022-12-02 19:51:08.437846+00:00
1598722891545137152,ukraine-de,True,True,False,False,False,False,False,False,False,False,2022-12-02 19:51:08.437732+00:00,2022-12-02 19:51:08.437732+00:00
1598722896783970311,ukraine-de,True,True,False,False,False,False,False,False,False,False,2022-12-02 19:51:08.437608+00:00,2022-12-02 19:51:08.437608+00:00
1598722912458268672,ukraine-de,True,True,False,False,False,False,False,False,False,False,2022-12-02 19:51:08.437483+00:00,2022-12-02 19:51:08.437483+00:00
1598722925967785984,ukraine-de,True,True,False,False,False,False,False,False,False,False,2022-12-02 19:51:08.437363+00:00,2022-12-02 19:51:08.437363+00:00
1598722973908672512,ukraine-de,True,True,False,False,False,False,False,False,False,False,2022-12-02 19:51:08.437251+00:00,2022-12-02 19:51:08.437251+00:00
1598722974655340544,ukraine-de,True,True,False,False,False,False,False,False,False,False,2022-12-02 19:51:08.437152+00:00,2022-12-02 19:51:08.437152+00:00
1598722974659629058,ukraine-de,True,True,False,False,False,False,False,False,False,False,2022-12-02 19:51:08.437026+00:00,2022-12-02 19:51:08.437026+00:00
1598722978287689731,ukraine-de,True,True,False,False,False,False,False,False,False,False,2022-12-02 19:51:08.436927+00:00,2022-12-02 19:51:08.436927+00:00
1598722980766515205,ukraine-de,True,True,False,False,False,False,False,False,False,False,2022-12-02 19:51:08.436823+00:00,2022-12-02 19:51:08.436823+00:00
1598722991046758410,ukraine-de,True,False,False,False,False,False,False,False,False,False,2022-12-02 19:51:08.485899+00:00,2022-12-02 19:51:08.485899+00:00
1598723013293195264,ukraine-de,True,True,False,False,False,False,False,False,False,False,2022-12-02 19:51:08.436721+00:00,2022-12-02 19:51:08.436721+00:00
1598723034495553547,ukraine-de,True,True,False,False,False,False,False,False,False,False,2022-12-02 19:51:08.436581+00:00,2022-12-02 19:51:08.436581+00:00
1598723046872784897,ukraine-de,True,True,False,False,False,False,False,False,False,False,2022-12-02 19:51:08.436483+00:00,2022-12-02 19:51:08.436483+00:00
1598723058788962308,ukraine-de,True,True,False,False,False,False,False,False,False,False,2022-12-02 19:51:08.436385+00:00,2022-12-02 19:51:08.436385+00:00
1598723063557783552,ukraine-de,True,True,False,False,False,False,False,False,False,False,2022-12-02 19:51:08.436284+00:00,2022-12-02 19:51:08.436284+00:00
1598723067001376769,ukraine-de,True,True,False,False,False,False,False,False,False,False,2022-12-02 19:51:08.436166+00:00,2022-12-02 19:51:08.436166+00:00
1598723093131800576,ukraine-de,True,True,False,False,False,False,False,False,False,False,2022-12-02 19:51:08.436069+00:00,2022-12-02 19:51:08.436069+00:00
1598723094524338177,ukraine-de,True,True,False,False,False,False,False,False,False,False,2022-12-02 19:51:08.435955+00:00,2022-12-02 19:51:08.435955+00:00
1598723102250262528,ukraine-de,True,True,False,False,False,False,False,False,False,False,2022-12-02 19:51:08.435859+00:00,2022-12-02 19:51:08.435859+00:00
1598723111754645512,ukraine-de,True,True,False,False,False,False,False,False,False,False,2022-12-02 19:51:08.435763+00:00,2022-12-02 19:51:08.435763+00:00
1598723128061878272,ukraine-de,True,True,False,False,False,False,False,False,False,False,2022-12-02 19:51:08.435651+00:00,2022-12-02 19:51:08.435651+00:00
1598723154767220738,ukraine-de,True,True,False,False,False,False,False,False,False,False,2022-12-02 19:51:08.435543+00:00,2022-12-02 19:51:08.435543+00:00
1598723155803111424,ukraine-de,True,True,False,False,False,False,False,False,False,False,2022-12-02 19:51:08.435443+00:00,2022-12-02 19:51:08.435443+00:00
1598723174530781185,ukraine-de,True,True,False,False,False,False,False,False,False,False,2022-12-02 19:51:08.435340+00:00,2022-12-02 19:51:08.435340+00:00
1598723177047261184,ukraine-de,True,False,False,False,False,False,False,False,False,False,2022-12-02 19:51:08.488208+00:00,2022-12-02 19:51:08.488208+00:00
1598723218197680136,ukraine-de,True,True,False,False,False,False,False,False,False,False,2022-12-02 19:51:08.435235+00:00,2022-12-02 19:51:08.435235+00:00
1598723221800394752,ukraine-de,True,True,False,False,False,False,False,False,False,False,2022-12-02 19:51:08.435102+00:00,2022-12-02 19:51:08.435102+00:00
1598723246630744064,ukraine-de,True,True,False,False,False,False,False,False,False,False,2022-12-02 19:51:08.434816+00:00,2022-12-02 19:51:08.434816+00:00
1598723250418323457,ukraine-de,True,True,False,False,False,False,False,False,False,False,2022-12-02 19:51:08.434716+00:00,2022-12-02 19:51:08.434716+00:00
1598723256713871361,ukraine-de,True,True,False,False,False,False,False,False,False,False,2022-12-02 19:51:08.434608+00:00,2022-12-02 19:51:08.434608+00:00
1598723273939787776,ukraine-de,True,True,False,False,False,False,False,False,False,False,2022-12-02 19:51:08.434503+00:00,2022-12-02 19:51:08.434503+00:00
1598723300393639936,ukraine-de,True,True,False,False,False,False,False,False,False,False,2022-12-02 19:51:08.434378+00:00,2022-12-02 19:51:08.434378+00:00
1598723304163971072,ukraine-de,True,False,False,False,False,False,False,False,False,False,2022-12-03 01:30:18.835476+00:00,2022-12-03 01:30:18.835476+00:00
1598723307070574592,ukraine-de,True,True,False,False,False,False,False,False,False,False,2022-12-02 19:51:08.434249+00:00,2022-12-02 19:51:08.434249+00:00
1598723312158375937,ukraine-de,True,True,False,False,False,False,False,False,False,False,2022-12-02 19:51:08.434077+00:00,2022-12-02 19:51:08.434077+00:00
1598723352176173056,ukraine-de,True,True,False,False,False,False,False,False,False,False,2022-12-02 19:51:08.433975+00:00,2022-12-02 19:51:08.433975+00:00
1598723353933594624,ukraine-de,True,True,False,False,False,False,False,False,False,False,2022-12-02 19:51:08.433860+00:00,2022-12-02 19:51:08.433860+00:00
1598723355984527361,ukraine-de,True,True,False,False,False,False,False,False,False,False,2022-12-02 19:51:08.433760+00:00,2022-12-02 19:51:08.433760+00:00
1598723365006544897,ukraine-de,True,True,False,False,False,False,False,False,False,False,2022-12-02 19:51:08.433659+00:00,2022-12-02 19:51:08.433659+00:00
1598723377530904576,ukraine-de,True,True,False,False,False,False,False,False,False,False,2022-12-02 19:51:08.433538+00:00,2022-12-02 19:51:08.433538+00:00
1598723378000470016,ukraine-de,True,True,False,False,False,False,False,False,False,False,2022-12-02 19:51:08.433423+00:00,2022-12-02 19:51:08.433423+00:00
1598723383822192641,ukraine-de,True,True,False,False,False,False,False,False,False,False,2022-12-02 19:51:08.433323+00:00,2022-12-02 19:51:08.433323+00:00
1598723396539338753,ukraine-de,True,True,False,False,False,False,False,False,False,False,2022-12-02 19:51:08.433206+00:00,2022-12-02 19:51:08.433206+00:00
1598723396610801664,ukraine-de,True,True,False,False,False,False,False,False,False,False,2022-12-02 19:51:08.433102+00:00,2022-12-02 19:51:08.433102+00:00
1598723455154651137,ukraine-de,True,True,False,False,False,False,False,False,False,False,2022-12-02 19:51:08.432985+00:00,2022-12-02 19:51:08.432985+00:00
1598723477791440897,ukraine-de,True,True,False,False,False,False,False,False,False,False,2022-12-02 19:51:08.432845+00:00,2022-12-02 19:51:08.432845+00:00
1598723505633337345,ukraine-de,True,False,False,False,False,False,False,False,False,False,2022-12-02 19:51:08.477987+00:00,2022-12-02 19:51:08.477987+00:00
1598723515460378625,ukraine-de,True,False,False,False,False,False,False,False,False,False,2022-12-02 22:35:54.190261+00:00,2022-12-02 22:35:54.190261+00:00
1598723529494728704,ukraine-de,True,True,False,False,False,False,False,False,False,False,2022-12-02 19:51:08.432714+00:00,2022-12-02 19:51:08.432714+00:00
1598723530409082882,ukraine-de,True,True,False,False,False,False,False,False,False,False,2022-12-02 19:51:08.432546+00:00,2022-12-02 19:51:08.432546+00:00
1598723552085250050,ukraine-de,True,True,False,False,False,False,False,False,False,False,2022-12-02 19:51:08.432420+00:00,2022-12-02 19:51:08.432420+00:00
1598723568988262406,ukraine-de,True,True,False,False,False,False,False,False,False,False,2022-12-02 19:51:08.432316+00:00,2022-12-02 19:51:08.432316+00:00
1598723593705324546,ukraine-de,True,True,False,False,False,False,False,False,False,False,2022-12-02 19:51:08.432147+00:00,2022-12-02 19:51:08.432147+00:00
1598723598042255363,ukraine-de,True,True,False,False,False,False,False,False,False,False,2022-12-02 19:51:08.432017+00:00,2022-12-02 19:51:08.432017+00:00
1598723607823527937,ukraine-de,True,True,False,False,False,False,False,False,False,False,2022-12-02 19:51:08.431744+00:00,2022-12-02 19:51:08.431744+00:00
1598723615956078594,ukraine-de,True,True,False,False,False,False,False,False,False,False,2022-12-02 19:51:08.431644+00:00,2022-12-02 19:51:08.431644+00:00
1598723616585064448,ukraine-de,True,True,False,False,False,False,False,False,False,False,2022-12-02 19:51:08.431538+00:00,2022-12-02 19:51:08.431538+00:00
1598723628283166721,ukraine-de,True,True,False,False,False,False,False,False,False,False,2022-12-02 19:51:08.431375+00:00,2022-12-02 19:51:08.431375+00:00
1598723648231088128,ukraine-de,True,True,False,False,False,False,False,False,False,False,2022-12-02 19:51:08.431274+00:00,2022-12-02 19:51:08.431274+00:00
1598723659475996672,ukraine-de,True,True,False,False,False,False,False,False,False,False,2022-12-02 19:51:08.431168+00:00,2022-12-02 19:51:08.431168+00:00
1598723679457787904,ukraine-de,True,True,False,False,False,False,False,False,False,False,2022-12-02 19:51:08.431046+00:00,2022-12-02 19:51:08.431046+00:00
1598723684713103363,ukraine-de,True,True,False,False,False,False,False,False,False,False,2022-12-02 19:51:08.430836+00:00,2022-12-02 19:51:08.430836+00:00
1598723703377829888,ukraine-de,True,True,False,False,False,False,False,False,False,False,2022-12-02 19:51:08.430735+00:00,2022-12-02 19:51:08.430735+00:00
1598723708121653253,ukraine-de,True,True,False,False,False,False,False,False,False,False,2022-12-02 19:51:08.430634+00:00,2022-12-02 19:51:08.430634+00:00
1598723709581287425,ukraine-de,True,True,False,False,False,False,False,False,False,False,2022-12-02 19:51:08.430533+00:00,2022-12-02 19:51:08.430533+00:00
1598723714081648642,ukraine-de,True,True,False,False,False,False,False,False,False,False,2022-12-02 19:51:08.430432+00:00,2022-12-02 19:51:08.430432+00:00
1598723739155419137,ukraine-de,True,True,False,False,False,False,False,False,False,False,2022-12-02 19:51:08.430325+00:00,2022-12-02 19:51:08.430325+00:00
1598723802778591232,ukraine-de,True,True,False,False,False,False,False,False,False,False,2022-12-02 19:51:08.430163+00:00,2022-12-02 19:51:08.430163+00:00
1598723802849910785,ukraine-de,True,True,False,False,False,False,False,False,False,False,2022-12-02 19:51:08.430045+00:00,2022-12-02 19:51:08.430045+00:00
1598723805131988992,ukraine-de,True,True,False,False,False,False,False,False,False,False,2022-12-02 19:51:08.429893+00:00,2022-12-02 19:51:08.429893+00:00
1598723805312339968,ukraine-de,True,False,False,False,False,False,False,False,False,False,2022-12-02 19:50:59.837077+00:00,2022-12-02 19:50:59.837077+00:00
1598723810152382468,ukraine-de,True,True,False,False,False,False,False,False,False,False,2022-12-02 19:51:08.429699+00:00,2022-12-02 19:51:08.429699+00:00
1598723816167014400,ukraine-de,True,False,False,False,False,False,False,False,False,False,2022-12-03 08:10:16.245203+00:00,2022-12-03 08:10:16.245203+00:00
1598723829597032448,ukraine-de,True,True,False,False,False,False,False,False,False,False,2022-12-02 19:51:08.429566+00:00,2022-12-02 19:51:08.429566+00:00
1598723832193220613,ukraine-de,True,True,False,False,False,False,False,False,False,False,2022-12-02 19:51:08.429413+00:00,2022-12-02 19:51:08.429413+00:00
1598723836370980870,ukraine-de,True,True,False,False,False,False,False,False,False,False,2022-12-02 19:51:08.426879+00:00,2022-12-02 19:51:08.426879+00:00
1598723864762220546,ukraine-de,True,True,False,False,False,False,False,False,False,False,2022-12-02 19:51:08.426755+00:00,2022-12-02 19:51:08.426755+00:00
1598723881467928578,ukraine-de,True,True,False,False,False,False,False,False,False,False,2022-12-02 19:51:08.426566+00:00,2022-12-02 19:51:08.426566+00:00
1598723913470582788,ukraine-de,True,True,False,False,False,False,False,False,False,False,2022-12-02 19:51:08.426467+00:00,2022-12-02 19:51:08.426467+00:00
1598723932034580481,ukraine-de,True,True,False,False,False,False,False,False,False,False,2022-12-02 19:51:08.426367+00:00,2022-12-02 19:51:08.426367+00:00
1598723947326894080,ukraine-de,True,False,False,False,False,False,False,False,False,False,2022-12-02 19:50:17.500176+00:00,2022-12-02 19:50:17.500176+00:00
1598723964791975936,ukraine-de,True,True,False,False,False,False,False,False,False,False,2022-12-02 19:51:08.426257+00:00,2022-12-02 19:51:08.426257+00:00
1598723969430872064,ukraine-de,True,False,False,False,False,False,False,False,False,False,2022-12-03 11:05:17.148446+00:00,2022-12-03 11:05:17.148446+00:00
1598723970387259392,ukraine-de,True,False,False,False,False,False,False,False,False,False,2022-12-02 19:51:08.482219+00:00,2022-12-02 19:51:08.482219+00:00
1598723977077202946,ukraine-de,True,True,False,False,False,False,False,False,False,False,2022-12-02 19:51:08.426155+00:00,2022-12-02 19:51:08.426155+00:00
1598723978063138817,ukraine-de,True,True,False,False,False,False,False,False,False,False,2022-12-02 19:51:08.426043+00:00,2022-12-02 19:51:08.426043+00:00
1598723992310804480,ukraine-de,True,True,False,False,False,False,False,False,False,False,2022-12-02 19:51:08.425931+00:00,2022-12-02 19:51:08.425931+00:00
1598724002985512960,ukraine-de,True,False,False,False,False,False,False,False,False,False,2022-12-02 19:50:59.824536+00:00,2022-12-02 19:50:59.824536+00:00
1598724026339364864,ukraine-de,True,True,False,False,False,False,False,False,False,False,2022-12-02 19:51:08.425795+00:00,2022-12-02 19:51:08.425795+00:00
1598724032194646030,ukraine-de,True,True,False,False,False,False,False,False,False,False,2022-12-02 19:51:08.425693+00:00,2022-12-02 19:51:08.425693+00:00
1598724075102371842,ukraine-de,True,True,False,False,False,False,False,False,False,False,2022-12-02 19:50:59.806346+00:00,2022-12-02 19:51:08.425573+00:00
1598724077522366464,ukraine-de,True,True,False,False,False,False,False,False,False,False,2022-12-02 19:51:08.425455+00:00,2022-12-02 19:51:08.425455+00:00
1598724084451479559,ukraine-de,True,True,False,False,False,False,False,False,False,False,2022-12-02 19:51:08.425354+00:00,2022-12-02 19:51:08.425354+00:00
1598724090851835904,ukraine-de,True,False,False,False,False,False,False,False,False,False,2022-12-02 19:51:08.483954+00:00,2022-12-02 19:51:08.483954+00:00
1598724098363985925,ukraine-de,True,True,False,False,False,False,False,False,False,False,2022-12-02 19:51:08.425248+00:00,2022-12-02 19:51:08.425248+00:00
1598724120593694721,ukraine-de,True,True,False,False,False,False,False,False,False,False,2022-12-02 19:51:08.424991+00:00,2022-12-02 19:51:08.424991+00:00
1598724129464717313,ukraine-de,True,True,False,False,False,False,False,False,False,False,2022-12-02 19:50:36.528568+00:00,2022-12-02 19:51:08.424893+00:00
1598724146002890756,ukraine-de,True,True,False,False,False,False,False,False,False,False,2022-12-02 19:51:08.424739+00:00,2022-12-02 19:51:08.424739+00:00
1598724147638591490,ukraine-de,True,True,False,False,False,False,False,False,False,False,2022-12-02 19:51:08.424505+00:00,2022-12-02 19:51:08.424505+00:00
1598724170098958336,ukraine-de,True,True,False,False,False,False,False,False,False,False,2022-12-02 19:51:08.424318+00:00,2022-12-02 19:51:08.424318+00:00
1598724235014205441,ukraine-de,True,True,False,False,False,False,False,False,False,False,2022-12-02 19:51:08.424207+00:00,2022-12-02 19:51:08.424207+00:00
1598724241549049858,ukraine-de,True,True,False,False,False,False,False,False,False,False,2022-12-02 19:51:08.424103+00:00,2022-12-02 19:51:08.424103+00:00
1598724277838266371,ukraine-de,True,True,False,False,False,False,False,False,False,False,2022-12-02 19:51:08.423919+00:00,2022-12-02 19:51:08.423919+00:00
1598724297635155970,ukraine-de,True,True,False,False,False,False,False,False,False,False,2022-12-02 19:51:08.423815+00:00,2022-12-02 19:51:08.423815+00:00
1598724300843802625,ukraine-de,True,True,False,False,False,False,False,False,False,False,2022-12-02 19:51:08.423698+00:00,2022-12-02 19:51:08.423698+00:00
1598724318590033920,ukraine-de,True,True,False,False,False,False,False,False,False,False,2022-12-02 19:51:08.423598+00:00,2022-12-02 19:51:08.423598+00:00
1598724319055577088,ukraine-de,True,True,False,False,False,False,False,False,False,False,2022-12-02 19:51:08.423496+00:00,2022-12-02 19:51:08.423496+00:00
1598724352094212105,ukraine-de,True,False,False,False,False,False,False,False,False,False,2022-12-02 19:50:59.797717+00:00,2022-12-02 19:50:59.797717+00:00
1598724360503578624,ukraine-de,True,True,False,False,False,False,False,False,False,False,2022-12-02 19:51:08.423384+00:00,2022-12-02 19:51:08.423384+00:00
1598724365096747008,ukraine-de,True,True,False,False,False,False,False,False,False,False,2022-12-02 19:51:08.423282+00:00,2022-12-02 19:51:08.423282+00:00
1598724369462824976,ukraine-de,True,True,False,False,False,False,False,False,False,False,2022-12-02 19:51:08.423156+00:00,2022-12-02 19:51:08.423156+00:00
1598724377066938368,ukraine-de,True,True,False,False,False,False,False,False,False,False,2022-12-02 19:51:08.423044+00:00,2022-12-02 19:51:08.423044+00:00
1598724400383238147,ukraine-de,True,True,False,False,False,False,False,False,False,False,2022-12-02 19:51:08.422891+00:00,2022-12-02 19:51:08.422891+00:00
1598724424538017794,ukraine-de,True,True,False,False,False,False,False,False,False,False,2022-12-02 19:51:08.422790+00:00,2022-12-02 19:51:08.422790+00:00
1598724428501770244,ukraine-de,True,True,False,False,False,False,False,False,False,False,2022-12-02 19:51:08.422677+00:00,2022-12-02 19:51:08.422677+00:00
1598724429349097485,ukraine-de,True,True,False,False,False,False,False,False,False,False,2022-12-02 19:51:08.422572+00:00,2022-12-02 19:51:08.422572+00:00
1598724454141644805,ukraine-de,True,True,False,False,False,False,False,False,False,False,2022-12-02 19:51:08.422445+00:00,2022-12-02 19:51:08.422445+00:00
1598724459699097603,ukraine-de,True,True,False,False,False,False,False,False,False,False,2022-12-02 19:51:08.422204+00:00,2022-12-02 19:51:08.422204+00:00
1598724462349893639,ukraine-de,True,True,False,False,False,False,False,False,False,False,2022-12-02 19:51:08.421958+00:00,2022-12-02 19:51:08.421958+00:00
1598724472336433152,ukraine-de,True,True,False,False,False,False,False,False,False,False,2022-12-02 19:51:08.421859+00:00,2022-12-02 19:51:08.421859+00:00
1598724481563840512,ukraine-de,True,True,False,False,False,False,False,False,False,False,2022-12-02 19:51:08.421755+00:00,2022-12-02 19:51:08.421755+00:00
1598724491168944143,ukraine-de,True,True,False,False,False,False,False,False,False,False,2022-12-02 19:50:17.523423+00:00,2022-12-02 19:51:08.421645+00:00
1598724501331755008,ukraine-de,True,True,False,False,False,False,False,False,False,False,2022-12-02 19:51:08.421484+00:00,2022-12-02 19:51:08.421484+00:00
1598724503420403712,ukraine-de,True,True,False,False,False,False,False,False,False,False,2022-12-02 19:51:08.421335+00:00,2022-12-02 19:51:08.421335+00:00
1598724537679433728,ukraine-de,True,True,False,False,False,False,False,False,False,False,2022-12-02 19:51:08.421217+00:00,2022-12-02 19:51:08.421217+00:00
1598724540934148097,ukraine-de,True,True,False,False,False,False,False,False,False,False,2022-12-02 19:51:08.421100+00:00,2022-12-02 19:51:08.421100+00:00
1598724571204550656,ukraine-de,True,True,False,False,False,False,False,False,False,False,2022-12-02 19:51:08.420982+00:00,2022-12-02 19:51:08.420982+00:00
1598724585595101184,ukraine-de,True,False,False,False,False,False,False,False,False,False,2022-12-02 19:50:59.815192+00:00,2022-12-02 19:50:59.815192+00:00
1598724590179684353,ukraine-de,True,True,False,False,False,False,False,False,False,False,2022-12-02 19:51:08.419793+00:00,2022-12-02 19:51:08.419793+00:00
1598724640582639616,ukraine-de,True,False,False,False,False,False,False,False,False,False,2022-12-02 19:51:08.485553+00:00,2022-12-02 19:51:08.485553+00:00
1598724645838004227,ukraine-de,True,True,False,False,False,False,False,False,False,False,2022-12-02 19:51:08.419692+00:00,2022-12-02 19:51:08.419692+00:00
1598724655010807808,ukraine-de,True,True,False,False,False,False,False,False,False,False,2022-12-02 19:51:08.419589+00:00,2022-12-02 19:51:08.419589+00:00
1598724662959038464,ukraine-de,True,True,False,False,False,False,False,False,False,False,2022-12-02 19:51:08.419471+00:00,2022-12-02 19:51:08.419471+00:00
1598724667120009216,ukraine-de,True,True,False,False,False,False,False,False,False,False,2022-12-02 19:51:08.419371+00:00,2022-12-02 19:51:08.419371+00:00
1598724670009872395,ukraine-de,True,True,False,False,False,False,False,False,False,False,2022-12-02 19:51:08.419271+00:00,2022-12-02 19:51:08.419271+00:00
1598724676267786240,ukraine-de,True,False,False,False,False,False,False,False,False,False,2022-12-02 19:51:08.485352+00:00,2022-12-02 19:51:08.485352+00:00
1598724678222286855,ukraine-de,True,True,False,False,False,False,False,False,False,False,2022-12-02 19:51:08.419156+00:00,2022-12-02 19:51:08.419156+00:00
1598724696320933888,ukraine-de,True,True,False,False,False,False,False,False,False,False,2022-12-02 19:50:36.525033+00:00,2022-12-02 19:51:08.419056+00:00
1598724701408432136,ukraine-de,True,True,False,False,False,False,False,False,False,False,2022-12-02 19:51:08.418959+00:00,2022-12-02 19:51:08.418959+00:00
1598724703996170240,ukraine-de,True,True,False,False,False,False,False,False,False,False,2022-12-02 19:51:08.418861+00:00,2022-12-02 19:51:08.418861+00:00
1598724720223993857,ukraine-de,True,True,False,False,False,False,False,False,False,False,2022-12-02 19:51:08.418763+00:00,2022-12-02 19:51:08.418763+00:00
1598724752134193153,ukraine-de,True,True,False,False,False,False,False,False,False,False,2022-12-02 19:51:08.418665+00:00,2022-12-02 19:51:08.418665+00:00
1598724767657480193,ukraine-de,True,False,False,False,False,False,False,False,False,False,2022-12-02 19:51:08.481483+00:00,2022-12-02 19:51:08.481483+00:00
1598724770207440896,ukraine-de,True,True,False,False,False,False,False,False,False,False,2022-12-02 19:51:08.418564+00:00,2022-12-02 19:51:08.418564+00:00
1598724773273604099,ukraine-de,True,True,False,False,False,False,False,False,False,False,2022-12-02 19:51:08.418464+00:00,2022-12-02 19:51:08.418464+00:00
1598724808874680320,ukraine-de,True,True,False,False,False,False,False,False,False,False,2022-12-02 19:51:08.418364+00:00,2022-12-02 19:51:08.418364+00:00
1598724811756281856,ukraine-de,True,True,False,False,False,False,False,False,False,False,2022-12-02 19:50:59.830515+00:00,2022-12-02 19:51:08.418263+00:00
1598724818278285312,ukraine-de,True,True,False,False,False,False,False,False,False,False,2022-12-02 19:51:08.418147+00:00,2022-12-02 19:51:08.418147+00:00
1598724825442197504,ukraine-de,True,True,False,False,False,False,False,False,False,False,2022-12-02 19:51:08.418038+00:00,2022-12-02 19:51:08.418038+00:00
1598724857025466368,ukraine-de,True,True,False,False,False,False,False,False,False,False,2022-12-02 19:51:08.417938+00:00,2022-12-02 19:51:08.417938+00:00
1598724860347240449,ukraine-de,True,True,False,False,False,False,False,False,False,False,2022-12-02 19:51:08.417837+00:00,2022-12-02 19:51:08.417837+00:00
1598724875598069760,ukraine-de,True,True,False,False,False,False,False,False,False,False,2022-12-02 19:51:08.417736+00:00,2022-12-02 19:51:08.417736+00:00
1598724898876059649,ukraine-de,True,False,False,False,False,False,False,False,False,False,2022-12-02 19:50:59.835253+00:00,2022-12-02 19:50:59.835253+00:00
1598724901015195648,ukraine-de,True,True,False,False,False,False,False,False,False,False,2022-12-02 19:51:08.417613+00:00,2022-12-02 19:51:08.417613+00:00
1598724903838126083,ukraine-de,True,True,False,False,False,False,False,False,False,False,2022-12-02 19:51:08.417490+00:00,2022-12-02 19:51:08.417490+00:00
1598724917079556097,ukraine-de,True,True,False,False,False,False,False,False,False,False,2022-12-02 19:51:08.417242+00:00,2022-12-02 19:51:08.417242+00:00
1598724917381439493,ukraine-de,True,True,False,False,False,False,False,False,False,False,2022-12-02 19:51:08.417143+00:00,2022-12-02 19:51:08.417143+00:00
1598724938633863168,ukraine-de,True,False,False,False,False,False,False,False,False,False,2022-12-02 19:51:08.477641+00:00,2022-12-02 19:51:08.477641+00:00
1598724943516078081,ukraine-de,True,True,False,False,False,False,False,False,False,False,2022-12-02 19:51:08.417043+00:00,2022-12-02 19:51:08.417043+00:00
1598724949476360192,ukraine-de,True,True,False,False,False,False,False,False,False,False,2022-12-02 19:51:08.416943+00:00,2022-12-02 19:51:08.416943+00:00
1598724955826331654,ukraine-de,True,True,False,False,False,False,False,False,False,False,2022-12-02 19:51:08.416815+00:00,2022-12-02 19:51:08.416815+00:00
1598724958351491074,ukraine-de,True,True,False,False,False,False,False,False,False,False,2022-12-02 19:51:08.416683+00:00,2022-12-02 19:51:08.416683+00:00
1598724959353774080,ukraine-de,True,True,False,False,False,False,False,False,False,False,2022-12-02 19:51:08.416539+00:00,2022-12-02 19:51:08.416539+00:00
1598724965863342080,ukraine-de,True,True,False,False,False,False,False,False,False,False,2022-12-02 19:51:08.416419+00:00,2022-12-02 19:51:08.416419+00:00
1598724991662579719,ukraine-de,True,True,False,False,False,False,False,False,False,False,2022-12-02 19:50:27.697629+00:00,2022-12-02 19:51:08.416282+00:00
1598724994883878916,ukraine-de,True,True,False,False,False,False,False,False,False,False,2022-12-02 19:51:08.416069+00:00,2022-12-02 19:51:08.416069+00:00
1598725004123951105,ukraine-de,True,True,False,False,False,False,False,False,False,False,2022-12-02 19:51:08.414508+00:00,2022-12-02 19:51:08.414508+00:00
1598725018447499264,ukraine-de,True,True,False,False,False,False,False,False,False,False,2022-12-02 19:51:08.414396+00:00,2022-12-02 19:51:08.414396+00:00
1598725030883594250,ukraine-de,True,True,False,False,False,False,False,False,False,False,2022-12-02 19:51:08.414297+00:00,2022-12-02 19:51:08.414297+00:00
1598725050999480323,ukraine-de,True,True,False,False,False,False,False,False,False,False,2022-12-02 19:51:08.414196+00:00,2022-12-02 19:51:08.414196+00:00
1598725052404404226,ukraine-de,True,True,False,False,False,False,False,False,False,False,2022-12-02 19:51:08.414069+00:00,2022-12-02 19:51:08.414069+00:00
1598725069672710145,ukraine-de,True,True,False,False,False,False,False,False,False,False,2022-12-02 19:51:08.413951+00:00,2022-12-02 19:51:08.413951+00:00
1598725082444177410,ukraine-de,True,False,False,False,False,False,False,False,False,False,2022-12-02 19:50:27.683618+00:00,2022-12-02 19:50:27.683618+00:00
1598725089788235776,ukraine-de,True,True,False,False,False,False,False,False,False,False,2022-12-02 19:51:08.413851+00:00,2022-12-02 19:51:08.413851+00:00
1598725094225760256,ukraine-de,True,True,False,False,False,False,False,False,False,False,2022-12-02 19:51:08.413750+00:00,2022-12-02 19:51:08.413750+00:00
1598725113469276162,ukraine-de,True,True,False,False,False,False,False,False,False,False,2022-12-02 19:50:27.691718+00:00,2022-12-02 19:51:08.413642+00:00
1598725124399763459,ukraine-de,True,False,False,False,False,False,False,False,False,False,2022-12-02 19:51:08.481809+00:00,2022-12-02 19:51:08.481809+00:00
1598725125880291329,ukraine-de,True,True,False,False,False,False,False,False,False,False,2022-12-02 19:51:08.413500+00:00,2022-12-02 19:51:08.413500+00:00
1598725204150190082,ukraine-de,True,True,False,False,False,False,False,False,False,False,2022-12-02 19:51:08.413402+00:00,2022-12-02 19:51:08.413402+00:00
1598725256499417090,ukraine-de,True,True,False,False,False,False,False,False,False,False,2022-12-02 19:51:08.413287+00:00,2022-12-02 19:51:08.413287+00:00
1598725259561095169,ukraine-de,True,True,False,False,False,False,False,False,False,False,2022-12-02 19:51:08.413190+00:00,2022-12-02 19:51:08.413190+00:00
1598725270869098499,ukraine-de,True,True,False,False,False,False,False,False,False,False,2022-12-02 19:51:08.413093+00:00,2022-12-02 19:51:08.413093+00:00
1598725275117768704,ukraine-de,True,True,False,False,False,False,False,False,False,False,2022-12-02 19:50:59.835766+00:00,2022-12-02 19:51:08.412982+00:00
1598725304461189121,ukraine-de,True,True,False,False,False,False,False,False,False,False,2022-12-02 19:51:08.412875+00:00,2022-12-02 19:51:08.412875+00:00
1598725327081148439,ukraine-de,True,True,False,False,False,False,False,False,False,False,2022-12-02 19:51:08.412752+00:00,2022-12-02 19:51:08.412752+00:00
1598725347209461766,ukraine-de,True,True,False,False,False,False,False,False,False,False,2022-12-02 19:51:08.412480+00:00,2022-12-02 19:51:08.412480+00:00
1598725356982108162,ukraine-de,True,True,False,False,False,False,False,False,False,False,2022-12-02 19:51:08.412317+00:00,2022-12-02 19:51:08.412317+00:00
1598725358609584129,ukraine-de,True,True,False,False,False,False,False,False,False,False,2022-12-02 19:51:08.412219+00:00,2022-12-02 19:51:08.412219+00:00
1598725364158693378,ukraine-de,True,True,False,False,False,False,False,False,False,False,2022-12-02 19:51:08.412120+00:00,2022-12-02 19:51:08.412120+00:00
1598725364804685826,ukraine-de,True,True,False,False,False,False,False,False,False,False,2022-12-02 19:51:08.412019+00:00,2022-12-02 19:51:08.412019+00:00
1598725424606900225,ukraine-de,True,True,False,False,False,False,False,False,False,False,2022-12-02 19:51:08.411917+00:00,2022-12-02 19:51:08.411917+00:00
1598725424972005378,ukraine-de,True,True,False,False,False,False,False,False,False,False,2022-12-02 19:51:08.411814+00:00,2022-12-02 19:51:08.411814+00:00
1598725499878084608,ukraine-de,True,True,False,False,False,False,False,False,False,False,2022-12-02 19:51:08.411666+00:00,2022-12-02 19:51:08.411666+00:00
1598725519188455424,ukraine-de,True,True,False,False,False,False,False,False,False,False,2022-12-02 19:51:08.411556+00:00,2022-12-02 19:51:08.411556+00:00
1598725531004014592,ukraine-de,True,True,False,False,False,False,False,False,False,False,2022-12-02 19:51:08.411314+00:00,2022-12-02 19:51:08.411314+00:00
1598725559894188033,ukraine-de,True,True,False,False,False,False,False,False,False,False,2022-12-02 19:51:08.411214+00:00,2022-12-02 19:51:08.411214+00:00
1598725581935448071,ukraine-de,True,True,False,False,False,False,False,False,False,False,2022-12-02 19:51:08.411116+00:00,2022-12-02 19:51:08.411116+00:00
1598725603322216448,ukraine-de,True,True,False,False,False,False,False,False,False,False,2022-12-02 19:51:08.411018+00:00,2022-12-02 19:51:08.411018+00:00
1598725664156196864,ukraine-de,True,False,False,False,False,False,False,False,False,False,2022-12-02 19:50:59.802048+00:00,2022-12-02 19:50:59.802048+00:00
1598725670120525824,ukraine-de,True,True,False,False,False,False,False,False,False,False,2022-12-02 19:51:08.410919+00:00,2022-12-02 19:51:08.410919+00:00
1598725691138535427,ukraine-de,True,False,False,False,False,False,False,False,False,False,2022-12-02 19:50:59.836283+00:00,2022-12-02 19:50:59.836283+00:00
1598725694187393026,ukraine-de,True,True,False,False,False,False,False,False,False,False,2022-12-02 19:51:08.410820+00:00,2022-12-02 19:51:08.410820+00:00
1598725697568129025,ukraine-de,True,True,False,False,False,False,False,False,False,False,2022-12-02 19:51:08.410721+00:00,2022-12-02 19:51:08.410721+00:00
1598725715289149448,ukraine-de,True,True,False,False,False,False,False,False,False,False,2022-12-02 19:51:08.410624+00:00,2022-12-02 19:51:08.410624+00:00
1598725741310607360,ukraine-de,True,True,False,False,False,False,False,False,False,False,2022-12-02 19:51:08.410525+00:00,2022-12-02 19:51:08.410525+00:00
1598725750110183425,ukraine-de,True,True,False,False,False,False,False,False,False,False,2022-12-02 19:51:08.410426+00:00,2022-12-02 19:51:08.410426+00:00
1598725787594772480,ukraine-de,True,True,False,False,False,False,False,False,False,False,2022-12-02 19:51:08.410327+00:00,2022-12-02 19:51:08.410327+00:00
1598725804711710730,ukraine-de,True,False,False,False,False,False,False,False,False,False,2022-12-02 19:50:17.501012+00:00,2022-12-02 19:50:17.501012+00:00
1598725811892146177,ukraine-de,True,True,False,False,False,False,False,False,False,False,2022-12-02 19:51:08.410226+00:00,2022-12-02 19:51:08.410226+00:00
1598725819031068674,ukraine-de,True,False,False,False,False,False,False,False,False,False,2022-12-02 19:50:17.517175+00:00,2022-12-02 19:50:17.517175+00:00
1598725830472966144,ukraine-de,True,True,False,False,False,False,False,False,False,False,2022-12-02 19:51:08.410124+00:00,2022-12-02 19:51:08.410124+00:00
1598725833513803776,ukraine-de,True,True,False,False,False,False,False,False,False,False,2022-12-02 19:51:08.410002+00:00,2022-12-02 19:51:08.410002+00:00
1598725869366693889,ukraine-de,True,False,False,False,False,False,False,False,False,False,2022-12-02 19:51:08.474899+00:00,2022-12-02 19:51:08.474899+00:00
1598725892791885825,ukraine-de,True,True,False,False,False,False,False,False,False,False,2022-12-02 19:51:08.409888+00:00,2022-12-02 19:51:08.409888+00:00
1598725894876512257,ukraine-de,True,True,False,False,False,False,False,False,False,False,2022-12-02 19:51:08.409732+00:00,2022-12-02 19:51:08.409732+00:00
1598725905286848513,ukraine-de,True,True,False,False,False,False,False,False,False,False,2022-12-02 19:51:08.409633+00:00,2022-12-02 19:51:08.409633+00:00
1598725914849951746,ukraine-de,True,True,False,False,False,False,False,False,False,False,2022-12-02 19:51:08.409516+00:00,2022-12-02 19:51:08.409516+00:00
1598725977076510721,ukraine-de,True,True,False,False,False,False,False,False,False,False,2022-12-02 19:51:08.409417+00:00,2022-12-02 19:51:08.409417+00:00
1598725997196713989,ukraine-de,True,True,False,False,False,False,False,False,False,False,2022-12-02 19:51:08.409319+00:00,2022-12-02 19:51:08.409319+00:00
1598726001470496768,ukraine-de,True,True,False,False,False,False,False,False,False,False,2022-12-02 19:51:08.409220+00:00,2022-12-02 19:51:08.409220+00:00
1598726006524682240,ukraine-de,True,True,False,False,False,False,False,False,False,False,2022-12-02 19:51:08.409120+00:00,2022-12-02 19:51:08.409120+00:00
1598726016079466504,ukraine-de,True,True,False,False,False,False,False,False,False,False,2022-12-02 19:51:08.409017+00:00,2022-12-02 19:51:08.409017+00:00
1598726019904569345,ukraine-de,True,True,False,False,False,False,False,False,False,False,2022-12-02 19:51:08.408902+00:00,2022-12-02 19:51:08.408902+00:00
1598726030029721600,ukraine-de,True,True,False,False,False,False,False,False,False,False,2022-12-02 19:51:08.408784+00:00,2022-12-02 19:51:08.408784+00:00
1598726045212979201,ukraine-de,True,True,False,False,False,False,False,False,False,False,2022-12-02 19:50:36.485494+00:00,2022-12-02 19:51:08.408682+00:00
1598726049919115265,ukraine-de,True,True,False,False,False,False,False,False,False,False,2022-12-02 19:51:08.408572+00:00,2022-12-02 19:51:08.408572+00:00
1598726058752167937,ukraine-de,True,False,False,False,False,False,False,False,False,False,2022-12-03 01:30:18.827280+00:00,2022-12-03 01:30:18.827280+00:00
1598726069103755264,ukraine-de,True,True,False,False,False,False,False,False,False,False,2022-12-02 19:51:08.408472+00:00,2022-12-02 19:51:08.408472+00:00
1598726073654681600,ukraine-de,True,False,False,False,False,False,False,False,False,False,2022-12-02 19:50:59.804741+00:00,2022-12-02 19:50:59.804741+00:00
1598726077806944258,ukraine-de,True,True,False,False,False,False,False,False,False,False,2022-12-02 19:51:08.408348+00:00,2022-12-02 19:51:08.408348+00:00
1598726081523388418,ukraine-de,True,False,False,False,False,False,False,False,False,False,2022-12-02 19:50:59.835156+00:00,2022-12-02 19:50:59.835156+00:00
1598726098157805572,ukraine-de,True,True,False,False,False,False,False,False,False,False,2022-12-02 19:51:08.408233+00:00,2022-12-02 19:51:08.408233+00:00
1598726118361612288,ukraine-de,True,True,False,False,False,False,False,False,False,False,2022-12-02 19:51:08.408120+00:00,2022-12-02 19:51:08.408120+00:00
1598726162233974785,ukraine-de,True,True,False,False,False,False,False,False,False,False,2022-12-02 19:51:08.408019+00:00,2022-12-02 19:51:08.408019+00:00
1598726186175184898,ukraine-de,True,True,False,False,False,False,False,False,False,False,2022-12-02 19:51:08.407916+00:00,2022-12-02 19:51:08.407916+00:00
1598726200138076161,ukraine-de,True,True,False,False,False,False,False,False,False,False,2022-12-02 19:51:08.407804+00:00,2022-12-02 19:51:08.407804+00:00
1598726208845484043,ukraine-de,True,True,False,False,False,False,False,False,False,False,2022-12-02 19:51:08.407581+00:00,2022-12-02 19:51:08.407581+00:00
1598726213019009026,ukraine-de,True,False,False,False,False,False,False,False,False,False,2022-12-02 19:51:08.478268+00:00,2022-12-02 19:51:08.478268+00:00
1598726225421287427,ukraine-de,True,True,False,False,False,False,False,False,False,False,2022-12-02 19:51:08.407273+00:00,2022-12-02 19:51:08.407273+00:00
1598726249278382080,ukraine-de,True,True,False,False,False,False,False,False,False,False,2022-12-02 19:51:08.407171+00:00,2022-12-02 19:51:08.407171+00:00
1598726269063106572,ukraine-de,True,True,False,False,False,False,False,False,False,False,2022-12-02 19:51:08.407059+00:00,2022-12-02 19:51:08.407059+00:00
1598726272133353474,ukraine-de,True,True,False,False,False,False,False,False,False,False,2022-12-02 19:51:08.406954+00:00,2022-12-02 19:51:08.406954+00:00
1598726284883918848,ukraine-de,True,True,False,False,False,False,False,False,False,False,2022-12-02 19:51:08.406758+00:00,2022-12-02 19:51:08.406758+00:00
1598726291494092800,ukraine-de,True,True,False,False,False,False,False,False,False,False,2022-12-02 19:51:08.406659+00:00,2022-12-02 19:51:08.406659+00:00
1598726291607490560,ukraine-de,True,True,False,False,False,False,False,False,False,False,2022-12-02 19:51:08.406558+00:00,2022-12-02 19:51:08.406558+00:00
1598726318115504129,ukraine-de,True,True,False,False,False,False,False,False,False,False,2022-12-02 19:51:08.406440+00:00,2022-12-02 19:51:08.406440+00:00
1598726373635497985,ukraine-de,True,True,False,False,False,False,False,False,False,False,2022-12-02 19:51:08.406339+00:00,2022-12-02 19:51:08.406339+00:00
1598726399908462592,ukraine-de,True,True,False,False,False,False,False,False,False,False,2022-12-02 19:51:08.406234+00:00,2022-12-02 19:51:08.406234+00:00
1598726414425104386,ukraine-de,True,True,False,False,False,False,False,False,False,False,2022-12-02 19:51:08.406067+00:00,2022-12-02 19:51:08.406067+00:00
1598726429503623181,ukraine-de,True,True,False,False,False,False,False,False,False,False,2022-12-02 19:51:08.405948+00:00,2022-12-02 19:51:08.405948+00:00
1598726456540106753,ukraine-de,True,True,False,False,False,False,False,False,False,False,2022-12-02 19:51:08.405846+00:00,2022-12-02 19:51:08.405846+00:00
1598726459564052480,ukraine-de,True,True,False,False,False,False,False,False,False,False,2022-12-02 19:51:08.405679+00:00,2022-12-02 19:51:08.405679+00:00
1598726465897598978,ukraine-de,True,True,False,False,False,False,False,False,False,False,2022-12-02 19:51:08.405549+00:00,2022-12-02 19:51:08.405549+00:00
1598726480015626250,ukraine-de,True,True,False,False,False,False,False,False,False,False,2022-12-02 19:51:08.405447+00:00,2022-12-02 19:51:08.405447+00:00
1598726486206418944,ukraine-de,True,True,False,False,False,False,False,False,False,False,2022-12-02 19:51:08.405345+00:00,2022-12-02 19:51:08.405345+00:00
1598726496511819776,ukraine-de,True,False,False,False,False,False,False,False,False,False,2022-12-02 22:36:01.067793+00:00,2022-12-02 22:36:01.067793+00:00
1598726514295570433,ukraine-de,True,True,False,False,False,False,False,False,False,False,2022-12-02 19:51:08.405214+00:00,2022-12-02 19:51:08.405214+00:00
1598726541508317188,ukraine-de,True,True,False,False,False,False,False,False,False,False,2022-12-02 19:51:08.405116+00:00,2022-12-02 19:51:08.405116+00:00
1598726560214913027,ukraine-de,True,True,False,False,False,False,False,False,False,False,2022-12-02 19:51:08.405020+00:00,2022-12-02 19:51:08.405020+00:00
1598726566158094336,ukraine-de,True,True,False,False,False,False,False,False,False,False,2022-12-02 19:51:08.404923+00:00,2022-12-02 19:51:08.404923+00:00
1598726606121492480,ukraine-de,True,True,False,False,False,False,False,False,False,False,2022-12-02 19:51:08.404825+00:00,2022-12-02 19:51:08.404825+00:00
1598726619715325953,ukraine-de,True,True,False,False,False,False,False,False,False,False,2022-12-02 19:51:08.404724+00:00,2022-12-02 19:51:08.404724+00:00
1598726638388350986,ukraine-de,True,True,False,False,False,False,False,False,False,False,2022-12-02 19:51:08.404625+00:00,2022-12-02 19:51:08.404625+00:00
1598726639403384834,ukraine-de,True,True,False,False,False,False,False,False,False,False,2022-12-02 19:51:08.404525+00:00,2022-12-02 19:51:08.404525+00:00
1598726653760389120,ukraine-de,True,True,False,False,False,False,False,False,False,False,2022-12-02 19:51:08.404418+00:00,2022-12-02 19:51:08.404418+00:00
1598726665172983808,ukraine-de,True,True,False,False,False,False,False,False,False,False,2022-12-02 19:51:08.404316+00:00,2022-12-02 19:51:08.404316+00:00
1598726705593683970,ukraine-de,True,True,False,False,False,False,False,False,False,False,2022-12-02 19:51:08.404215+00:00,2022-12-02 19:51:08.404215+00:00
1598726745166856193,ukraine-de,True,True,False,False,False,False,False,False,False,False,2022-12-02 19:51:08.404103+00:00,2022-12-02 19:51:08.404103+00:00
1598726749436620800,ukraine-de,True,True,False,False,False,False,False,False,False,False,2022-12-02 19:51:08.403986+00:00,2022-12-02 19:51:08.403986+00:00
1598726763357552640,ukraine-de,True,True,False,False,False,False,False,False,False,False,2022-12-02 19:51:08.403887+00:00,2022-12-02 19:51:08.403887+00:00
1598726779690270722,ukraine-de,True,False,False,False,False,False,False,False,False,False,2022-12-02 19:50:59.834633+00:00,2022-12-02 19:50:59.834633+00:00
1598726821314297856,ukraine-de,True,True,False,False,False,False,False,False,False,False,2022-12-02 19:51:08.403788+00:00,2022-12-02 19:51:08.403788+00:00
1598726889824198656,ukraine-de,True,True,False,False,False,False,False,False,False,False,2022-12-02 19:51:08.403686+00:00,2022-12-02 19:51:08.403686+00:00
1598726927308578816,ukraine-de,True,True,False,False,False,False,False,False,False,False,2022-12-02 19:51:08.403576+00:00,2022-12-02 19:51:08.403576+00:00
1598726969570590723,ukraine-de,True,True,False,False,False,False,False,False,False,False,2022-12-02 19:51:08.403462+00:00,2022-12-02 19:51:08.403462+00:00
1598726976096931845,ukraine-de,True,True,False,False,False,False,False,False,False,False,2022-12-02 19:51:08.403361+00:00,2022-12-02 19:51:08.403361+00:00
1598726980156854273,ukraine-de,True,True,False,False,False,False,False,False,False,False,2022-12-02 19:51:08.403241+00:00,2022-12-02 19:51:08.403241+00:00
1598727006551773190,ukraine-de,True,True,False,False,False,False,False,False,False,False,2022-12-02 19:51:08.403121+00:00,2022-12-02 19:51:08.403121+00:00
1598727007335899137,ukraine-de,True,True,False,False,False,False,False,False,False,False,2022-12-02 19:51:08.403023+00:00,2022-12-02 19:51:08.403023+00:00
1598727022653706253,ukraine-de,True,True,False,False,False,False,False,False,False,False,2022-12-02 19:51:08.402925+00:00,2022-12-02 19:51:08.402925+00:00
1598727023828111372,ukraine-de,True,True,False,False,False,False,False,False,False,False,2022-12-02 19:51:08.402825+00:00,2022-12-02 19:51:08.402825+00:00
1598727024377462784,ukraine-de,True,True,False,False,False,False,False,False,False,False,2022-12-02 19:51:08.402725+00:00,2022-12-02 19:51:08.402725+00:00
1598727034443735040,ukraine-de,True,False,False,False,False,False,False,False,False,False,2022-12-02 19:50:27.692341+00:00,2022-12-02 19:50:27.692341+00:00
1598727039066017809,ukraine-de,True,True,False,False,False,False,False,False,False,False,2022-12-02 19:51:08.402625+00:00,2022-12-02 19:51:08.402625+00:00
1598727060809187328,ukraine-de,True,True,False,False,False,False,False,False,False,False,2022-12-02 19:51:08.402519+00:00,2022-12-02 19:51:08.402519+00:00
1598727072058261504,ukraine-de,True,False,False,False,False,False,False,False,False,False,2022-12-03 01:30:30.065151+00:00,2022-12-03 01:30:30.065151+00:00
1598727097417175043,ukraine-de,True,True,False,False,False,False,False,False,False,False,2022-12-02 19:51:08.402258+00:00,2022-12-02 19:51:08.402258+00:00
1598727115758862336,ukraine-de,True,True,False,False,False,False,False,False,False,False,2022-12-02 19:51:08.402158+00:00,2022-12-02 19:51:08.402158+00:00
1598727168099586053,ukraine-de,True,False,False,False,False,False,False,False,False,False,2022-12-02 19:50:27.693507+00:00,2022-12-02 19:50:27.693507+00:00
1598727176425177089,ukraine-de,True,True,False,False,False,False,False,False,False,False,2022-12-02 19:51:08.402035+00:00,2022-12-02 19:51:08.402035+00:00
1598727180984500224,ukraine-de,True,True,False,False,False,False,False,False,False,False,2022-12-02 19:51:08.401935+00:00,2022-12-02 19:51:08.401935+00:00
1598727228300337152,ukraine-de,True,False,False,False,False,False,False,False,False,False,2022-12-02 19:50:59.836381+00:00,2022-12-02 19:50:59.836381+00:00
1598727249263562768,ukraine-de,True,True,False,False,False,False,False,False,False,False,2022-12-02 19:51:08.401820+00:00,2022-12-02 19:51:08.401820+00:00
1598727280012165125,ukraine-de,True,True,False,False,False,False,False,False,False,False,2022-12-02 19:51:08.401723+00:00,2022-12-02 19:51:08.401723+00:00
1598727287842783234,ukraine-de,True,True,False,False,False,False,False,False,False,False,2022-12-02 19:51:08.401625+00:00,2022-12-02 19:51:08.401625+00:00
1598727293228052480,ukraine-de,True,True,False,False,False,False,False,False,False,False,2022-12-02 19:51:08.401502+00:00,2022-12-02 19:51:08.401502+00:00
1598727341823340545,ukraine-de,True,True,False,False,False,False,False,False,False,False,2022-12-02 19:50:36.490510+00:00,2022-12-02 19:51:08.401396+00:00
1598727367744176128,ukraine-de,True,True,False,False,False,False,False,False,False,False,2022-12-02 19:51:08.401299+00:00,2022-12-02 19:51:08.401299+00:00
1598727402984964096,ukraine-de,True,True,False,False,False,False,False,False,False,False,2022-12-02 19:51:08.401187+00:00,2022-12-02 19:51:08.401187+00:00
1598727406340145153,ukraine-de,True,True,False,False,False,False,False,False,False,False,2022-12-02 19:51:08.401047+00:00,2022-12-02 19:51:08.401047+00:00
1598727424513953794,ukraine-de,True,True,False,False,False,False,False,False,False,False,2022-12-02 19:51:08.400933+00:00,2022-12-02 19:51:08.400933+00:00
1598727434513182722,ukraine-de,True,True,False,False,False,False,False,False,False,False,2022-12-02 19:51:08.400725+00:00,2022-12-02 19:51:08.400725+00:00
1598727448199323648,ukraine-de,True,True,False,False,False,False,False,False,False,False,2022-12-02 19:51:08.400625+00:00,2022-12-02 19:51:08.400625+00:00
1598727466062946304,ukraine-de,True,True,False,False,False,False,False,False,False,False,2022-12-02 19:51:08.400508+00:00,2022-12-02 19:51:08.400508+00:00
1598727467514171394,ukraine-de,True,True,False,False,False,False,False,False,False,False,2022-12-02 19:51:08.400405+00:00,2022-12-02 19:51:08.400405+00:00
1598727476045291521,ukraine-de,True,True,False,False,False,False,False,False,False,False,2022-12-02 19:51:08.400280+00:00,2022-12-02 19:51:08.400280+00:00
1598727561374302210,ukraine-de,True,True,False,False,False,False,False,False,False,False,2022-12-02 19:51:08.400015+00:00,2022-12-02 19:51:08.400015+00:00
1598727561915219968,ukraine-de,True,True,False,False,False,False,False,False,False,False,2022-12-02 19:51:08.399897+00:00,2022-12-02 19:51:08.399897+00:00
1598727600876261385,ukraine-de,True,True,False,False,False,False,False,False,False,False,2022-12-02 19:51:08.399796+00:00,2022-12-02 19:51:08.399796+00:00
1598727602361061377,ukraine-de,True,True,False,False,False,False,False,False,False,False,2022-12-02 19:51:08.399694+00:00,2022-12-02 19:51:08.399694+00:00
1598727643729256448,ukraine-de,True,True,False,False,False,False,False,False,False,False,2022-12-02 19:51:08.399591+00:00,2022-12-02 19:51:08.399591+00:00
1598727650767298560,ukraine-de,True,True,False,False,False,False,False,False,False,False,2022-12-02 19:51:08.399480+00:00,2022-12-02 19:51:08.399480+00:00
1598727669465714703,ukraine-de,True,True,False,False,False,False,False,False,False,False,2022-12-02 19:51:08.399240+00:00,2022-12-02 19:51:08.399240+00:00
1598727692722921472,ukraine-de,True,True,False,False,False,False,False,False,False,False,2022-12-02 19:51:08.399124+00:00,2022-12-02 19:51:08.399124+00:00
1598727693108858881,ukraine-de,True,True,False,False,False,False,False,False,False,False,2022-12-02 19:51:08.399021+00:00,2022-12-02 19:51:08.399021+00:00
1598727705054306305,ukraine-de,True,True,False,False,False,False,False,False,False,False,2022-12-02 19:51:08.398912+00:00,2022-12-02 19:51:08.398912+00:00
1598727708472938496,ukraine-de,True,True,False,False,False,False,False,False,False,False,2022-12-02 19:51:08.398812+00:00,2022-12-02 19:51:08.398812+00:00
1598727756396859393,ukraine-de,True,True,False,False,False,False,False,False,False,False,2022-12-02 19:51:08.398702+00:00,2022-12-02 19:51:08.398702+00:00
1598727763028066304,ukraine-de,True,True,False,False,False,False,False,False,False,False,2022-12-02 19:51:08.398600+00:00,2022-12-02 19:51:08.398600+00:00
1598727803343491078,ukraine-de,True,True,False,False,False,False,False,False,False,False,2022-12-02 19:51:08.398483+00:00,2022-12-02 19:51:08.398483+00:00
1598727899368099841,ukraine-de,True,True,False,False,False,False,False,False,False,False,2022-12-02 19:51:08.398380+00:00,2022-12-02 19:51:08.398380+00:00
1598727944037437452,ukraine-de,True,True,False,False,False,False,False,False,False,False,2022-12-02 19:51:08.398269+00:00,2022-12-02 19:51:08.398269+00:00
1598727950190333952,ukraine-de,True,True,False,False,False,False,False,False,False,False,2022-12-02 19:51:08.398167+00:00,2022-12-02 19:51:08.398167+00:00
1598727950727274497,ukraine-de,True,False,False,False,False,False,False,False,False,False,2022-12-02 19:50:36.494939+00:00,2022-12-02 19:50:36.494939+00:00
1598727955110248449,ukraine-de,True,True,False,False,False,False,False,False,False,False,2022-12-02 19:51:08.398054+00:00,2022-12-02 19:51:08.398054+00:00
1598727975741968386,ukraine-de,True,True,False,False,False,False,False,False,False,False,2022-12-02 19:51:08.397952+00:00,2022-12-02 19:51:08.397952+00:00
1598727979454140419,ukraine-de,True,True,False,False,False,False,False,False,False,False,2022-12-02 19:50:27.666942+00:00,2022-12-02 19:51:08.397849+00:00
1598727990283681792,ukraine-de,True,True,False,False,False,False,False,False,False,False,2022-12-02 19:51:08.397745+00:00,2022-12-02 19:51:08.397745+00:00
1598727990388531200,ukraine-de,True,True,False,False,False,False,False,False,False,False,2022-12-02 19:51:08.397634+00:00,2022-12-02 19:51:08.397634+00:00
1598728028145815561,ukraine-de,True,True,False,False,False,False,False,False,False,False,2022-12-02 19:51:08.397486+00:00,2022-12-02 19:51:08.397486+00:00
1598728050702680064,ukraine-de,True,True,False,False,False,False,False,False,False,False,2022-12-02 19:51:08.397369+00:00,2022-12-02 19:51:08.397369+00:00
1598728060915748864,ukraine-de,True,True,False,False,False,False,False,False,False,False,2022-12-02 19:51:08.397128+00:00,2022-12-02 19:51:08.397128+00:00
1598728069539250176,ukraine-de,True,False,False,False,False,False,False,False,False,False,2022-12-02 19:50:59.835050+00:00,2022-12-02 19:50:59.835050+00:00
1598728078209028100,ukraine-de,True,True,False,False,False,False,False,False,False,False,2022-12-02 19:50:59.790765+00:00,2022-12-02 19:50:59.790765+00:00
1598728088803753984,ukraine-de,True,True,False,False,False,False,False,False,False,False,2022-12-02 19:50:59.790649+00:00,2022-12-02 19:50:59.790649+00:00
1598728095145463811,ukraine-de,True,True,False,False,False,False,False,False,False,False,2022-12-02 19:50:59.790549+00:00,2022-12-02 19:50:59.790549+00:00
1598728103366385665,ukraine-de,True,True,False,False,False,False,False,False,False,False,2022-12-02 19:50:17.514593+00:00,2022-12-02 19:50:59.790448+00:00
1598728154377588742,ukraine-de,True,True,False,False,False,False,False,False,False,False,2022-12-02 19:50:59.790346+00:00,2022-12-02 19:50:59.790346+00:00
1598728154541043712,ukraine-de,True,True,False,False,False,False,False,False,False,False,2022-12-02 19:50:59.790240+00:00,2022-12-02 19:50:59.790240+00:00
1598728181468594176,ukraine-de,True,True,False,False,False,False,False,False,False,False,2022-12-02 19:50:59.790121+00:00,2022-12-02 19:50:59.790121+00:00
1598728184387629056,ukraine-de,True,True,False,False,False,False,False,False,False,False,2022-12-02 19:50:36.499690+00:00,2022-12-02 19:50:59.789993+00:00
1598728218957287441,ukraine-de,True,True,False,False,False,False,False,False,False,False,2022-12-02 19:50:59.789885+00:00,2022-12-02 19:50:59.789885+00:00
1598728232714518528,ukraine-de,True,True,False,False,False,False,False,False,False,False,2022-12-02 19:50:59.789770+00:00,2022-12-02 19:50:59.789770+00:00
1598728247021535238,ukraine-de,True,True,False,False,False,False,False,False,False,False,2022-12-02 19:50:59.789579+00:00,2022-12-02 19:50:59.789579+00:00
1598728250796040192,ukraine-de,True,False,False,False,False,False,False,False,False,False,2022-12-02 19:50:59.833778+00:00,2022-12-02 19:50:59.833778+00:00
1598728282555424770,ukraine-de,True,True,False,False,False,False,False,False,False,False,2022-12-02 19:50:59.787611+00:00,2022-12-02 19:50:59.787611+00:00
1598728292105736192,ukraine-de,True,True,False,False,False,False,False,False,False,False,2022-12-02 19:50:59.787507+00:00,2022-12-02 19:50:59.787507+00:00
1598728296350584834,ukraine-de,True,False,False,False,False,False,False,False,False,False,2022-12-02 19:50:27.694951+00:00,2022-12-02 19:50:27.694951+00:00
1598728351073828865,ukraine-de,True,True,False,False,False,False,False,False,False,False,2022-12-02 19:50:59.787387+00:00,2022-12-02 19:50:59.787387+00:00
1598728360112300032,ukraine-de,True,True,False,False,False,False,False,False,False,False,2022-12-02 19:50:59.787263+00:00,2022-12-02 19:50:59.787263+00:00
1598728360980402186,ukraine-de,True,True,False,False,False,False,False,False,False,False,2022-12-02 19:50:17.524393+00:00,2022-12-02 19:50:59.787163+00:00
1598728369893515264,ukraine-de,True,True,False,False,False,False,False,False,False,False,2022-12-02 19:50:59.787064+00:00,2022-12-02 19:50:59.787064+00:00
1598728383424172033,ukraine-de,True,True,False,False,False,False,False,False,False,False,2022-12-02 19:50:59.786963+00:00,2022-12-02 19:50:59.786963+00:00
1598728384401608722,ukraine-de,True,True,False,False,False,False,False,False,False,False,2022-12-02 19:50:59.786859+00:00,2022-12-02 19:50:59.786859+00:00
1598728413937684480,ukraine-de,True,True,False,False,False,False,False,False,False,False,2022-12-02 19:50:59.786752+00:00,2022-12-02 19:50:59.786752+00:00
1598728450189266946,ukraine-de,True,True,False,False,False,False,False,False,False,False,2022-12-02 19:50:59.786636+00:00,2022-12-02 19:50:59.786636+00:00
1598728473916235776,ukraine-de,True,True,False,False,False,False,False,False,False,False,2022-12-02 19:50:59.786065+00:00,2022-12-02 19:50:59.786065+00:00
1598728477401706497,ukraine-de,True,True,False,False,False,False,False,False,False,False,2022-12-02 19:50:59.785941+00:00,2022-12-02 19:50:59.785941+00:00
1598728478811197447,ukraine-de,True,False,False,False,False,False,False,False,False,False,2022-12-02 19:50:36.494199+00:00,2022-12-02 19:50:36.494199+00:00
1598728480207740929,ukraine-de,True,True,False,False,False,False,False,False,False,False,2022-12-02 19:50:59.785829+00:00,2022-12-02 19:50:59.785829+00:00
1598728488906887172,ukraine-de,True,True,False,False,False,False,False,False,False,False,2022-12-02 19:50:59.785692+00:00,2022-12-02 19:50:59.785692+00:00
1598728490668285959,ukraine-de,True,True,False,False,False,False,False,False,False,False,2022-12-02 19:50:59.784333+00:00,2022-12-02 19:50:59.784333+00:00
1598728507680387073,ukraine-de,True,True,False,False,False,False,False,False,False,False,2022-12-02 19:50:59.784232+00:00,2022-12-02 19:50:59.784232+00:00
1598728510708793344,ukraine-de,True,True,False,False,False,False,False,False,False,False,2022-12-02 19:50:59.784131+00:00,2022-12-02 19:50:59.784131+00:00
1598728515997794305,ukraine-de,True,True,False,False,False,False,False,False,False,False,2022-12-02 19:50:59.784025+00:00,2022-12-02 19:50:59.784025+00:00
1598728527712378880,ukraine-de,True,True,False,False,False,False,False,False,False,False,2022-12-02 19:50:59.783911+00:00,2022-12-02 19:50:59.783911+00:00
1598728550651248648,ukraine-de,True,True,False,False,False,False,False,False,False,False,2022-12-02 19:50:59.782424+00:00,2022-12-02 19:50:59.782424+00:00
1598728582087544837,ukraine-de,True,True,False,False,False,False,False,False,False,False,2022-12-02 19:50:59.782290+00:00,2022-12-02 19:50:59.782290+00:00
1598728585082068992,ukraine-de,True,True,False,False,False,False,False,False,False,False,2022-12-02 19:50:59.782154+00:00,2022-12-02 19:50:59.782154+00:00
1598728587150086144,ukraine-de,True,True,False,False,False,False,False,False,False,False,2022-12-02 19:50:59.782056+00:00,2022-12-02 19:50:59.782056+00:00
1598728612198248448,ukraine-de,True,True,False,False,False,False,False,False,False,False,2022-12-02 19:50:59.781958+00:00,2022-12-02 19:50:59.781958+00:00
1598728618137587726,ukraine-de,True,True,False,False,False,False,False,False,False,False,2022-12-02 19:50:59.781858+00:00,2022-12-02 19:50:59.781858+00:00
1598728644708339712,ukraine-de,True,True,False,False,False,False,False,False,False,False,2022-12-02 19:50:59.781742+00:00,2022-12-02 19:50:59.781742+00:00
1598728666887897089,ukraine-de,True,True,False,False,False,False,False,False,False,False,2022-12-02 19:50:59.781639+00:00,2022-12-02 19:50:59.781639+00:00
1598728667022168064,ukraine-de,True,True,False,False,False,False,False,False,False,False,2022-12-02 19:50:59.781517+00:00,2022-12-02 19:50:59.781517+00:00
1598728670226489344,ukraine-de,True,True,False,False,False,False,False,False,False,False,2022-12-02 19:50:59.781388+00:00,2022-12-02 19:50:59.781388+00:00
1598728674198667264,ukraine-de,True,True,False,False,False,False,False,False,False,False,2022-12-02 19:50:59.781276+00:00,2022-12-02 19:50:59.781276+00:00
1598728702254161920,ukraine-de,True,True,False,False,False,False,False,False,False,False,2022-12-02 19:50:59.781166+00:00,2022-12-02 19:50:59.781166+00:00
1598728708570972161,ukraine-de,True,True,False,False,False,False,False,False,False,False,2022-12-02 19:50:59.781014+00:00,2022-12-02 19:50:59.781014+00:00
1598728709229481986,ukraine-de,True,True,False,False,False,False,False,False,False,False,2022-12-02 19:50:59.778396+00:00,2022-12-02 19:50:59.778396+00:00
1598728710550687757,ukraine-de,True,True,False,False,False,False,False,False,False,False,2022-12-02 19:50:59.778295+00:00,2022-12-02 19:50:59.778295+00:00
1598728711770996736,ukraine-de,True,True,False,False,False,False,False,False,False,False,2022-12-02 19:50:59.778170+00:00,2022-12-02 19:50:59.778170+00:00
1598728713029361664,ukraine-de,True,True,False,False,False,False,False,False,False,False,2022-12-02 19:50:59.778071+00:00,2022-12-02 19:50:59.778071+00:00
1598728713415397386,ukraine-de,True,True,False,False,False,False,False,False,False,False,2022-12-02 19:50:59.777972+00:00,2022-12-02 19:50:59.777972+00:00
1598728717769084933,ukraine-de,True,False,False,False,False,False,False,False,False,False,2022-12-02 19:50:59.835444+00:00,2022-12-02 19:50:59.835444+00:00
1598728721464283136,ukraine-de,True,True,False,False,False,False,False,False,False,False,2022-12-02 19:50:59.777858+00:00,2022-12-02 19:50:59.777858+00:00
1598728754792173568,ukraine-de,True,True,False,False,False,False,False,False,False,False,2022-12-02 19:50:59.777758+00:00,2022-12-02 19:50:59.777758+00:00
1598728777596809217,ukraine-de,True,True,False,False,False,False,False,False,False,False,2022-12-02 19:50:59.777658+00:00,2022-12-02 19:50:59.777658+00:00
1598728814858600448,ukraine-de,True,True,False,False,False,False,False,False,False,False,2022-12-02 19:50:59.777537+00:00,2022-12-02 19:50:59.777537+00:00
1598728860861808640,ukraine-de,True,True,False,False,False,False,False,False,False,False,2022-12-02 19:50:59.777434+00:00,2022-12-02 19:50:59.777434+00:00
1598728862682210304,ukraine-de,True,True,False,False,False,False,False,False,False,False,2022-12-02 19:50:59.777310+00:00,2022-12-02 19:50:59.777310+00:00
1598728862682288144,ukraine-de,True,True,False,False,False,False,False,False,False,False,2022-12-02 19:50:59.777209+00:00,2022-12-02 19:50:59.777209+00:00
1598728868231188481,ukraine-de,True,True,False,False,False,False,False,False,False,False,2022-12-02 19:50:59.777094+00:00,2022-12-02 19:50:59.777094+00:00
1598728886484963342,ukraine-de,True,True,False,False,False,False,False,False,False,False,2022-12-02 19:50:59.776993+00:00,2022-12-02 19:50:59.776993+00:00
1598728887713792001,ukraine-de,True,True,False,False,False,False,False,False,False,False,2022-12-02 19:50:59.776882+00:00,2022-12-02 19:50:59.776882+00:00
1598728892277174272,ukraine-de,True,True,False,False,False,False,False,False,False,False,2022-12-02 19:50:59.776771+00:00,2022-12-02 19:50:59.776771+00:00
1598728916704923649,ukraine-de,True,True,False,False,False,False,False,False,False,False,2022-12-02 19:50:59.776670+00:00,2022-12-02 19:50:59.776670+00:00
1598728939479760897,ukraine-de,True,True,False,False,False,False,False,False,False,False,2022-12-02 19:50:59.776554+00:00,2022-12-02 19:50:59.776554+00:00
1598728958173773830,ukraine-de,True,True,False,False,False,False,False,False,False,False,2022-12-02 19:50:59.776452+00:00,2022-12-02 19:50:59.776452+00:00
1598728962292813826,ukraine-de,True,True,False,False,False,False,False,False,False,False,2022-12-02 19:50:59.776333+00:00,2022-12-02 19:50:59.776333+00:00
1598728985810112512,ukraine-de,True,True,False,False,False,False,False,False,False,False,2022-12-02 19:50:59.776210+00:00,2022-12-02 19:50:59.776210+00:00
1598728989127823365,ukraine-de,True,True,False,False,False,False,False,False,False,False,2022-12-02 19:50:59.776105+00:00,2022-12-02 19:50:59.776105+00:00
1598728993414549510,ukraine-de,True,True,False,False,False,False,False,False,False,False,2022-12-02 19:50:59.776000+00:00,2022-12-02 19:50:59.776000+00:00
1598728999651319808,ukraine-de,True,True,False,False,False,False,False,False,False,False,2022-12-02 19:50:36.510506+00:00,2022-12-02 19:50:59.775871+00:00
1598729016634216459,ukraine-de,True,True,False,False,False,False,False,False,False,False,2022-12-02 19:50:59.775689+00:00,2022-12-02 19:50:59.775689+00:00
1598729038788382720,ukraine-de,True,True,False,False,False,False,False,False,False,False,2022-12-02 19:50:59.775563+00:00,2022-12-02 19:50:59.775563+00:00
1598729051237224461,ukraine-de,True,True,False,False,False,False,False,False,False,False,2022-12-02 19:50:59.775426+00:00,2022-12-02 19:50:59.775426+00:00
1598729060775071761,ukraine-de,True,True,False,False,False,False,False,False,False,False,2022-12-02 19:50:59.773068+00:00,2022-12-02 19:50:59.773068+00:00
1598729074758881282,ukraine-de,True,False,False,False,False,False,False,False,False,False,2022-12-02 22:35:45.756250+00:00,2022-12-02 22:35:45.756250+00:00
1598729084837965824,ukraine-de,True,True,False,False,False,False,False,False,False,False,2022-12-02 19:50:17.503733+00:00,2022-12-02 19:50:59.772965+00:00
1598729084946841602,ukraine-de,True,True,False,False,False,False,False,False,False,False,2022-12-02 19:50:59.772850+00:00,2022-12-02 19:50:59.772850+00:00
1598729131973398528,ukraine-de,True,True,False,False,False,False,False,False,False,False,2022-12-02 19:50:59.772743+00:00,2022-12-02 19:50:59.772743+00:00
1598729148163395601,ukraine-de,True,True,False,False,False,False,False,False,False,False,2022-12-02 19:50:36.529196+00:00,2022-12-02 19:50:59.772630+00:00
1598729156086616064,ukraine-de,True,True,False,False,False,False,False,False,False,False,2022-12-02 19:50:59.772486+00:00,2022-12-02 19:50:59.772486+00:00
1598729159760494592,ukraine-de,True,True,False,False,False,False,False,False,False,False,2022-12-02 19:50:59.771328+00:00,2022-12-02 19:50:59.771328+00:00
1598729180094631949,ukraine-de,True,True,False,False,False,False,False,False,False,False,2022-12-02 19:50:59.771219+00:00,2022-12-02 19:50:59.771219+00:00
1598729190450176001,ukraine-de,True,True,False,False,False,False,False,False,False,False,2022-12-02 19:50:59.771103+00:00,2022-12-02 19:50:59.771103+00:00
1598729209920118784,ukraine-de,True,True,False,False,False,False,False,False,False,False,2022-12-02 19:50:59.770919+00:00,2022-12-02 19:50:59.770919+00:00
1598729217549602817,ukraine-de,True,True,False,False,False,False,False,False,False,False,2022-12-02 19:50:59.770073+00:00,2022-12-02 19:50:59.770073+00:00
1598729223404912642,ukraine-de,True,True,False,False,False,False,False,False,False,False,2022-12-02 19:50:59.769956+00:00,2022-12-02 19:50:59.769956+00:00
1598729237162332163,ukraine-de,True,True,False,False,False,False,False,False,False,False,2022-12-02 19:50:59.769782+00:00,2022-12-02 19:50:59.769782+00:00
1598729241713147907,ukraine-de,True,True,False,False,False,False,False,False,False,False,2022-12-02 19:50:59.768406+00:00,2022-12-02 19:50:59.768406+00:00
1598729242145169410,ukraine-de,True,True,False,False,False,False,False,False,False,False,2022-12-02 19:50:59.768286+00:00,2022-12-02 19:50:59.768286+00:00
1598729251443949569,ukraine-de,True,True,False,False,False,False,False,False,False,False,2022-12-02 19:50:59.767377+00:00,2022-12-02 19:50:59.767377+00:00
1598729265406627840,ukraine-de,True,True,False,False,False,False,False,False,False,False,2022-12-02 19:50:59.767265+00:00,2022-12-02 19:50:59.767265+00:00
1598729272948133900,ukraine-de,True,True,False,False,False,False,False,False,False,False,2022-12-02 19:50:59.767142+00:00,2022-12-02 19:50:59.767142+00:00
1598729301750206464,ukraine-de,True,True,False,False,False,False,False,False,False,False,2022-12-02 19:50:59.762664+00:00,2022-12-02 19:50:59.762664+00:00
1598729339838799872,ukraine-de,True,True,False,False,False,False,False,False,False,False,2022-12-02 19:50:59.762564+00:00,2022-12-02 19:50:59.762564+00:00
1598729351058505728,ukraine-de,True,True,False,False,False,False,False,False,False,False,2022-12-02 19:50:59.762461+00:00,2022-12-02 19:50:59.762461+00:00
1598729354154053636,ukraine-de,True,True,False,False,False,False,False,False,False,False,2022-12-02 19:50:59.762358+00:00,2022-12-02 19:50:59.762358+00:00
1598729428678639620,ukraine-de,True,True,False,False,False,False,False,False,False,False,2022-12-02 19:50:59.762182+00:00,2022-12-02 19:50:59.762182+00:00
1598729434785259521,ukraine-de,True,True,False,False,False,False,False,False,False,False,2022-12-02 19:50:59.762078+00:00,2022-12-02 19:50:59.762078+00:00
1598729438522318848,ukraine-de,True,True,False,False,False,False,False,False,False,False,2022-12-02 19:50:59.761779+00:00,2022-12-02 19:50:59.761779+00:00
1598729447011762178,ukraine-de,True,True,False,False,False,False,False,False,False,False,2022-12-02 19:50:59.761680+00:00,2022-12-02 19:50:59.761680+00:00
1598729451973611543,ukraine-de,True,True,False,False,False,False,False,False,False,False,2022-12-02 19:50:59.761547+00:00,2022-12-02 19:50:59.761547+00:00
1598729457153593352,ukraine-de,True,True,False,False,False,False,False,False,False,False,2022-12-02 19:50:59.761449+00:00,2022-12-02 19:50:59.761449+00:00
1598729482348527616,ukraine-de,True,True,False,False,False,False,False,False,False,False,2022-12-02 19:50:59.761351+00:00,2022-12-02 19:50:59.761351+00:00
1598729486727462912,ukraine-de,True,True,False,False,False,False,False,False,False,False,2022-12-02 19:50:59.761254+00:00,2022-12-02 19:50:59.761254+00:00
1598729504154947586,ukraine-de,True,True,False,False,False,False,False,False,False,False,2022-12-02 19:50:59.761156+00:00,2022-12-02 19:50:59.761156+00:00
1598729551785250817,ukraine-de,True,True,False,False,False,False,False,False,False,False,2022-12-02 19:50:59.761058+00:00,2022-12-02 19:50:59.761058+00:00
1598729563974111247,ukraine-de,True,True,False,False,False,False,False,False,False,False,2022-12-02 19:50:59.760959+00:00,2022-12-02 19:50:59.760959+00:00
1598729605036544001,ukraine-de,True,True,False,False,False,False,False,False,False,False,2022-12-02 19:50:59.760845+00:00,2022-12-02 19:50:59.760845+00:00
1598729609029324810,ukraine-de,True,True,False,False,False,False,False,False,False,False,2022-12-02 19:50:59.760747+00:00,2022-12-02 19:50:59.760747+00:00
1598729615933149187,ukraine-de,True,True,False,False,False,False,False,False,False,False,2022-12-02 19:50:59.760651+00:00,2022-12-02 19:50:59.760651+00:00
1598729637164912640,ukraine-de,True,True,False,False,False,False,False,False,False,False,2022-12-02 19:50:59.760552+00:00,2022-12-02 19:50:59.760552+00:00
1598729642797506561,ukraine-de,True,True,False,False,False,False,False,False,False,False,2022-12-02 19:50:59.760454+00:00,2022-12-02 19:50:59.760454+00:00
1598729650020179968,ukraine-de,True,True,False,False,False,False,False,False,False,False,2022-12-02 19:50:59.760356+00:00,2022-12-02 19:50:59.760356+00:00
1598729696224587776,ukraine-de,True,True,False,False,False,False,False,False,False,False,2022-12-02 19:50:59.760256+00:00,2022-12-02 19:50:59.760256+00:00
1598729703451332608,ukraine-de,True,True,False,False,False,False,False,False,False,False,2022-12-02 19:50:59.760142+00:00,2022-12-02 19:50:59.760142+00:00
1598729729716125696,ukraine-de,True,True,False,False,False,False,False,False,False,False,2022-12-02 19:50:59.760041+00:00,2022-12-02 19:50:59.760041+00:00
1598729735319998464,ukraine-de,True,True,False,False,False,False,False,False,False,False,2022-12-02 19:50:59.759939+00:00,2022-12-02 19:50:59.759939+00:00
1598729748523651072,ukraine-de,True,True,False,False,False,False,False,False,False,False,2022-12-02 19:50:59.759822+00:00,2022-12-02 19:50:59.759822+00:00
1598729762813288448,ukraine-de,True,True,False,False,False,False,False,False,False,False,2022-12-02 19:50:59.759722+00:00,2022-12-02 19:50:59.759722+00:00
1598729769142534146,ukraine-de,True,True,False,False,False,False,False,False,False,False,2022-12-02 19:50:59.759622+00:00,2022-12-02 19:50:59.759622+00:00
1598729770082222080,ukraine-de,True,True,False,False,False,False,False,False,False,False,2022-12-02 19:50:59.759514+00:00,2022-12-02 19:50:59.759514+00:00
1598729785298984961,ukraine-de,True,True,False,False,False,False,False,False,False,False,2022-12-02 19:50:59.759413+00:00,2022-12-02 19:50:59.759413+00:00
1598729796678131712,ukraine-de,True,True,False,False,False,False,False,False,False,False,2022-12-02 19:50:59.759288+00:00,2022-12-02 19:50:59.759288+00:00
1598729813866426368,ukraine-de,True,True,False,False,False,False,False,False,False,False,2022-12-02 19:50:59.759190+00:00,2022-12-02 19:50:59.759190+00:00
1598729839611383808,ukraine-de,True,True,False,False,False,False,False,False,False,False,2022-12-02 19:50:59.759093+00:00,2022-12-02 19:50:59.759093+00:00
1598729851896111104,ukraine-de,True,True,False,False,False,False,False,False,False,False,2022-12-02 19:50:59.758994+00:00,2022-12-02 19:50:59.758994+00:00
1598729871093485568,ukraine-de,True,True,False,False,False,False,False,False,False,False,2022-12-02 19:50:59.758895+00:00,2022-12-02 19:50:59.758895+00:00
1598729880216084480,ukraine-de,True,False,False,False,False,False,False,False,False,False,2022-12-02 22:35:45.760712+00:00,2022-12-02 22:35:45.760712+00:00
1598729973162020874,ukraine-de,True,True,False,False,False,False,False,False,False,False,2022-12-02 19:50:59.758793+00:00,2022-12-02 19:50:59.758793+00:00
1598729993651003394,ukraine-de,True,False,False,False,False,False,False,False,False,False,2022-12-02 19:50:36.485764+00:00,2022-12-02 19:50:36.485764+00:00
1598729997606436866,ukraine-de,True,True,False,False,False,False,False,False,False,False,2022-12-02 19:50:59.758689+00:00,2022-12-02 19:50:59.758689+00:00
1598729997656633344,ukraine-de,True,True,False,False,False,False,False,False,False,False,2022-12-02 19:50:59.758587+00:00,2022-12-02 19:50:59.758587+00:00
1598730007718891522,ukraine-de,True,True,False,False,False,False,False,False,False,False,2022-12-02 19:50:59.758484+00:00,2022-12-02 19:50:59.758484+00:00
1598730040857853952,ukraine-de,True,True,False,False,False,False,False,False,False,False,2022-12-02 19:50:59.758368+00:00,2022-12-02 19:50:59.758368+00:00
1598730066791469073,ukraine-de,True,True,False,False,False,False,False,False,False,False,2022-12-02 19:50:59.758199+00:00,2022-12-02 19:50:59.758199+00:00
1598730099683373057,ukraine-de,True,True,False,False,False,False,False,False,False,False,2022-12-02 19:50:59.758017+00:00,2022-12-02 19:50:59.758017+00:00
1598730100903530496,ukraine-de,True,True,False,False,False,False,False,False,False,False,2022-12-02 19:50:59.757738+00:00,2022-12-02 19:50:59.757738+00:00
1598730116972036097,ukraine-de,True,True,False,False,False,False,False,False,False,False,2022-12-02 19:50:59.757632+00:00,2022-12-02 19:50:59.757632+00:00
1598730153432973312,ukraine-de,True,True,False,False,False,False,False,False,False,False,2022-12-02 19:50:59.757398+00:00,2022-12-02 19:50:59.757398+00:00
1598730160915632128,ukraine-de,True,True,False,False,False,False,False,False,False,False,2022-12-02 19:50:59.757301+00:00,2022-12-02 19:50:59.757301+00:00
1598730194084401165,ukraine-de,True,False,False,False,False,False,False,False,False,False,2022-12-02 19:50:36.516342+00:00,2022-12-02 19:50:36.516342+00:00
1598730196059705345,ukraine-de,True,True,False,False,False,False,False,False,False,False,2022-12-02 19:50:59.757204+00:00,2022-12-02 19:50:59.757204+00:00
1598730209984905217,ukraine-de,True,True,False,False,False,False,False,False,False,False,2022-12-02 19:50:59.757107+00:00,2022-12-02 19:50:59.757107+00:00
1598730220739203084,ukraine-de,True,True,False,False,False,False,False,False,False,False,2022-12-02 19:50:59.757009+00:00,2022-12-02 19:50:59.757009+00:00
1598730235586879489,ukraine-de,True,True,False,False,False,False,False,False,False,False,2022-12-02 19:50:59.756911+00:00,2022-12-02 19:50:59.756911+00:00
1598730283888644108,ukraine-de,True,True,False,False,False,False,False,False,False,False,2022-12-02 19:50:59.756813+00:00,2022-12-02 19:50:59.756813+00:00
1598730292901969920,ukraine-de,True,True,False,False,False,False,False,False,False,False,2022-12-02 19:50:59.756714+00:00,2022-12-02 19:50:59.756714+00:00
1598730294072414222,ukraine-de,True,True,False,False,False,False,False,False,False,False,2022-12-02 19:50:59.756617+00:00,2022-12-02 19:50:59.756617+00:00
1598730307682717696,ukraine-de,True,True,False,False,False,False,False,False,False,False,2022-12-02 19:50:59.756501+00:00,2022-12-02 19:50:59.756501+00:00
1598730322992140309,ukraine-de,True,True,False,False,False,False,False,False,False,False,2022-12-02 19:50:59.756405+00:00,2022-12-02 19:50:59.756405+00:00
1598730353979506689,ukraine-de,True,True,False,False,False,False,False,False,False,False,2022-12-02 19:50:59.756308+00:00,2022-12-02 19:50:59.756308+00:00
1598730360648368130,ukraine-de,True,True,False,False,False,False,False,False,False,False,2022-12-02 19:50:59.756211+00:00,2022-12-02 19:50:59.756211+00:00
1598730386036518912,ukraine-de,True,True,False,False,False,False,False,False,False,False,2022-12-02 19:50:59.756113+00:00,2022-12-02 19:50:59.756113+00:00
1598730452814090240,ukraine-de,True,True,False,False,False,False,False,False,False,False,2022-12-02 19:50:59.756014+00:00,2022-12-02 19:50:59.756014+00:00
1598730455829839872,ukraine-de,True,True,False,False,False,False,False,False,False,False,2022-12-02 19:50:59.755916+00:00,2022-12-02 19:50:59.755916+00:00
1598730456299708419,ukraine-de,True,True,False,False,False,False,False,False,False,False,2022-12-02 19:50:59.755817+00:00,2022-12-02 19:50:59.755817+00:00
1598730477619118081,ukraine-de,True,True,False,False,False,False,False,False,False,False,2022-12-02 19:50:36.528126+00:00,2022-12-02 19:50:59.755701+00:00
1598730478454018062,ukraine-de,True,True,False,False,False,False,False,False,False,False,2022-12-02 19:50:59.755599+00:00,2022-12-02 19:50:59.755599+00:00
1598730479259320321,ukraine-de,True,True,False,False,False,False,False,False,False,False,2022-12-02 19:50:59.755498+00:00,2022-12-02 19:50:59.755498+00:00
1598730495973638144,ukraine-de,True,True,False,False,False,False,False,False,False,False,2022-12-02 19:50:59.755381+00:00,2022-12-02 19:50:59.755381+00:00
1598730502726451200,ukraine-de,True,True,False,False,False,False,False,False,False,False,2022-12-02 19:50:59.755267+00:00,2022-12-02 19:50:59.755267+00:00
1598730523920273415,ukraine-de,True,True,False,False,False,False,False,False,False,False,2022-12-02 19:50:59.755167+00:00,2022-12-02 19:50:59.755167+00:00
1598730534909349892,ukraine-de,True,False,False,False,False,False,False,False,False,False,2022-12-02 19:50:59.830306+00:00,2022-12-02 19:50:59.830306+00:00
1598730545344778252,ukraine-de,True,True,False,False,False,False,False,False,False,False,2022-12-02 19:50:59.755067+00:00,2022-12-02 19:50:59.755067+00:00
1598730549836877845,ukraine-de,True,True,False,False,False,False,False,False,False,False,2022-12-02 19:50:59.754960+00:00,2022-12-02 19:50:59.754960+00:00
1598730552777080834,ukraine-de,True,False,False,False,False,False,False,False,False,False,2022-12-02 19:50:59.830177+00:00,2022-12-02 19:50:59.830177+00:00
1598730571915546624,ukraine-de,True,True,False,False,False,False,False,False,False,False,2022-12-02 19:50:59.754858+00:00,2022-12-02 19:50:59.754858+00:00
1598730591150784512,ukraine-de,True,True,False,False,False,False,False,False,False,False,2022-12-02 19:50:59.754743+00:00,2022-12-02 19:50:59.754743+00:00
1598730599832993792,ukraine-de,True,True,False,False,False,False,False,False,False,False,2022-12-02 19:50:59.754644+00:00,2022-12-02 19:50:59.754644+00:00
1598730611727904768,ukraine-de,True,True,False,False,False,False,False,False,False,False,2022-12-02 19:50:59.754545+00:00,2022-12-02 19:50:59.754545+00:00
1598730616765222914,ukraine-de,True,True,False,False,False,False,False,False,False,False,2022-12-02 19:50:59.754444+00:00,2022-12-02 19:50:59.754444+00:00
1598730639712231427,ukraine-de,True,True,False,False,False,False,False,False,False,False,2022-12-02 19:50:59.754333+00:00,2022-12-02 19:50:59.754333+00:00
1598730639775191042,ukraine-de,True,True,False,False,False,False,False,False,False,False,2022-12-02 19:50:59.754130+00:00,2022-12-02 19:50:59.754130+00:00
1598730653104758786,ukraine-de,True,True,False,False,False,False,False,False,False,False,2022-12-02 19:50:59.754015+00:00,2022-12-02 19:50:59.754015+00:00
1598730661979791360,ukraine-de,True,True,False,False,False,False,False,False,False,False,2022-12-02 19:50:59.753910+00:00,2022-12-02 19:50:59.753910+00:00
1598730670116950016,ukraine-de,True,True,False,False,False,False,False,False,False,False,2022-12-02 19:50:59.753747+00:00,2022-12-02 19:50:59.753747+00:00
1598730682032799744,ukraine-de,True,False,False,False,False,False,False,False,False,False,2022-12-02 19:50:27.695681+00:00,2022-12-02 19:50:27.695681+00:00
1598730703763640324,ukraine-de,True,True,False,False,False,False,False,False,False,False,2022-12-02 19:50:59.753645+00:00,2022-12-02 19:50:59.753645+00:00
1598730709681700864,ukraine-de,True,True,False,False,False,False,False,False,False,False,2022-12-02 19:50:17.525379+00:00,2022-12-02 19:50:59.753519+00:00
1598730719584407552,ukraine-de,True,True,False,False,False,False,False,False,False,False,2022-12-02 19:50:59.753396+00:00,2022-12-02 19:50:59.753396+00:00
1598730733467701260,ukraine-de,True,True,False,False,False,False,False,False,False,False,2022-12-02 19:50:59.753297+00:00,2022-12-02 19:50:59.753297+00:00
1598730756091777041,ukraine-de,True,True,False,False,False,False,False,False,False,False,2022-12-02 19:50:59.753198+00:00,2022-12-02 19:50:59.753198+00:00
1598730757983174656,ukraine-de,True,True,False,False,False,False,False,False,False,False,2022-12-02 19:50:59.753097+00:00,2022-12-02 19:50:59.753097+00:00
1598730763293392901,ukraine-de,True,False,False,False,False,False,False,False,False,False,2022-12-02 19:50:59.812498+00:00,2022-12-02 19:50:59.812498+00:00
1598730782843047940,ukraine-de,True,True,False,False,False,False,False,False,False,False,2022-12-02 19:50:59.752986+00:00,2022-12-02 19:50:59.752986+00:00
1598730813717155840,ukraine-de,True,True,False,False,False,False,False,False,False,False,2022-12-02 19:50:59.752885+00:00,2022-12-02 19:50:59.752885+00:00
1598730818884702210,ukraine-de,True,True,False,False,False,False,False,False,False,False,2022-12-02 19:50:59.752786+00:00,2022-12-02 19:50:59.752786+00:00
1598730828506288129,ukraine-de,True,True,False,False,False,False,False,False,False,False,2022-12-02 19:50:59.752687+00:00,2022-12-02 19:50:59.752687+00:00
1598730865282093067,ukraine-de,True,True,False,False,False,False,False,False,False,False,2022-12-02 19:50:59.752587+00:00,2022-12-02 19:50:59.752587+00:00
1598730879357984768,ukraine-de,True,True,False,False,False,False,False,False,False,False,2022-12-02 19:50:59.752488+00:00,2022-12-02 19:50:59.752488+00:00
1598730884164616193,ukraine-de,True,True,False,False,False,False,False,False,False,False,2022-12-02 19:50:59.752389+00:00,2022-12-02 19:50:59.752389+00:00
1598730885179678722,ukraine-de,True,True,False,False,False,False,False,False,False,False,2022-12-02 19:50:59.752288+00:00,2022-12-02 19:50:59.752288+00:00
1598730885184065538,ukraine-de,True,True,False,False,False,False,False,False,False,False,2022-12-02 19:50:59.752187+00:00,2022-12-02 19:50:59.752187+00:00
1598730887520288773,ukraine-de,True,True,False,False,False,False,False,False,False,False,2022-12-02 19:50:59.752086+00:00,2022-12-02 19:50:59.752086+00:00
1598730889948794880,ukraine-de,True,True,False,False,False,False,False,False,False,False,2022-12-02 19:50:59.751983+00:00,2022-12-02 19:50:59.751983+00:00
1598730915261419522,ukraine-de,True,True,False,False,False,False,False,False,False,False,2022-12-02 19:50:59.751859+00:00,2022-12-02 19:50:59.751859+00:00
1598730919082430482,ukraine-de,True,True,False,False,False,False,False,False,False,False,2022-12-02 19:50:59.751723+00:00,2022-12-02 19:50:59.751723+00:00
1598730948103000064,ukraine-de,True,False,False,False,False,False,False,False,False,False,2022-12-02 19:50:27.671669+00:00,2022-12-02 19:50:27.671669+00:00
1598730971628843011,ukraine-de,True,True,False,False,False,False,False,False,False,False,2022-12-02 19:50:36.528028+00:00,2022-12-02 19:50:59.751625+00:00
1598730979719278592,ukraine-de,True,True,False,False,False,False,False,False,False,False,2022-12-02 19:50:59.751524+00:00,2022-12-02 19:50:59.751524+00:00
1598730981724196865,ukraine-de,True,True,False,False,False,False,False,False,False,False,2022-12-02 19:50:59.751419+00:00,2022-12-02 19:50:59.751419+00:00
1598730991329316877,ukraine-de,True,True,False,False,False,False,False,False,False,False,2022-12-02 19:50:59.751222+00:00,2022-12-02 19:50:59.751222+00:00
1598730996580380672,ukraine-de,True,False,False,False,False,False,False,False,False,False,2022-12-02 22:36:01.059482+00:00,2022-12-02 22:36:01.059482+00:00
1598731044173516802,ukraine-de,True,True,False,False,False,False,False,False,False,False,2022-12-02 19:50:59.751109+00:00,2022-12-02 19:50:59.751109+00:00
1598731078092705792,ukraine-de,True,True,False,False,False,False,False,False,False,False,2022-12-02 19:50:59.751009+00:00,2022-12-02 19:50:59.751009+00:00
1598731082974646272,ukraine-de,True,True,False,False,False,False,False,False,False,False,2022-12-02 19:50:59.750909+00:00,2022-12-02 19:50:59.750909+00:00
1598731086078521345,ukraine-de,True,True,False,False,False,False,False,False,False,False,2022-12-02 19:50:59.750800+00:00,2022-12-02 19:50:59.750800+00:00
1598731165162246146,ukraine-de,True,True,False,False,False,False,False,False,False,False,2022-12-02 19:50:59.750698+00:00,2022-12-02 19:50:59.750698+00:00
1598731167674634248,ukraine-de,True,True,False,False,False,False,False,False,False,False,2022-12-02 19:50:59.750599+00:00,2022-12-02 19:50:59.750599+00:00
1598731169155031040,ukraine-de,True,True,False,False,False,False,False,False,False,False,2022-12-02 19:50:59.750499+00:00,2022-12-02 19:50:59.750499+00:00
1598731178974089228,ukraine-de,True,True,False,False,False,False,False,False,False,False,2022-12-02 19:50:59.750398+00:00,2022-12-02 19:50:59.750398+00:00
1598731188998492161,ukraine-de,True,True,False,False,False,False,False,False,False,False,2022-12-02 19:50:59.750290+00:00,2022-12-02 19:50:59.750290+00:00
1598731199568035841,ukraine-de,True,True,False,False,False,False,False,False,False,False,2022-12-02 19:50:59.750119+00:00,2022-12-02 19:50:59.750119+00:00
1598731204085227520,ukraine-de,True,True,False,False,False,False,False,False,False,False,2022-12-02 19:50:59.750016+00:00,2022-12-02 19:50:59.750016+00:00
1598731209630052352,ukraine-de,True,True,False,False,False,False,False,False,False,False,2022-12-02 19:50:59.749901+00:00,2022-12-02 19:50:59.749901+00:00
1598731225358811136,ukraine-de,True,True,False,False,False,False,False,False,False,False,2022-12-02 19:50:59.749722+00:00,2022-12-02 19:50:59.749722+00:00
1598731240810479617,ukraine-de,True,True,False,False,False,False,False,False,False,False,2022-12-02 19:50:59.749612+00:00,2022-12-02 19:50:59.749612+00:00
1598731259102072858,ukraine-de,True,True,False,False,False,False,False,False,False,False,2022-12-02 19:50:59.749417+00:00,2022-12-02 19:50:59.749417+00:00
1598731263074078742,ukraine-de,True,True,False,False,False,False,False,False,False,False,2022-12-02 19:50:59.749319+00:00,2022-12-02 19:50:59.749319+00:00
1598731264248324097,ukraine-de,True,True,False,False,False,False,False,False,False,False,2022-12-02 19:50:59.749219+00:00,2022-12-02 19:50:59.749219+00:00
1598731266118909953,ukraine-de,True,True,False,False,False,False,False,False,False,False,2022-12-02 19:50:59.749119+00:00,2022-12-02 19:50:59.749119+00:00
1598731270376275969,ukraine-de,True,True,False,False,False,False,False,False,False,False,2022-12-02 19:50:59.749019+00:00,2022-12-02 19:50:59.749019+00:00
1598731331776565248,ukraine-de,True,True,False,False,False,False,False,False,False,False,2022-12-02 19:50:59.748918+00:00,2022-12-02 19:50:59.748918+00:00
1598731377284743170,ukraine-de,True,True,False,False,False,False,False,False,False,False,2022-12-02 19:50:59.748808+00:00,2022-12-02 19:50:59.748808+00:00
1598731379168219155,ukraine-de,True,True,False,False,False,False,False,False,False,False,2022-12-02 19:50:17.504451+00:00,2022-12-02 19:50:59.748708+00:00
1598731398839300097,ukraine-de,True,True,False,False,False,False,False,False,False,False,2022-12-02 19:50:59.748598+00:00,2022-12-02 19:50:59.748598+00:00
1598731409090383883,ukraine-de,True,True,False,False,False,False,False,False,False,False,2022-12-02 19:50:59.748496+00:00,2022-12-02 19:50:59.748496+00:00
1598731487376859136,ukraine-de,True,False,False,False,False,False,False,False,False,False,2022-12-02 22:36:01.066952+00:00,2022-12-02 22:36:01.066952+00:00
1598731487406428162,ukraine-de,True,True,False,False,False,False,False,False,False,False,2022-12-02 19:50:59.748393+00:00,2022-12-02 19:50:59.748393+00:00
1598731491885785088,ukraine-de,True,True,False,False,False,False,False,False,False,False,2022-12-02 19:50:59.748264+00:00,2022-12-02 19:50:59.748264+00:00
1598731540577619974,ukraine-de,True,True,False,False,False,False,False,False,False,False,2022-12-02 19:50:59.748087+00:00,2022-12-02 19:50:59.748087+00:00
1598731544708976640,ukraine-de,True,True,False,False,False,False,False,False,False,False,2022-12-02 19:50:17.521603+00:00,2022-12-02 19:50:59.747983+00:00
1598731560466886661,ukraine-de,True,True,False,False,False,False,False,False,False,False,2022-12-02 19:50:59.747855+00:00,2022-12-02 19:50:59.747855+00:00
1598731567844581377,ukraine-de,True,True,False,False,False,False,False,False,False,False,2022-12-02 19:50:59.747614+00:00,2022-12-02 19:50:59.747614+00:00
1598731580272513051,ukraine-de,True,True,False,False,False,False,False,False,False,False,2022-12-02 19:50:59.747514+00:00,2022-12-02 19:50:59.747514+00:00
1598731583724441601,ukraine-de,True,True,False,False,False,False,False,False,False,False,2022-12-02 19:50:59.747411+00:00,2022-12-02 19:50:59.747411+00:00
1598731635515498498,ukraine-de,True,True,False,False,False,False,False,False,False,False,2022-12-02 19:50:59.747305+00:00,2022-12-02 19:50:59.747305+00:00
1598731639764520963,ukraine-de,True,True,False,False,False,False,False,False,False,False,2022-12-02 19:50:59.747178+00:00,2022-12-02 19:50:59.747178+00:00
1598731657888120832,ukraine-de,True,True,False,False,False,False,False,False,False,False,2022-12-02 19:50:59.747060+00:00,2022-12-02 19:50:59.747060+00:00
1598731659616002049,ukraine-de,True,True,False,False,False,False,False,False,False,False,2022-12-02 19:50:59.746956+00:00,2022-12-02 19:50:59.746956+00:00
1598731711415783426,ukraine-de,True,True,False,False,False,False,False,False,False,False,2022-12-02 19:50:59.746848+00:00,2022-12-02 19:50:59.746848+00:00
1598731718546133018,ukraine-de,True,True,False,False,False,False,False,False,False,False,2022-12-02 19:50:59.746735+00:00,2022-12-02 19:50:59.746735+00:00
1598731758719176718,ukraine-de,True,True,False,False,False,False,False,False,False,False,2022-12-02 19:50:59.746591+00:00,2022-12-02 19:50:59.746591+00:00
1598731766784823304,ukraine-de,True,True,False,False,False,False,False,False,False,False,2022-12-02 19:50:59.745664+00:00,2022-12-02 19:50:59.745664+00:00
1598731830341111822,ukraine-de,True,True,False,False,False,False,False,False,False,False,2022-12-02 19:50:59.745536+00:00,2022-12-02 19:50:59.745536+00:00
1598731880412712984,ukraine-de,True,True,False,False,False,False,False,False,False,False,2022-12-02 19:50:59.745437+00:00,2022-12-02 19:50:59.745437+00:00
1598731894748639232,ukraine-de,True,True,False,False,False,False,False,False,False,False,2022-12-02 19:50:59.745340+00:00,2022-12-02 19:50:59.745340+00:00
1598731913547522048,ukraine-de,True,True,False,False,False,False,False,False,False,False,2022-12-02 19:50:59.745241+00:00,2022-12-02 19:50:59.745241+00:00
1598731925706854402,ukraine-de,True,True,False,False,False,False,False,False,False,False,2022-12-02 19:50:59.745142+00:00,2022-12-02 19:50:59.745142+00:00
1598731946472808448,ukraine-de,True,True,False,False,False,False,False,False,False,False,2022-12-02 19:50:59.745042+00:00,2022-12-02 19:50:59.745042+00:00
1598731973270200321,ukraine-de,True,True,False,False,False,False,False,False,False,False,2022-12-02 19:50:59.744941+00:00,2022-12-02 19:50:59.744941+00:00
1598732005231177728,ukraine-de,True,True,False,False,False,False,False,False,False,False,2022-12-02 19:50:59.744826+00:00,2022-12-02 19:50:59.744826+00:00
1598732023723528192,ukraine-de,True,True,False,False,False,False,False,False,False,False,2022-12-02 19:50:59.744716+00:00,2022-12-02 19:50:59.744716+00:00
1598732035107033103,ukraine-de,True,False,False,False,False,False,False,False,False,False,2022-12-02 22:35:17.210051+00:00,2022-12-02 22:35:17.210051+00:00
1598732061678145537,ukraine-de,True,True,False,False,False,False,False,False,False,False,2022-12-02 19:50:59.744618+00:00,2022-12-02 19:50:59.744618+00:00
1598732068342538240,ukraine-de,True,True,False,False,False,False,False,False,False,False,2022-12-02 19:50:59.744517+00:00,2022-12-02 19:50:59.744517+00:00
1598732071823937538,ukraine-de,True,True,False,False,False,False,False,False,False,False,2022-12-02 19:50:59.744416+00:00,2022-12-02 19:50:59.744416+00:00
1598732072104841217,ukraine-de,True,True,False,False,False,False,False,False,False,False,2022-12-02 19:50:59.744316+00:00,2022-12-02 19:50:59.744316+00:00
1598732075535929351,ukraine-de,True,True,False,False,False,False,False,False,False,False,2022-12-02 19:50:59.744215+00:00,2022-12-02 19:50:59.744215+00:00
1598732076580151296,ukraine-de,True,True,False,False,False,False,False,False,False,False,2022-12-02 19:50:59.744092+00:00,2022-12-02 19:50:59.744092+00:00
1598732099946545152,ukraine-de,True,True,False,False,False,False,False,False,False,False,2022-12-02 19:50:59.743993+00:00,2022-12-02 19:50:59.743993+00:00
1598732112647131142,ukraine-de,True,True,False,False,False,False,False,False,False,False,2022-12-02 19:50:59.743892+00:00,2022-12-02 19:50:59.743892+00:00
1598732155827490822,ukraine-de,True,False,False,False,False,False,False,False,False,False,2022-12-02 19:50:36.490095+00:00,2022-12-02 19:50:36.490095+00:00
1598732174198382594,ukraine-de,True,True,False,False,False,False,False,False,False,False,2022-12-02 19:50:59.743792+00:00,2022-12-02 19:50:59.743792+00:00
1598732216670076928,ukraine-de,True,True,False,False,False,False,False,False,False,False,2022-12-02 19:50:59.743693+00:00,2022-12-02 19:50:59.743693+00:00
1598732222504218624,ukraine-de,True,True,False,False,False,False,False,False,False,False,2022-12-02 19:50:59.743591+00:00,2022-12-02 19:50:59.743591+00:00
1598732238547726336,ukraine-de,True,True,False,False,False,False,False,False,False,False,2022-12-02 19:50:59.743479+00:00,2022-12-02 19:50:59.743479+00:00
1598732239260585986,ukraine-de,True,True,False,False,False,False,False,False,False,False,2022-12-02 19:50:59.743343+00:00,2022-12-02 19:50:59.743343+00:00
1598732251466022912,ukraine-de,True,True,False,False,False,False,False,False,False,False,2022-12-02 19:50:27.669803+00:00,2022-12-02 19:50:59.743095+00:00
1598732270285848577,ukraine-de,True,True,False,False,False,False,False,False,False,False,2022-12-02 19:50:59.742978+00:00,2022-12-02 19:50:59.742978+00:00
1598732271397343248,ukraine-de,True,True,False,False,False,False,False,False,False,False,2022-12-02 19:50:59.742718+00:00,2022-12-02 19:50:59.742718+00:00
1598732272294924307,ukraine-de,True,True,False,False,False,False,False,False,False,False,2022-12-02 19:50:59.742551+00:00,2022-12-02 19:50:59.742551+00:00
1598732276715720708,ukraine-de,True,True,False,False,False,False,False,False,False,False,2022-12-02 19:50:59.742205+00:00,2022-12-02 19:50:59.742205+00:00
1598732287859953664,ukraine-de,True,True,False,False,False,False,False,False,False,False,2022-12-02 19:50:59.742103+00:00,2022-12-02 19:50:59.742103+00:00
1598732293484548133,ukraine-de,True,True,False,False,False,False,False,False,False,False,2022-12-02 19:50:59.741998+00:00,2022-12-02 19:50:59.741998+00:00
1598732298945544192,ukraine-de,True,True,False,False,False,False,False,False,False,False,2022-12-02 19:50:59.741878+00:00,2022-12-02 19:50:59.741878+00:00
1598732306763714560,ukraine-de,True,False,False,False,False,False,False,False,False,False,2022-12-02 19:50:59.819467+00:00,2022-12-02 19:50:59.819467+00:00
1598732306809659393,ukraine-de,True,True,False,False,False,False,False,False,False,False,2022-12-02 19:50:59.741680+00:00,2022-12-02 19:50:59.741680+00:00
1598732331644325897,ukraine-de,True,True,False,False,False,False,False,False,False,False,2022-12-02 19:50:59.741366+00:00,2022-12-02 19:50:59.741366+00:00
1598732345141596169,ukraine-de,True,True,False,False,False,False,False,False,False,False,2022-12-02 19:50:59.741263+00:00,2022-12-02 19:50:59.741263+00:00
1598732386912669697,ukraine-de,True,True,False,False,False,False,False,False,False,False,2022-12-02 19:50:59.741137+00:00,2022-12-02 19:50:59.741137+00:00
1598732407045181441,ukraine-de,True,True,False,False,False,False,False,False,False,False,2022-12-02 19:50:59.741021+00:00,2022-12-02 19:50:59.741021+00:00
1598732412397174784,ukraine-de,True,True,False,False,False,False,False,False,False,False,2022-12-02 19:50:59.740642+00:00,2022-12-02 19:50:59.740642+00:00
1598732425143750668,ukraine-de,True,True,False,False,False,False,False,False,False,False,2022-12-02 19:50:59.740538+00:00,2022-12-02 19:50:59.740538+00:00
1598732482886569984,ukraine-de,True,True,False,False,False,False,False,False,False,False,2022-12-02 19:50:59.740432+00:00,2022-12-02 19:50:59.740432+00:00
1598732484107276310,ukraine-de,True,True,False,False,False,False,False,False,False,False,2022-12-02 19:50:59.740280+00:00,2022-12-02 19:50:59.740280+00:00
1598732498959101958,ukraine-de,True,True,False,False,False,False,False,False,False,False,2022-12-02 19:50:59.740095+00:00,2022-12-02 19:50:59.740095+00:00
1598732508471754757,ukraine-de,True,False,False,False,False,False,False,False,False,False,2022-12-02 19:50:36.486181+00:00,2022-12-02 19:50:36.486181+00:00
1598732524330651671,ukraine-de,True,True,False,False,False,False,False,False,False,False,2022-12-02 19:50:59.739161+00:00,2022-12-02 19:50:59.739161+00:00
1598732535089045504,ukraine-de,True,True,False,False,False,False,False,False,False,False,2022-12-02 19:50:59.739061+00:00,2022-12-02 19:50:59.739061+00:00
1598732543230181381,ukraine-de,True,True,False,False,False,False,False,False,False,False,2022-12-02 19:50:59.738959+00:00,2022-12-02 19:50:59.738959+00:00
1598732550662684673,ukraine-de,True,True,False,False,False,False,False,False,False,False,2022-12-02 19:50:59.738858+00:00,2022-12-02 19:50:59.738858+00:00
1598732594941755393,ukraine-de,True,False,False,False,False,False,False,False,False,False,2022-12-02 19:50:17.509006+00:00,2022-12-02 19:50:17.509006+00:00
1598732599517741056,ukraine-de,True,True,False,False,False,False,False,False,False,False,2022-12-02 19:50:59.738754+00:00,2022-12-02 19:50:59.738754+00:00
1598732610364112896,ukraine-de,True,True,False,False,False,False,False,False,False,False,2022-12-02 19:50:59.738651+00:00,2022-12-02 19:50:59.738651+00:00
1598732614390542338,ukraine-de,True,True,False,False,False,False,False,False,False,False,2022-12-02 19:50:59.738548+00:00,2022-12-02 19:50:59.738548+00:00
1598732622099791872,ukraine-de,True,True,False,False,False,False,False,False,False,False,2022-12-02 19:50:59.738442+00:00,2022-12-02 19:50:59.738442+00:00
1598732634531762177,ukraine-de,True,False,False,False,False,False,False,False,False,False,2022-12-03 11:05:26.626559+00:00,2022-12-03 11:05:26.626559+00:00
1598732642244907008,ukraine-de,True,False,False,False,False,False,False,False,False,False,2022-12-02 19:50:36.510018+00:00,2022-12-02 19:50:36.510018+00:00
1598732643532775424,ukraine-de,True,True,False,False,False,False,False,False,False,False,2022-12-02 19:50:59.738311+00:00,2022-12-02 19:50:59.738311+00:00
1598732661769371649,ukraine-de,True,True,False,False,False,False,False,False,False,False,2022-12-02 19:50:59.738198+00:00,2022-12-02 19:50:59.738198+00:00
1598732663178731520,ukraine-de,True,True,False,False,False,False,False,False,False,False,2022-12-02 19:50:59.738093+00:00,2022-12-02 19:50:59.738093+00:00
1598732686457069571,ukraine-de,True,True,False,False,False,False,False,False,False,False,2022-12-02 19:50:59.737987+00:00,2022-12-02 19:50:59.737987+00:00
1598732692358455296,ukraine-de,True,True,False,False,False,False,False,False,False,False,2022-12-02 19:50:59.737877+00:00,2022-12-02 19:50:59.737877+00:00
1598732696015904768,ukraine-de,True,True,False,False,False,False,False,False,False,False,2022-12-02 19:50:59.737748+00:00,2022-12-02 19:50:59.737748+00:00
1598732718975889408,ukraine-de,True,True,False,False,False,False,False,False,False,False,2022-12-02 19:50:59.735235+00:00,2022-12-02 19:50:59.735235+00:00
1598732748037971968,ukraine-de,True,False,False,False,False,False,False,False,False,False,2022-12-02 19:50:59.812193+00:00,2022-12-02 19:50:59.812193+00:00
1598732829830959106,ukraine-de,True,True,False,False,False,False,False,False,False,False,2022-12-02 19:50:59.735134+00:00,2022-12-02 19:50:59.735134+00:00
1598732874529869829,ukraine-de,True,True,False,False,False,False,False,False,False,False,2022-12-02 19:50:59.735035+00:00,2022-12-02 19:50:59.735035+00:00
1598732881785892865,ukraine-de,True,False,False,False,False,False,False,False,False,False,2022-12-02 19:50:36.486278+00:00,2022-12-02 19:50:36.486278+00:00
1598732910529458176,ukraine-de,True,True,False,False,False,False,False,False,False,False,2022-12-02 19:50:59.734932+00:00,2022-12-02 19:50:59.734932+00:00
1598732923208802305,ukraine-de,True,True,False,False,False,False,False,False,False,False,2022-12-02 19:50:59.734813+00:00,2022-12-02 19:50:59.734813+00:00
1598732926857904128,ukraine-de,True,True,False,False,False,False,False,False,False,False,2022-12-02 19:50:59.734711+00:00,2022-12-02 19:50:59.734711+00:00
1598732941047132160,ukraine-de,True,True,False,False,False,False,False,False,False,False,2022-12-02 19:50:59.734607+00:00,2022-12-02 19:50:59.734607+00:00
1598732945711403017,ukraine-de,True,True,False,False,False,False,False,False,False,False,2022-12-02 19:50:59.734503+00:00,2022-12-02 19:50:59.734503+00:00
1598732969035923456,ukraine-de,True,True,False,False,False,False,False,False,False,False,2022-12-02 19:50:59.734384+00:00,2022-12-02 19:50:59.734384+00:00
1598732975885230080,ukraine-de,True,True,False,False,False,False,False,False,False,False,2022-12-02 19:50:59.734262+00:00,2022-12-02 19:50:59.734262+00:00
1598732994516340736,ukraine-de,True,False,False,False,False,False,False,False,False,False,2022-12-02 19:50:59.811616+00:00,2022-12-02 19:50:59.811616+00:00
1598732995980136471,ukraine-de,True,True,False,False,False,False,False,False,False,False,2022-12-02 19:50:59.733990+00:00,2022-12-02 19:50:59.733990+00:00
1598732999864254464,ukraine-de,True,True,False,False,False,False,False,False,False,False,2022-12-02 19:50:36.508139+00:00,2022-12-02 19:50:59.733883+00:00
1598733010215440384,ukraine-de,True,True,False,False,False,False,False,False,False,False,2022-12-02 19:50:59.733747+00:00,2022-12-02 19:50:59.733747+00:00
1598733014338453505,ukraine-de,True,True,False,False,False,False,False,False,False,False,2022-12-02 19:50:59.733581+00:00,2022-12-02 19:50:59.733581+00:00
1598733014648983566,ukraine-de,True,True,False,False,False,False,False,False,False,False,2022-12-02 19:50:59.733393+00:00,2022-12-02 19:50:59.733393+00:00
1598733018364944390,ukraine-de,True,True,False,False,False,False,False,False,False,False,2022-12-02 19:50:59.731237+00:00,2022-12-02 19:50:59.731237+00:00
1598733050900201472,ukraine-de,True,True,False,False,False,False,False,False,False,False,2022-12-02 19:50:59.731138+00:00,2022-12-02 19:50:59.731138+00:00
1598733083909423105,ukraine-de,True,True,False,False,False,False,False,False,False,False,2022-12-02 19:50:59.731021+00:00,2022-12-02 19:50:59.731021+00:00
1598733086774235154,ukraine-de,True,True,False,False,False,False,False,False,False,False,2022-12-02 19:50:59.730897+00:00,2022-12-02 19:50:59.730897+00:00
1598733143120437248,ukraine-de,True,True,False,False,False,False,False,False,False,False,2022-12-02 19:50:59.730797+00:00,2022-12-02 19:50:59.730797+00:00
1598733155627896832,ukraine-de,True,True,False,False,False,False,False,False,False,False,2022-12-02 19:50:59.730697+00:00,2022-12-02 19:50:59.730697+00:00
1598733156122779648,ukraine-de,True,True,False,False,False,False,False,False,False,False,2022-12-02 19:50:59.730582+00:00,2022-12-02 19:50:59.730582+00:00
1598733172723679232,ukraine-de,True,True,False,False,False,False,False,False,False,False,2022-12-02 19:50:59.730464+00:00,2022-12-02 19:50:59.730464+00:00
1598733191681961985,ukraine-de,True,True,False,False,False,False,False,False,False,False,2022-12-02 19:50:59.730361+00:00,2022-12-02 19:50:59.730361+00:00
1598733220610281482,ukraine-de,True,True,False,False,False,False,False,False,False,False,2022-12-02 19:50:59.730256+00:00,2022-12-02 19:50:59.730256+00:00
1598733234011082762,ukraine-de,True,True,False,False,False,False,False,False,False,False,2022-12-02 19:50:59.730140+00:00,2022-12-02 19:50:59.730140+00:00
1598733255628525574,ukraine-de,True,True,False,False,False,False,False,False,False,False,2022-12-02 19:50:59.730022+00:00,2022-12-02 19:50:59.730022+00:00
1598733272774840350,ukraine-de,True,True,False,False,False,False,False,False,False,False,2022-12-02 19:50:59.729909+00:00,2022-12-02 19:50:59.729909+00:00
1598733280097992707,ukraine-de,True,True,False,False,False,False,False,False,False,False,2022-12-02 19:50:59.729760+00:00,2022-12-02 19:50:59.729760+00:00
1598733355562012689,ukraine-de,True,True,False,False,False,False,False,False,False,False,2022-12-02 19:50:59.728234+00:00,2022-12-02 19:50:59.728234+00:00
1598733356874829830,ukraine-de,True,True,False,False,False,False,False,False,False,False,2022-12-02 19:50:59.728132+00:00,2022-12-02 19:50:59.728132+00:00
1598733357201985553,ukraine-de,True,True,False,False,False,False,False,False,False,False,2022-12-02 19:50:59.728023+00:00,2022-12-02 19:50:59.728023+00:00
1598733393939894276,ukraine-de,True,True,False,False,False,False,False,False,False,False,2022-12-02 19:50:59.727922+00:00,2022-12-02 19:50:59.727922+00:00
1598733396993347585,ukraine-de,True,False,False,False,False,False,False,False,False,False,2022-12-02 19:50:27.670012+00:00,2022-12-02 19:50:27.670012+00:00
1598733419201978369,ukraine-de,True,True,False,False,False,False,False,False,False,False,2022-12-02 19:50:27.691019+00:00,2022-12-02 19:50:59.727818+00:00
1598733424474607616,ukraine-de,True,True,False,False,False,False,False,False,False,False,2022-12-02 19:50:59.727692+00:00,2022-12-02 19:50:59.727692+00:00
1598733424512024577,ukraine-de,True,True,False,False,False,False,False,False,False,False,2022-12-02 19:50:59.727591+00:00,2022-12-02 19:50:59.727591+00:00
1598733454669008896,ukraine-de,True,True,False,False,False,False,False,False,False,False,2022-12-02 19:50:59.727490+00:00,2022-12-02 19:50:59.727490+00:00
1598733485740625928,ukraine-de,True,True,False,False,False,False,False,False,False,False,2022-12-02 19:50:59.727386+00:00,2022-12-02 19:50:59.727386+00:00
1598733514270453760,ukraine-de,True,True,False,False,False,False,False,False,False,False,2022-12-02 19:50:59.727225+00:00,2022-12-02 19:50:59.727225+00:00
1598733527385837568,ukraine-de,True,True,False,False,False,False,False,False,False,False,2022-12-02 19:50:59.727105+00:00,2022-12-02 19:50:59.727105+00:00
1598733538400112643,ukraine-de,True,True,False,False,False,False,False,False,False,False,2022-12-02 19:50:59.727005+00:00,2022-12-02 19:50:59.727005+00:00
1598733546880995336,ukraine-de,True,False,False,False,False,False,False,False,False,False,2022-12-02 19:50:27.691818+00:00,2022-12-02 19:50:27.691818+00:00
1598733594574192641,ukraine-de,True,True,False,False,False,False,False,False,False,False,2022-12-02 19:50:59.726903+00:00,2022-12-02 19:50:59.726903+00:00
1598733599586635779,ukraine-de,True,True,False,False,False,False,False,False,False,False,2022-12-02 19:50:59.726800+00:00,2022-12-02 19:50:59.726800+00:00
1598733612408446976,ukraine-de,True,True,False,False,False,False,False,False,False,False,2022-12-02 19:50:59.726696+00:00,2022-12-02 19:50:59.726696+00:00
1598733623498260481,ukraine-de,True,False,False,False,False,False,False,False,False,False,2022-12-03 08:10:53.459514+00:00,2022-12-03 08:10:53.459514+00:00
1598733634785005568,ukraine-de,True,True,False,False,False,False,False,False,False,False,2022-12-02 19:50:59.726594+00:00,2022-12-02 19:50:59.726594+00:00
1598733684642787328,ukraine-de,True,True,False,False,False,False,False,False,False,False,2022-12-02 19:50:59.726495+00:00,2022-12-02 19:50:59.726495+00:00
1598733720130723840,ukraine-de,True,True,False,False,False,False,False,False,False,False,2022-12-02 19:50:59.726392+00:00,2022-12-02 19:50:59.726392+00:00
1598733743941980162,ukraine-de,True,False,False,False,False,False,False,False,False,False,2022-12-02 19:50:36.509411+00:00,2022-12-02 19:50:36.509411+00:00
1598733766322552833,ukraine-de,True,True,False,False,False,False,False,False,False,False,2022-12-02 19:50:59.726289+00:00,2022-12-02 19:50:59.726289+00:00
1598733784844681216,ukraine-de,True,True,False,False,False,False,False,False,False,False,2022-12-02 19:50:59.726177+00:00,2022-12-02 19:50:59.726177+00:00
1598733834823966720,ukraine-de,True,False,False,False,False,False,False,False,False,False,2022-12-02 19:50:36.504522+00:00,2022-12-02 19:50:36.504522+00:00
1598733844441698320,ukraine-de,True,True,False,False,False,False,False,False,False,False,2022-12-02 19:50:59.726071+00:00,2022-12-02 19:50:59.726071+00:00
1598733845377028096,ukraine-de,True,True,False,False,False,False,False,False,False,False,2022-12-02 19:50:59.725962+00:00,2022-12-02 19:50:59.725962+00:00
1598733883620532224,ukraine-de,True,True,False,False,False,False,False,False,False,False,2022-12-02 19:50:59.725848+00:00,2022-12-02 19:50:59.725848+00:00
1598733893930291220,ukraine-de,True,True,False,False,False,False,False,False,False,False,2022-12-02 19:50:59.725671+00:00,2022-12-02 19:50:59.725671+00:00
1598733905112113153,ukraine-de,True,False,False,False,False,False,False,False,False,False,2022-12-02 19:50:17.509756+00:00,2022-12-02 19:50:17.509756+00:00
1598733913471389696,ukraine-de,True,True,False,False,False,False,False,False,False,False,2022-12-02 19:50:59.721417+00:00,2022-12-02 19:50:59.721417+00:00
1598733948019843072,ukraine-de,True,True,False,False,False,False,False,False,False,False,2022-12-02 19:50:59.721317+00:00,2022-12-02 19:50:59.721317+00:00
1598733954202234880,ukraine-de,True,True,False,False,False,False,False,False,False,False,2022-12-02 19:50:59.721218+00:00,2022-12-02 19:50:59.721218+00:00
1598733963022974976,ukraine-de,True,True,False,False,False,False,False,False,False,False,2022-12-02 19:50:59.721104+00:00,2022-12-02 19:50:59.721104+00:00
1598733981398306820,ukraine-de,True,True,False,False,False,False,False,False,False,False,2022-12-02 19:50:59.721003+00:00,2022-12-02 19:50:59.721003+00:00
1598733988734148609,ukraine-de,True,True,False,False,False,False,False,False,False,False,2022-12-02 19:50:59.720904+00:00,2022-12-02 19:50:59.720904+00:00
1598733989174353920,ukraine-de,True,True,False,False,False,False,False,False,False,False,2022-12-02 19:50:59.720805+00:00,2022-12-02 19:50:59.720805+00:00
1598733992664113153,ukraine-de,True,True,False,False,False,False,False,False,False,False,2022-12-02 19:50:59.720705+00:00,2022-12-02 19:50:59.720705+00:00
1598734008988315651,ukraine-de,True,True,False,False,False,False,False,False,False,False,2022-12-02 19:50:59.720599+00:00,2022-12-02 19:50:59.720599+00:00
1598734011253268480,ukraine-de,True,False,False,False,False,False,False,False,False,False,2022-12-02 22:35:45.771692+00:00,2022-12-02 22:35:45.771692+00:00
1598734030265929729,ukraine-de,True,True,False,False,False,False,False,False,False,False,2022-12-02 19:50:59.720501+00:00,2022-12-02 19:50:59.720501+00:00
1598734033738924033,ukraine-de,True,True,False,False,False,False,False,False,False,False,2022-12-02 19:50:59.720402+00:00,2022-12-02 19:50:59.720402+00:00
1598734033751609370,ukraine-de,True,True,False,False,False,False,False,False,False,False,2022-12-02 19:50:59.720303+00:00,2022-12-02 19:50:59.720303+00:00
1598734045797650454,ukraine-de,True,True,False,False,False,False,False,False,False,False,2022-12-02 19:50:36.499789+00:00,2022-12-02 19:50:59.720204+00:00
1598734070778941440,ukraine-de,True,True,False,False,False,False,False,False,False,False,2022-12-02 19:50:59.720104+00:00,2022-12-02 19:50:59.720104+00:00
1598734087032033280,ukraine-de,True,True,False,False,False,False,False,False,False,False,2022-12-02 19:50:59.720000+00:00,2022-12-02 19:50:59.720000+00:00
1598734186604630018,ukraine-de,True,True,False,False,False,False,False,False,False,False,2022-12-02 19:50:59.719881+00:00,2022-12-02 19:50:59.719881+00:00
1598734196155060226,ukraine-de,True,True,False,False,False,False,False,False,False,False,2022-12-02 19:50:59.719773+00:00,2022-12-02 19:50:59.719773+00:00
1598734204790898688,ukraine-de,True,True,False,False,False,False,False,False,False,False,2022-12-02 19:50:59.719672+00:00,2022-12-02 19:50:59.719672+00:00
1598734210336002059,ukraine-de,True,True,False,False,False,False,False,False,False,False,2022-12-02 19:50:59.719572+00:00,2022-12-02 19:50:59.719572+00:00
1598734229768212504,ukraine-de,True,True,False,False,False,False,False,False,False,False,2022-12-02 19:50:59.719470+00:00,2022-12-02 19:50:59.719470+00:00
1598734241558401030,ukraine-de,True,True,False,False,False,False,False,False,False,False,2022-12-02 19:50:59.719359+00:00,2022-12-02 19:50:59.719359+00:00
1598734253675532293,ukraine-de,True,True,False,False,False,False,False,False,False,False,2022-12-02 19:50:59.719177+00:00,2022-12-02 19:50:59.719177+00:00
1598734255198277643,ukraine-de,True,True,False,False,False,False,False,False,False,False,2022-12-02 19:50:59.719074+00:00,2022-12-02 19:50:59.719074+00:00
1598734318830063628,ukraine-de,True,True,False,False,False,False,False,False,False,False,2022-12-02 19:50:59.718957+00:00,2022-12-02 19:50:59.718957+00:00
1598734323007488001,ukraine-de,True,True,False,False,False,False,False,False,False,False,2022-12-02 19:50:59.718856+00:00,2022-12-02 19:50:59.718856+00:00
1598734362836885504,ukraine-de,True,True,False,False,False,False,False,False,False,False,2022-12-02 19:50:59.718755+00:00,2022-12-02 19:50:59.718755+00:00
1598734370403225632,ukraine-de,True,True,False,False,False,False,False,False,False,False,2022-12-02 19:50:59.718654+00:00,2022-12-02 19:50:59.718654+00:00
1598734386140131328,ukraine-de,True,False,False,False,False,False,False,False,False,False,2022-12-02 22:35:54.186582+00:00,2022-12-02 22:35:54.186582+00:00
1598734396143669257,ukraine-de,True,False,False,False,False,False,False,False,False,False,2022-12-02 19:50:36.529509+00:00,2022-12-02 19:50:36.529509+00:00
1598734398265778177,ukraine-de,True,True,False,False,False,False,False,False,False,False,2022-12-02 19:50:59.718551+00:00,2022-12-02 19:50:59.718551+00:00
1598734415290667021,ukraine-de,True,True,False,False,False,False,False,False,False,False,2022-12-02 19:50:17.500805+00:00,2022-12-02 19:50:59.718448+00:00
1598734419090722817,ukraine-de,True,True,False,False,False,False,False,False,False,False,2022-12-02 19:50:59.718336+00:00,2022-12-02 19:50:59.718336+00:00
1598734426154098691,ukraine-de,True,True,False,False,False,False,False,False,False,False,2022-12-02 19:50:59.718222+00:00,2022-12-02 19:50:59.718222+00:00
1598734441727217664,ukraine-de,True,False,False,False,False,False,False,False,False,False,2022-12-02 19:50:36.507458+00:00,2022-12-02 19:50:36.507458+00:00
1598734475126484993,ukraine-de,True,True,False,False,False,False,False,False,False,False,2022-12-02 19:50:59.718090+00:00,2022-12-02 19:50:59.718090+00:00
1598734480646311957,ukraine-de,True,True,False,False,False,False,False,False,False,False,2022-12-02 19:50:59.717981+00:00,2022-12-02 19:50:59.717981+00:00
1598734488573313024,ukraine-de,True,True,False,False,False,False,False,False,False,False,2022-12-02 19:50:59.717855+00:00,2022-12-02 19:50:59.717855+00:00
1598734502544539648,ukraine-de,True,True,False,False,False,False,False,False,False,False,2022-12-02 19:50:59.717699+00:00,2022-12-02 19:50:59.717699+00:00
1598734504255889408,ukraine-de,True,True,False,False,False,False,False,False,False,False,2022-12-02 19:50:59.715182+00:00,2022-12-02 19:50:59.715182+00:00
1598734504910151681,ukraine-de,True,True,False,False,False,False,False,False,False,False,2022-12-02 19:50:59.715077+00:00,2022-12-02 19:50:59.715077+00:00
1598734513957351424,ukraine-de,True,True,False,False,False,False,False,False,False,False,2022-12-02 19:50:59.714967+00:00,2022-12-02 19:50:59.714967+00:00
1598734517920940033,ukraine-de,True,False,False,False,False,False,False,False,False,False,2022-12-03 05:35:06.060638+00:00,2022-12-03 05:35:06.060638+00:00
1598734528750637056,ukraine-de,True,True,False,False,False,False,False,False,False,False,2022-12-02 19:50:59.714848+00:00,2022-12-02 19:50:59.714848+00:00
1598734529266561024,ukraine-de,True,True,False,False,False,False,False,False,False,False,2022-12-02 19:50:59.714658+00:00,2022-12-02 19:50:59.714658+00:00
1598734544080965644,ukraine-de,True,False,False,False,False,False,False,False,False,False,2022-12-02 19:50:59.801621+00:00,2022-12-02 19:50:59.801621+00:00
1598734545116925952,ukraine-de,True,True,False,False,False,False,False,False,False,False,2022-12-02 19:50:59.713427+00:00,2022-12-02 19:50:59.713427+00:00
1598734561365483521,ukraine-de,True,True,False,False,False,False,False,False,False,False,2022-12-02 19:50:59.713321+00:00,2022-12-02 19:50:59.713321+00:00
1598734565002154001,ukraine-de,True,True,False,False,False,False,False,False,False,False,2022-12-02 19:50:27.691606+00:00,2022-12-02 19:50:59.713210+00:00
1598734568391151637,ukraine-de,True,True,False,False,False,False,False,False,False,False,2022-12-02 19:50:59.713075+00:00,2022-12-02 19:50:59.713075+00:00
1598734611810582530,ukraine-de,True,True,False,False,False,False,False,False,False,False,2022-12-02 19:50:59.712872+00:00,2022-12-02 19:50:59.712872+00:00
1598734624309796864,ukraine-de,True,True,False,False,False,False,False,False,False,False,2022-12-02 19:50:59.710788+00:00,2022-12-02 19:50:59.710788+00:00
1598734625874087952,ukraine-de,True,True,False,False,False,False,False,False,False,False,2022-12-02 19:50:59.710670+00:00,2022-12-02 19:50:59.710670+00:00
1598734641246019585,ukraine-de,True,False,False,False,False,False,False,False,False,False,2022-12-02 19:50:59.801945+00:00,2022-12-02 19:50:59.801945+00:00
1598734655154524162,ukraine-de,True,True,False,False,False,False,False,False,False,False,2022-12-02 19:50:59.710569+00:00,2022-12-02 19:50:59.710569+00:00
1598734657100521473,ukraine-de,True,True,False,False,False,False,False,False,False,False,2022-12-02 19:50:59.710467+00:00,2022-12-02 19:50:59.710467+00:00
1598734658551910413,ukraine-de,True,True,False,False,False,False,False,False,False,False,2022-12-02 19:50:59.710362+00:00,2022-12-02 19:50:59.710362+00:00
1598734710016016386,ukraine-de,True,True,False,False,False,False,False,False,False,False,2022-12-02 19:50:36.490737+00:00,2022-12-02 19:50:59.710222+00:00
1598734727418187816,ukraine-de,True,True,False,False,False,False,False,False,False,False,2022-12-02 19:50:59.710083+00:00,2022-12-02 19:50:59.710083+00:00
1598734773589086230,ukraine-de,True,False,False,False,False,False,False,False,False,False,2022-12-02 19:50:59.801387+00:00,2022-12-02 19:50:59.801387+00:00
1598734778777440268,ukraine-de,True,True,False,False,False,False,False,False,False,False,2022-12-02 19:50:59.709974+00:00,2022-12-02 19:50:59.709974+00:00
1598734798863962119,ukraine-de,True,True,False,False,False,False,False,False,False,False,2022-12-02 19:50:59.709857+00:00,2022-12-02 19:50:59.709857+00:00
1598734799883177999,ukraine-de,True,True,False,False,False,False,False,False,False,False,2022-12-02 19:50:59.709637+00:00,2022-12-02 19:50:59.709637+00:00
1598734799958675493,ukraine-de,True,True,False,False,False,False,False,False,False,False,2022-12-02 19:50:59.705404+00:00,2022-12-02 19:50:59.705404+00:00
1598734848432214016,ukraine-de,True,True,False,False,False,False,False,False,False,False,2022-12-02 19:50:59.705304+00:00,2022-12-02 19:50:59.705304+00:00
1598734891021209611,ukraine-de,True,True,False,False,False,False,False,False,False,False,2022-12-02 19:50:36.486700+00:00,2022-12-02 19:50:59.705204+00:00
1598734892392714246,ukraine-de,True,True,False,False,False,False,False,False,False,False,2022-12-02 19:50:59.705086+00:00,2022-12-02 19:50:59.705086+00:00
1598734894128979969,ukraine-de,True,True,False,False,False,False,False,False,False,False,2022-12-02 19:50:59.704968+00:00,2022-12-02 19:50:59.704968+00:00
1598734917281746964,ukraine-de,True,False,False,False,False,False,False,False,False,False,2022-12-02 19:50:59.801282+00:00,2022-12-02 19:50:59.801282+00:00
1598734917432528902,ukraine-de,True,True,False,False,False,False,False,False,False,False,2022-12-02 19:50:59.704869+00:00,2022-12-02 19:50:59.704869+00:00
1598734946041995266,ukraine-de,True,True,False,False,False,False,False,False,False,False,2022-12-02 19:50:59.704767+00:00,2022-12-02 19:50:59.704767+00:00
1598734953193345025,ukraine-de,True,False,False,False,False,False,False,False,False,False,2022-12-02 19:50:17.510363+00:00,2022-12-02 19:50:17.510363+00:00
1598734995647959041,ukraine-de,True,True,False,False,False,False,False,False,False,False,2022-12-02 19:50:59.704649+00:00,2022-12-02 19:50:59.704649+00:00
1598734999548825609,ukraine-de,True,True,False,False,False,False,False,False,False,False,2022-12-02 19:50:59.704551+00:00,2022-12-02 19:50:59.704551+00:00
1598735021166190592,ukraine-de,True,True,False,False,False,False,False,False,False,False,2022-12-02 19:50:59.704453+00:00,2022-12-02 19:50:59.704453+00:00
1598735031819800590,ukraine-de,True,True,False,False,False,False,False,False,False,False,2022-12-02 19:50:59.704353+00:00,2022-12-02 19:50:59.704353+00:00
1598735036865470464,ukraine-de,True,True,False,False,False,False,False,False,False,False,2022-12-02 19:50:59.704254+00:00,2022-12-02 19:50:59.704254+00:00
1598735054372425728,ukraine-de,True,True,False,False,False,False,False,False,False,False,2022-12-02 19:50:59.704153+00:00,2022-12-02 19:50:59.704153+00:00
1598735091504758787,ukraine-de,True,True,False,False,False,False,False,False,False,False,2022-12-02 19:50:59.704053+00:00,2022-12-02 19:50:59.704053+00:00
1598735109779120128,ukraine-de,True,True,False,False,False,False,False,False,False,False,2022-12-02 19:50:59.703950+00:00,2022-12-02 19:50:59.703950+00:00
1598735135469441037,ukraine-de,True,True,False,False,False,False,False,False,False,False,2022-12-02 19:50:59.703849+00:00,2022-12-02 19:50:59.703849+00:00
1598735170550599697,ukraine-de,True,True,False,False,False,False,False,False,False,False,2022-12-02 19:50:59.703746+00:00,2022-12-02 19:50:59.703746+00:00
1598735192163639296,ukraine-de,True,False,False,False,False,False,False,False,False,False,2022-12-02 19:50:17.518964+00:00,2022-12-02 19:50:17.518964+00:00
1598735202045628418,ukraine-de,True,False,False,False,False,False,False,False,False,False,2022-12-02 22:35:45.779104+00:00,2022-12-02 22:35:45.779104+00:00
1598735205652525056,ukraine-de,True,True,False,False,False,False,False,False,False,False,2022-12-02 19:50:59.703644+00:00,2022-12-02 19:50:59.703644+00:00
1598735205740810262,ukraine-de,True,True,False,False,False,False,False,False,False,False,2022-12-02 19:50:59.703542+00:00,2022-12-02 19:50:59.703542+00:00
1598735216608251920,ukraine-de,True,True,False,False,False,False,False,False,False,False,2022-12-02 19:50:59.703415+00:00,2022-12-02 19:50:59.703415+00:00
1598735218101190656,ukraine-de,True,False,False,False,False,False,False,False,False,False,2022-12-02 19:50:36.528224+00:00,2022-12-02 19:50:36.528224+00:00
1598735228859609088,ukraine-de,True,True,False,False,False,False,False,False,False,False,2022-12-02 19:50:59.703314+00:00,2022-12-02 19:50:59.703314+00:00
1598735257741643776,ukraine-de,True,True,False,False,False,False,False,False,False,False,2022-12-02 19:50:59.703213+00:00,2022-12-02 19:50:59.703213+00:00
1598735281183756293,ukraine-de,True,True,False,False,False,False,False,False,False,False,2022-12-02 19:50:59.703112+00:00,2022-12-02 19:50:59.703112+00:00
1598735288603332609,ukraine-de,True,True,False,False,False,False,False,False,False,False,2022-12-02 19:50:59.703008+00:00,2022-12-02 19:50:59.703008+00:00
1598735294391455744,ukraine-de,True,True,False,False,False,False,False,False,False,False,2022-12-02 19:50:59.702903+00:00,2022-12-02 19:50:59.702903+00:00
1598735304730595328,ukraine-de,True,True,False,False,False,False,False,False,False,False,2022-12-02 19:50:59.702794+00:00,2022-12-02 19:50:59.702794+00:00
1598735317120339968,ukraine-de,True,False,False,False,False,False,False,False,False,False,2022-12-02 19:50:59.790870+00:00,2022-12-02 19:50:59.790870+00:00
1598735323797884931,ukraine-de,True,True,False,False,False,False,False,False,False,False,2022-12-02 19:50:59.702664+00:00,2022-12-02 19:50:59.702664+00:00
1598735365719867392,ukraine-de,True,True,False,False,False,False,False,False,False,False,2022-12-02 19:50:59.701971+00:00,2022-12-02 19:50:59.701971+00:00
1598735369322876929,ukraine-de,True,True,False,False,False,False,False,False,False,False,2022-12-02 19:50:59.701829+00:00,2022-12-02 19:50:59.701829+00:00
1598735372581834756,ukraine-de,True,True,False,False,False,False,False,False,False,False,2022-12-02 19:50:59.696784+00:00,2022-12-02 19:50:59.696784+00:00
1598735385055694856,ukraine-de,True,True,False,False,False,False,False,False,False,False,2022-12-02 19:50:27.690224+00:00,2022-12-02 19:50:59.696669+00:00
1598735396602613763,ukraine-de,True,True,False,False,False,False,False,False,False,False,2022-12-02 19:50:59.696552+00:00,2022-12-02 19:50:59.696552+00:00
1598735428470935566,ukraine-de,True,True,False,False,False,False,False,False,False,False,2022-12-02 19:50:59.696451+00:00,2022-12-02 19:50:59.696451+00:00
1598735452042801152,ukraine-de,True,False,False,False,False,False,False,False,False,False,2022-12-02 19:50:59.800938+00:00,2022-12-02 19:50:59.800938+00:00
1598735454408511500,ukraine-de,True,True,False,False,False,False,False,False,False,False,2022-12-02 19:50:59.696343+00:00,2022-12-02 19:50:59.696343+00:00
1598735463183175685,ukraine-de,True,True,False,False,False,False,False,False,False,False,2022-12-02 19:50:59.696237+00:00,2022-12-02 19:50:59.696237+00:00
1598735475245666305,ukraine-de,True,True,False,False,False,False,False,False,False,False,2022-12-02 19:50:59.696117+00:00,2022-12-02 19:50:59.696117+00:00
1598735484058046468,ukraine-de,True,True,False,False,False,False,False,False,False,False,2022-12-02 19:50:59.696018+00:00,2022-12-02 19:50:59.696018+00:00
1598735488613060624,ukraine-de,True,True,False,False,False,False,False,False,False,False,2022-12-02 19:50:59.695918+00:00,2022-12-02 19:50:59.695918+00:00
1598735502575898628,ukraine-de,True,False,False,False,False,False,False,False,False,False,2022-12-02 19:50:59.794085+00:00,2022-12-02 19:50:59.794085+00:00
1598735506854002688,ukraine-de,True,False,False,False,False,False,False,False,False,False,2022-12-02 19:50:36.497619+00:00,2022-12-02 19:50:36.497619+00:00
1598735508582064129,ukraine-de,True,True,False,False,False,False,False,False,False,False,2022-12-02 19:50:59.695817+00:00,2022-12-02 19:50:59.695817+00:00
1598735529192951821,ukraine-de,True,True,False,False,False,False,False,False,False,False,2022-12-02 19:50:36.500185+00:00,2022-12-02 19:50:59.695717+00:00
1598735539057741825,ukraine-de,True,True,False,False,False,False,False,False,False,False,2022-12-02 19:50:59.695603+00:00,2022-12-02 19:50:59.695603+00:00
1598735560763445249,ukraine-de,True,True,False,False,False,False,False,False,False,False,2022-12-02 19:50:59.695503+00:00,2022-12-02 19:50:59.695503+00:00
1598735608473698304,ukraine-de,True,True,False,False,False,False,False,False,False,False,2022-12-02 19:50:59.695402+00:00,2022-12-02 19:50:59.695402+00:00
1598735638257291264,ukraine-de,True,True,False,False,False,False,False,False,False,False,2022-12-02 19:50:59.695303+00:00,2022-12-02 19:50:59.695303+00:00
1598735669429293059,ukraine-de,True,True,False,False,False,False,False,False,False,False,2022-12-02 19:50:59.695201+00:00,2022-12-02 19:50:59.695201+00:00
1598735671492898818,ukraine-de,True,True,False,False,False,False,False,False,False,False,2022-12-02 19:50:59.695097+00:00,2022-12-02 19:50:59.695097+00:00
1598735690153562118,ukraine-de,True,True,False,False,False,False,False,False,False,False,2022-12-02 19:50:59.694991+00:00,2022-12-02 19:50:59.694991+00:00
1598735695874592773,ukraine-de,True,True,False,False,False,False,False,False,False,False,2022-12-02 19:50:59.694863+00:00,2022-12-02 19:50:59.694863+00:00
1598735715126370304,ukraine-de,True,True,False,False,False,False,False,False,False,False,2022-12-02 19:50:36.519676+00:00,2022-12-02 19:50:59.694751+00:00
1598735727570948104,ukraine-de,True,True,False,False,False,False,False,False,False,False,2022-12-02 19:50:59.694601+00:00,2022-12-02 19:50:59.694601+00:00
1598735755580350464,ukraine-de,True,False,False,False,False,False,False,False,False,False,2022-12-02 22:35:17.207402+00:00,2022-12-02 22:35:17.207402+00:00
1598735763545493523,ukraine-de,True,True,False,False,False,False,False,False,False,False,2022-12-02 19:50:59.694359+00:00,2022-12-02 19:50:59.694359+00:00
1598735773800566806,ukraine-de,True,True,False,False,False,False,False,False,False,False,2022-12-02 19:50:59.692773+00:00,2022-12-02 19:50:59.692773+00:00
1598735817421328384,ukraine-de,True,True,False,False,False,False,False,False,False,False,2022-12-02 19:50:59.692676+00:00,2022-12-02 19:50:59.692676+00:00
1598735823058472968,ukraine-de,True,True,False,False,False,False,False,False,False,False,2022-12-02 19:50:59.692579+00:00,2022-12-02 19:50:59.692579+00:00
1598735826166329344,ukraine-de,True,True,False,False,False,False,False,False,False,False,2022-12-02 19:50:59.692482+00:00,2022-12-02 19:50:59.692482+00:00
1598735831744876562,ukraine-de,True,True,False,False,False,False,False,False,False,False,2022-12-02 19:50:59.692385+00:00,2022-12-02 19:50:59.692385+00:00
1598735836832567314,ukraine-de,True,False,False,False,False,False,False,False,False,False,2022-12-02 19:50:36.528455+00:00,2022-12-02 19:50:36.528455+00:00
1598735857963470879,ukraine-de,True,True,False,False,False,False,False,False,False,False,2022-12-02 19:50:59.692285+00:00,2022-12-02 19:50:59.692285+00:00
1598735858298929153,ukraine-de,True,True,False,False,False,False,False,False,False,False,2022-12-02 19:50:59.692187+00:00,2022-12-02 19:50:59.692187+00:00
1598735866104537088,ukraine-de,True,True,False,False,False,False,False,False,False,False,2022-12-02 19:50:59.692089+00:00,2022-12-02 19:50:59.692089+00:00
1598735875642257408,ukraine-de,True,True,False,False,False,False,False,False,False,False,2022-12-02 19:50:59.691991+00:00,2022-12-02 19:50:59.691991+00:00
1598735891111215104,ukraine-de,True,True,False,False,False,False,False,False,False,False,2022-12-02 19:50:59.691891+00:00,2022-12-02 19:50:59.691891+00:00
1598735892683923456,ukraine-de,True,True,False,False,False,False,False,False,False,False,2022-12-02 19:50:59.691792+00:00,2022-12-02 19:50:59.691792+00:00
1598735901093511168,ukraine-de,True,True,False,False,False,False,False,False,False,False,2022-12-02 19:50:59.691692+00:00,2022-12-02 19:50:59.691692+00:00
1598735914624323588,ukraine-de,True,True,False,False,False,False,False,False,False,False,2022-12-02 19:50:59.691594+00:00,2022-12-02 19:50:59.691594+00:00
1598735916016599041,ukraine-de,True,True,False,False,False,False,False,False,False,False,2022-12-02 19:50:59.691496+00:00,2022-12-02 19:50:59.691496+00:00
1598735917543411712,ukraine-de,True,True,False,False,False,False,False,False,False,False,2022-12-02 19:50:59.691396+00:00,2022-12-02 19:50:59.691396+00:00
1598735918252187649,ukraine-de,True,True,False,False,False,False,False,False,False,False,2022-12-02 19:50:59.691297+00:00,2022-12-02 19:50:59.691297+00:00
1598735918566969349,ukraine-de,True,True,False,False,False,False,False,False,False,False,2022-12-02 19:50:59.691193+00:00,2022-12-02 19:50:59.691193+00:00
1598735953178365956,ukraine-de,True,True,False,False,False,False,False,False,False,False,2022-12-02 19:50:59.691088+00:00,2022-12-02 19:50:59.691088+00:00
1598735959784230912,ukraine-de,True,True,False,False,False,False,False,False,False,False,2022-12-02 19:50:59.690969+00:00,2022-12-02 19:50:59.690969+00:00
1598735978117595138,ukraine-de,True,True,False,False,False,False,False,False,False,False,2022-12-02 19:50:59.690866+00:00,2022-12-02 19:50:59.690866+00:00
1598735999655235584,ukraine-de,True,True,False,False,False,False,False,False,False,False,2022-12-02 19:50:59.690764+00:00,2022-12-02 19:50:59.690764+00:00
1598736007167283201,ukraine-de,True,True,False,False,False,False,False,False,False,False,2022-12-02 19:50:59.690661+00:00,2022-12-02 19:50:59.690661+00:00
1598736018190274560,ukraine-de,True,True,False,False,False,False,False,False,False,False,2022-12-02 19:50:17.505119+00:00,2022-12-02 19:50:59.690559+00:00
1598736044085624832,ukraine-de,True,True,False,False,False,False,False,False,False,False,2022-12-02 19:50:59.690437+00:00,2022-12-02 19:50:59.690437+00:00
1598736098158444544,ukraine-de,True,True,False,False,False,False,False,False,False,False,2022-12-02 19:50:59.690331+00:00,2022-12-02 19:50:59.690331+00:00
1598736126352789515,ukraine-de,True,True,False,False,False,False,False,False,False,False,2022-12-02 19:50:59.690212+00:00,2022-12-02 19:50:59.690212+00:00
1598736139933945859,ukraine-de,True,True,False,False,False,False,False,False,False,False,2022-12-02 19:50:59.690087+00:00,2022-12-02 19:50:59.690087+00:00
1598736223207444480,ukraine-de,True,True,False,False,False,False,False,False,False,False,2022-12-02 19:50:59.689975+00:00,2022-12-02 19:50:59.689975+00:00
1598736239720419329,ukraine-de,True,True,False,False,False,False,False,False,False,False,2022-12-02 19:50:59.689810+00:00,2022-12-02 19:50:59.689810+00:00
1598736241104543745,ukraine-de,True,True,False,False,False,False,False,False,False,False,2022-12-02 19:50:59.678423+00:00,2022-12-02 19:50:59.678423+00:00
1598736273321201678,ukraine-de,True,True,False,False,False,False,False,False,False,False,2022-12-02 19:50:59.678320+00:00,2022-12-02 19:50:59.678320+00:00
1598736317348810757,ukraine-de,True,True,False,False,False,False,False,False,False,False,2022-12-02 19:50:36.531565+00:00,2022-12-02 19:50:59.678194+00:00
1598736366107389955,ukraine-de,True,True,False,False,False,False,False,False,False,False,2022-12-02 19:50:27.686016+00:00,2022-12-02 19:50:59.678093+00:00
1598736419194900488,ukraine-de,True,True,False,False,False,False,False,False,False,False,2022-12-02 19:50:59.677968+00:00,2022-12-02 19:50:59.677968+00:00
1598736438484504581,ukraine-de,True,True,False,False,False,False,False,False,False,False,2022-12-02 19:50:59.677834+00:00,2022-12-02 19:50:59.677834+00:00
1598736471619506198,ukraine-de,True,False,False,False,False,False,False,False,False,False,2022-12-02 19:50:27.661323+00:00,2022-12-02 19:50:27.661323+00:00
1598736505765335059,ukraine-de,True,True,False,False,False,False,False,False,False,False,2022-12-02 19:50:59.677729+00:00,2022-12-02 19:50:59.677729+00:00
1598736523549184038,ukraine-de,True,True,False,False,False,False,False,False,False,False,2022-12-02 19:50:59.677606+00:00,2022-12-02 19:50:59.677606+00:00
1598736546428919808,ukraine-de,True,True,False,False,False,False,False,False,False,False,2022-12-02 19:50:59.677342+00:00,2022-12-02 19:50:59.677342+00:00
1598736555069550592,ukraine-de,True,False,False,False,False,False,False,False,False,False,2022-12-03 11:05:26.632710+00:00,2022-12-03 11:05:26.632710+00:00
1598736569309044736,ukraine-de,True,True,False,False,False,False,False,False,False,False,2022-12-02 19:50:59.677234+00:00,2022-12-02 19:50:59.677234+00:00
1598736593556099072,ukraine-de,True,True,False,False,False,False,False,False,False,False,2022-12-02 19:50:27.691490+00:00,2022-12-02 19:50:59.677115+00:00
1598736623331676166,ukraine-de,True,True,False,False,False,False,False,False,False,False,2022-12-02 19:50:59.675583+00:00,2022-12-02 19:50:59.675583+00:00
1598736625131036672,ukraine-de,True,True,False,False,False,False,False,False,False,False,2022-12-02 19:50:59.675438+00:00,2022-12-02 19:50:59.675438+00:00
1598736625533480961,ukraine-de,True,True,False,False,False,False,False,False,False,False,2022-12-02 19:50:59.675324+00:00,2022-12-02 19:50:59.675324+00:00
1598736629581156353,ukraine-de,True,True,False,False,False,False,False,False,False,False,2022-12-02 19:50:59.675170+00:00,2022-12-02 19:50:59.675170+00:00
1598736640159010816,ukraine-de,True,True,False,False,False,False,False,False,False,False,2022-12-02 19:50:59.674488+00:00,2022-12-02 19:50:59.674488+00:00
1598736647130157062,ukraine-de,True,True,False,False,False,False,False,False,False,False,2022-12-02 19:50:27.689745+00:00,2022-12-02 19:50:59.674374+00:00
1598736651139911713,ukraine-de,True,True,False,False,False,False,False,False,False,False,2022-12-02 19:50:59.674216+00:00,2022-12-02 19:50:59.674216+00:00
1598736673768181781,ukraine-de,True,True,False,False,False,False,False,False,False,False,2022-12-02 19:50:59.673073+00:00,2022-12-02 19:50:59.673073+00:00
1598736685797212160,ukraine-de,True,False,False,False,False,False,False,False,False,False,2022-12-02 19:50:36.494302+00:00,2022-12-02 19:50:36.494302+00:00
1598736695112830976,ukraine-de,True,True,False,False,False,False,False,False,False,False,2022-12-02 19:50:59.672939+00:00,2022-12-02 19:50:59.672939+00:00
1598736754814554112,ukraine-de,True,True,False,False,False,False,False,False,False,False,2022-12-02 19:50:59.672826+00:00,2022-12-02 19:50:59.672826+00:00
1598736787056332818,ukraine-de,True,True,False,False,False,False,False,False,False,False,2022-12-02 19:50:59.672547+00:00,2022-12-02 19:50:59.672547+00:00
1598736822053445632,ukraine-de,True,True,False,False,False,False,False,False,False,False,2022-12-02 19:50:59.672402+00:00,2022-12-02 19:50:59.672402+00:00
1598736847026491403,ukraine-de,True,True,False,False,False,False,False,False,False,False,2022-12-02 19:50:59.672254+00:00,2022-12-02 19:50:59.672254+00:00
1598736850084139009,ukraine-de,True,False,False,False,False,False,False,False,False,False,2022-12-02 22:35:17.207625+00:00,2022-12-02 22:35:17.207625+00:00
1598736851430510608,ukraine-de,True,True,False,False,False,False,False,False,False,False,2022-12-02 19:50:59.671201+00:00,2022-12-02 19:50:59.671201+00:00
1598736852042878979,ukraine-de,True,False,False,False,False,False,False,False,False,False,2022-12-02 19:50:36.510825+00:00,2022-12-02 19:50:36.510825+00:00
1598736869826727969,ukraine-de,True,True,False,False,False,False,False,False,False,False,2022-12-02 19:50:59.669345+00:00,2022-12-02 19:50:59.669345+00:00
1598736873639350288,ukraine-de,True,True,False,False,False,False,False,False,False,False,2022-12-02 19:50:59.669226+00:00,2022-12-02 19:50:59.669226+00:00
1598736886499086343,ukraine-de,True,True,False,False,False,False,False,False,False,False,2022-12-02 19:50:59.668983+00:00,2022-12-02 19:50:59.668983+00:00
1598736888373788673,ukraine-de,True,True,False,False,False,False,False,False,False,False,2022-12-02 19:50:17.520312+00:00,2022-12-02 19:50:36.484979+00:00
1598736905188904963,ukraine-de,True,True,False,False,False,False,False,False,False,False,2022-12-02 19:50:36.484867+00:00,2022-12-02 19:50:36.484867+00:00
1598736916135874561,ukraine-de,True,True,False,False,False,False,False,False,False,False,2022-12-02 19:50:36.484769+00:00,2022-12-02 19:50:36.484769+00:00
1598736919160131596,ukraine-de,True,False,False,False,False,False,False,False,False,False,2022-12-02 22:35:45.786951+00:00,2022-12-02 22:35:45.786951+00:00
1598736946670571520,ukraine-de,True,True,False,False,False,False,False,False,False,False,2022-12-02 19:50:36.484654+00:00,2022-12-02 19:50:36.484654+00:00
1598736955172425762,ukraine-de,True,True,False,False,False,False,False,False,False,False,2022-12-02 19:50:36.484554+00:00,2022-12-02 19:50:36.484554+00:00
1598736956782833664,ukraine-de,True,True,False,False,False,False,False,False,False,False,2022-12-02 19:50:36.484436+00:00,2022-12-02 19:50:36.484436+00:00
1598736967616692225,ukraine-de,True,True,False,False,False,False,False,False,False,False,2022-12-02 19:50:36.484319+00:00,2022-12-02 19:50:36.484319+00:00
1598736994947022848,ukraine-de,True,True,False,False,False,False,False,False,False,False,2022-12-02 19:50:36.484164+00:00,2022-12-02 19:50:36.484164+00:00
1598737003796992005,ukraine-de,True,True,False,False,False,False,False,False,False,False,2022-12-02 19:50:36.484065+00:00,2022-12-02 19:50:36.484065+00:00
1598737048034316310,ukraine-de,True,True,False,False,False,False,False,False,False,False,2022-12-02 19:50:36.483967+00:00,2022-12-02 19:50:36.483967+00:00
1598737062873763859,ukraine-de,True,True,False,False,False,False,False,False,False,False,2022-12-02 19:50:36.483856+00:00,2022-12-02 19:50:36.483856+00:00
1598737108184621056,ukraine-de,True,False,False,False,False,False,False,False,False,False,2022-12-02 19:50:27.672687+00:00,2022-12-02 19:50:27.672687+00:00
1598737122684391424,ukraine-de,True,True,False,False,False,False,False,False,False,False,2022-12-02 19:50:36.483733+00:00,2022-12-02 19:50:36.483733+00:00
1598737128908886031,ukraine-de,True,True,False,False,False,False,False,False,False,False,2022-12-02 19:50:36.483632+00:00,2022-12-02 19:50:36.483632+00:00
1598737175901872129,ukraine-de,True,True,False,False,False,False,False,False,False,False,2022-12-02 19:50:36.483434+00:00,2022-12-02 19:50:36.483434+00:00
1598737230956302336,ukraine-de,True,True,False,False,False,False,False,False,False,False,2022-12-02 19:50:36.483277+00:00,2022-12-02 19:50:36.483277+00:00
1598737262572965890,ukraine-de,True,True,False,False,False,False,False,False,False,False,2022-12-02 19:50:36.483167+00:00,2022-12-02 19:50:36.483167+00:00
1598737269451624477,ukraine-de,True,False,False,False,False,False,False,False,False,False,2022-12-02 19:50:27.689322+00:00,2022-12-02 19:50:27.689322+00:00
1598737279345909761,ukraine-de,True,True,False,False,False,False,False,False,False,False,2022-12-02 19:50:36.483066+00:00,2022-12-02 19:50:36.483066+00:00
1598737288363937797,ukraine-de,True,True,False,False,False,False,False,False,False,False,2022-12-02 19:50:36.482948+00:00,2022-12-02 19:50:36.482948+00:00
1598737292553703424,ukraine-de,True,True,False,False,False,False,False,False,False,False,2022-12-02 19:50:36.482831+00:00,2022-12-02 19:50:36.482831+00:00
1598737302691397632,ukraine-de,True,True,False,False,False,False,False,False,False,False,2022-12-02 19:50:36.482730+00:00,2022-12-02 19:50:36.482730+00:00
1598737334043742208,ukraine-de,True,True,False,False,False,False,False,False,False,False,2022-12-02 19:50:36.482614+00:00,2022-12-02 19:50:36.482614+00:00
1598737335058927616,ukraine-de,True,True,False,False,False,False,False,False,False,False,2022-12-02 19:50:36.482500+00:00,2022-12-02 19:50:36.482500+00:00
1598737395909890053,ukraine-de,True,True,False,False,False,False,False,False,False,False,2022-12-02 19:50:36.482303+00:00,2022-12-02 19:50:36.482303+00:00
1598737401475731483,ukraine-de,True,True,False,False,False,False,False,False,False,False,2022-12-02 19:50:36.482197+00:00,2022-12-02 19:50:36.482197+00:00
1598737417166417926,ukraine-de,True,True,False,False,False,False,False,False,False,False,2022-12-02 19:50:36.482079+00:00,2022-12-02 19:50:36.482079+00:00
1598737423210401797,ukraine-de,True,True,False,False,False,False,False,False,False,False,2022-12-02 19:50:36.481968+00:00,2022-12-02 19:50:36.481968+00:00
1598737434979831831,ukraine-de,True,False,False,False,False,False,False,False,False,False,2022-12-02 19:50:27.683299+00:00,2022-12-02 19:50:27.683299+00:00
1598737436951154698,ukraine-de,True,True,False,False,False,False,False,False,False,False,2022-12-02 19:50:36.481773+00:00,2022-12-02 19:50:36.481773+00:00
1598737485458280508,ukraine-de,True,True,False,False,False,False,False,False,False,False,2022-12-02 19:50:36.481675+00:00,2022-12-02 19:50:36.481675+00:00
1598737485701447680,ukraine-de,True,True,False,False,False,False,False,False,False,False,2022-12-02 19:50:36.481559+00:00,2022-12-02 19:50:36.481559+00:00
1598737486636687361,ukraine-de,True,True,False,False,False,False,False,False,False,False,2022-12-02 19:50:36.481432+00:00,2022-12-02 19:50:36.481432+00:00
1598737489002307584,ukraine-de,True,True,False,False,False,False,False,False,False,False,2022-12-02 19:50:36.481316+00:00,2022-12-02 19:50:36.481316+00:00
1598737544082067457,ukraine-de,True,True,False,False,False,False,False,False,False,False,2022-12-02 19:50:36.481219+00:00,2022-12-02 19:50:36.481219+00:00
1598737548838199296,ukraine-de,True,False,False,False,False,False,False,False,False,False,2022-12-02 22:35:45.785486+00:00,2022-12-02 22:35:45.785486+00:00
1598737569889468416,ukraine-de,True,True,False,False,False,False,False,False,False,False,2022-12-02 19:50:36.481122+00:00,2022-12-02 19:50:36.481122+00:00
1598737585047834632,ukraine-de,True,True,False,False,False,False,False,False,False,False,2022-12-02 19:50:36.481027+00:00,2022-12-02 19:50:36.481027+00:00
1598737602269646853,ukraine-de,True,True,False,False,False,False,False,False,False,False,2022-12-02 19:50:36.480930+00:00,2022-12-02 19:50:36.480930+00:00
1598737617012531200,ukraine-de,True,True,False,False,False,False,False,False,False,False,2022-12-02 19:50:36.480814+00:00,2022-12-02 19:50:36.480814+00:00
1598737634976829441,ukraine-de,True,True,False,False,False,False,False,False,False,False,2022-12-02 19:50:36.480637+00:00,2022-12-02 19:50:36.480637+00:00
1598737741155635215,ukraine-de,True,False,False,False,False,False,False,False,False,False,2022-12-02 19:50:27.671866+00:00,2022-12-02 19:50:27.671866+00:00
1598737769970401280,ukraine-de,True,True,False,False,False,False,False,False,False,False,2022-12-02 19:50:36.480537+00:00,2022-12-02 19:50:36.480537+00:00
1598737786957434906,ukraine-de,True,True,False,False,False,False,False,False,False,False,2022-12-02 19:50:36.480436+00:00,2022-12-02 19:50:36.480436+00:00
1598737827205976084,ukraine-de,True,False,False,False,False,False,False,False,False,False,2022-12-02 19:50:27.668008+00:00,2022-12-02 19:50:27.668008+00:00
1598737847506419712,ukraine-de,True,True,False,False,False,False,False,False,False,False,2022-12-02 19:50:36.480333+00:00,2022-12-02 19:50:36.480333+00:00
1598737859548094464,ukraine-de,True,True,False,False,False,False,False,False,False,False,2022-12-02 19:50:36.480218+00:00,2022-12-02 19:50:36.480218+00:00
1598737870298042368,ukraine-de,True,True,False,False,False,False,False,False,False,False,2022-12-02 19:50:36.480067+00:00,2022-12-02 19:50:36.480067+00:00
1598737876711346187,ukraine-de,True,True,False,False,False,False,False,False,False,False,2022-12-02 19:50:36.479968+00:00,2022-12-02 19:50:36.479968+00:00
1598737879999528960,ukraine-de,True,True,False,False,False,False,False,False,False,False,2022-12-02 19:50:36.479855+00:00,2022-12-02 19:50:36.479855+00:00
1598737885213048832,ukraine-de,True,True,False,False,False,False,False,False,False,False,2022-12-02 19:50:36.479741+00:00,2022-12-02 19:50:36.479741+00:00
1598737911733551105,ukraine-de,True,True,False,False,False,False,False,False,False,False,2022-12-02 19:50:36.479625+00:00,2022-12-02 19:50:36.479625+00:00
1598737938493444109,ukraine-de,True,True,False,False,False,False,False,False,False,False,2022-12-02 19:50:36.479524+00:00,2022-12-02 19:50:36.479524+00:00
1598737949092241408,ukraine-de,True,True,False,False,False,False,False,False,False,False,2022-12-02 19:50:36.479425+00:00,2022-12-02 19:50:36.479425+00:00
1598737951545954305,ukraine-de,True,True,False,False,False,False,False,False,False,False,2022-12-02 19:50:36.479327+00:00,2022-12-02 19:50:36.479327+00:00
1598738017887219713,ukraine-de,True,False,False,False,False,False,False,False,False,False,2022-12-02 19:50:36.499128+00:00,2022-12-02 19:50:36.499128+00:00
1598738047167860754,ukraine-de,True,True,False,False,False,False,False,False,False,False,2022-12-02 19:50:36.479217+00:00,2022-12-02 19:50:36.479217+00:00
1598738098850074636,ukraine-de,True,True,False,False,False,False,False,False,False,False,2022-12-02 19:50:36.479116+00:00,2022-12-02 19:50:36.479116+00:00
1598738104587882504,ukraine-de,True,True,False,False,False,False,False,False,False,False,2022-12-02 19:50:36.479001+00:00,2022-12-02 19:50:36.479001+00:00
1598738111944486912,ukraine-de,True,True,False,False,False,False,False,False,False,False,2022-12-02 19:50:36.478901+00:00,2022-12-02 19:50:36.478901+00:00
1598738149592768513,ukraine-de,True,True,False,False,False,False,False,False,False,False,2022-12-02 19:50:36.478801+00:00,2022-12-02 19:50:36.478801+00:00
1598738155158605826,ukraine-de,True,True,False,False,False,False,False,False,False,False,2022-12-02 19:50:36.478699+00:00,2022-12-02 19:50:36.478699+00:00
1598738211630505984,ukraine-de,True,True,False,False,False,False,False,False,False,False,2022-12-02 19:50:36.478582+00:00,2022-12-02 19:50:36.478582+00:00
1598738222875643921,ukraine-de,True,True,False,False,False,False,False,False,False,False,2022-12-02 19:50:36.478375+00:00,2022-12-02 19:50:36.478375+00:00
1598738233315266595,ukraine-de,True,True,False,False,False,False,False,False,False,False,2022-12-02 19:50:36.478276+00:00,2022-12-02 19:50:36.478276+00:00
1598738245470363648,ukraine-de,True,True,False,False,False,False,False,False,False,False,2022-12-02 19:50:36.478161+00:00,2022-12-02 19:50:36.478161+00:00
1598738249073283072,ukraine-de,True,True,False,False,False,False,False,False,False,False,2022-12-02 19:50:36.478060+00:00,2022-12-02 19:50:36.478060+00:00
1598738252567138304,ukraine-de,True,True,False,False,False,False,False,False,False,False,2022-12-02 19:50:36.477944+00:00,2022-12-02 19:50:36.477944+00:00
1598738274373185536,ukraine-de,True,True,False,False,False,False,False,False,False,False,2022-12-02 19:50:36.477844+00:00,2022-12-02 19:50:36.477844+00:00
1598738274859769856,ukraine-de,True,True,False,False,False,False,False,False,False,False,2022-12-02 19:50:36.477742+00:00,2022-12-02 19:50:36.477742+00:00
1598738290441687051,ukraine-de,True,True,False,False,False,False,False,False,False,False,2022-12-02 19:50:36.477622+00:00,2022-12-02 19:50:36.477622+00:00
1598738294258417664,ukraine-de,True,True,False,False,False,False,False,False,False,False,2022-12-02 19:50:36.477494+00:00,2022-12-02 19:50:36.477494+00:00
1598738295684534272,ukraine-de,True,False,False,False,False,False,False,False,False,False,2022-12-02 19:50:17.509109+00:00,2022-12-02 19:50:17.509109+00:00
1598738319596146690,ukraine-de,True,True,False,False,False,False,False,False,False,False,2022-12-02 19:50:36.477395+00:00,2022-12-02 19:50:36.477395+00:00
1598738347022848010,ukraine-de,True,True,False,False,False,False,False,False,False,False,2022-12-02 19:50:36.477280+00:00,2022-12-02 19:50:36.477280+00:00
1598738352131510289,ukraine-de,True,True,False,False,False,False,False,False,False,False,2022-12-02 19:50:36.477166+00:00,2022-12-02 19:50:36.477166+00:00
1598738363078643729,ukraine-de,True,True,False,False,False,False,False,False,False,False,2022-12-02 19:50:27.664835+00:00,2022-12-02 19:50:36.477067+00:00
1598738408448430096,ukraine-de,True,True,False,False,False,False,False,False,False,False,2022-12-02 19:50:36.476951+00:00,2022-12-02 19:50:36.476951+00:00
1598738411988213760,ukraine-de,True,True,False,False,False,False,False,False,False,False,2022-12-02 19:50:36.476853+00:00,2022-12-02 19:50:36.476853+00:00
1598738421970702342,ukraine-de,True,True,False,False,False,False,False,False,False,False,2022-12-02 19:50:36.476751+00:00,2022-12-02 19:50:36.476751+00:00
1598738428950188049,ukraine-de,True,True,False,False,False,False,False,False,False,False,2022-12-02 19:50:36.476618+00:00,2022-12-02 19:50:36.476618+00:00
1598738458490671115,ukraine-de,True,True,False,False,False,False,False,False,False,False,2022-12-02 19:50:36.476338+00:00,2022-12-02 19:50:36.476338+00:00
1598738497891962881,ukraine-de,True,True,False,False,False,False,False,False,False,False,2022-12-02 19:50:36.476152+00:00,2022-12-02 19:50:36.476152+00:00
1598738512630661120,ukraine-de,True,True,False,False,False,False,False,False,False,False,2022-12-02 19:50:36.476056+00:00,2022-12-02 19:50:36.476056+00:00
1598738514308304896,ukraine-de,True,True,False,False,False,False,False,False,False,False,2022-12-02 19:50:36.475943+00:00,2022-12-02 19:50:36.475943+00:00
1598738542703906834,ukraine-de,True,True,False,False,False,False,False,False,False,False,2022-12-02 19:50:36.475839+00:00,2022-12-02 19:50:36.475839+00:00
1598738546289913856,ukraine-de,True,True,False,False,False,False,False,False,False,False,2022-12-02 19:50:36.475605+00:00,2022-12-02 19:50:36.475605+00:00
1598738661792780306,ukraine-de,True,True,False,False,False,False,False,False,False,False,2022-12-02 19:50:36.475507+00:00,2022-12-02 19:50:36.475507+00:00
1598738662254153738,ukraine-de,True,True,False,False,False,False,False,False,False,False,2022-12-02 19:50:36.475410+00:00,2022-12-02 19:50:36.475410+00:00
1598738692075655187,ukraine-de,True,True,False,False,False,False,False,False,False,False,2022-12-02 19:50:36.475313+00:00,2022-12-02 19:50:36.475313+00:00
1598738728171741184,ukraine-de,True,True,False,False,False,False,False,False,False,False,2022-12-02 19:50:36.475215+00:00,2022-12-02 19:50:36.475215+00:00
1598738734152912904,ukraine-de,True,True,False,False,False,False,False,False,False,False,2022-12-02 19:50:36.475116+00:00,2022-12-02 19:50:36.475116+00:00
1598738761659035649,ukraine-de,True,True,False,False,False,False,False,False,False,False,2022-12-02 19:50:17.520639+00:00,2022-12-02 19:50:36.475010+00:00
1598738772291596288,ukraine-de,True,True,False,False,False,False,False,False,False,False,2022-12-02 19:50:36.474911+00:00,2022-12-02 19:50:36.474911+00:00
1598738784325074944,ukraine-de,True,True,False,False,False,False,False,False,False,False,2022-12-02 19:50:36.474795+00:00,2022-12-02 19:50:36.474795+00:00
1598738805200228365,ukraine-de,True,True,False,False,False,False,False,False,False,False,2022-12-02 19:50:36.474696+00:00,2022-12-02 19:50:36.474696+00:00
1598738825651503104,ukraine-de,True,True,False,False,False,False,False,False,False,False,2022-12-02 19:50:36.474596+00:00,2022-12-02 19:50:36.474596+00:00
1598738831817187330,ukraine-de,True,True,False,False,False,False,False,False,False,False,2022-12-02 19:50:36.474487+00:00,2022-12-02 19:50:36.474487+00:00
1598738847529066496,ukraine-de,True,True,False,False,False,False,False,False,False,False,2022-12-02 19:50:36.474361+00:00,2022-12-02 19:50:36.474361+00:00
1598738848485445645,ukraine-de,True,False,False,False,False,False,False,False,False,False,2022-12-02 19:50:27.692777+00:00,2022-12-02 19:50:27.692777+00:00
1598738866479009827,ukraine-de,True,True,False,False,False,False,False,False,False,False,2022-12-02 19:50:36.474265+00:00,2022-12-02 19:50:36.474265+00:00
1598738866776805380,ukraine-de,True,True,False,False,False,False,False,False,False,False,2022-12-02 19:50:36.474152+00:00,2022-12-02 19:50:36.474152+00:00
1598738870904000514,ukraine-de,True,False,False,False,False,False,False,False,False,False,2022-12-02 19:50:27.693854+00:00,2022-12-02 19:50:27.693854+00:00
1598738885391310849,ukraine-de,True,True,False,False,False,False,False,False,False,False,2022-12-02 19:50:27.687148+00:00,2022-12-02 19:50:36.474056+00:00
1598738917834067973,ukraine-de,True,True,False,False,False,False,False,False,False,False,2022-12-02 19:50:36.473958+00:00,2022-12-02 19:50:36.473958+00:00
1598738919671173140,ukraine-de,True,True,False,False,False,False,False,False,False,False,2022-12-02 19:50:36.473846+00:00,2022-12-02 19:50:36.473846+00:00
1598738919922737152,ukraine-de,True,True,False,False,False,False,False,False,False,False,2022-12-02 19:50:36.473736+00:00,2022-12-02 19:50:36.473736+00:00
1598738931050319878,ukraine-de,True,False,False,False,False,False,False,False,False,False,2022-12-02 22:35:45.780510+00:00,2022-12-02 22:35:45.780510+00:00
1598738936402255872,ukraine-de,True,True,False,False,False,False,False,False,False,False,2022-12-02 19:50:36.473639+00:00,2022-12-02 19:50:36.473639+00:00
1598738939442962432,ukraine-de,True,True,False,False,False,False,False,False,False,False,2022-12-02 19:50:36.473493+00:00,2022-12-02 19:50:36.473493+00:00
1598738948658008079,ukraine-de,True,False,False,False,False,False,False,False,False,False,2022-12-02 19:50:36.498560+00:00,2022-12-02 19:50:36.498560+00:00
1598738952021839874,ukraine-de,True,True,False,False,False,False,False,False,False,False,2022-12-02 19:50:36.473396+00:00,2022-12-02 19:50:36.473396+00:00
1598738971374358567,ukraine-de,True,True,False,False,False,False,False,False,False,False,2022-12-02 19:50:36.473277+00:00,2022-12-02 19:50:36.473277+00:00
1598738978064433152,ukraine-de,True,False,False,False,False,False,False,False,False,False,2022-12-02 19:50:17.517813+00:00,2022-12-02 19:50:17.517813+00:00
1598739020732928029,ukraine-de,True,True,False,False,False,False,False,False,False,False,2022-12-02 19:50:17.521259+00:00,2022-12-02 19:50:36.473179+00:00
1598739022838321152,ukraine-de,True,True,False,False,False,False,False,False,False,False,2022-12-02 19:50:36.473069+00:00,2022-12-02 19:50:36.473069+00:00
1598739037916913665,ukraine-de,True,True,False,False,False,False,False,False,False,False,2022-12-02 19:50:36.472957+00:00,2022-12-02 19:50:36.472957+00:00
1598739059173724167,ukraine-de,True,True,False,False,False,False,False,False,False,False,2022-12-02 19:50:36.472837+00:00,2022-12-02 19:50:36.472837+00:00
1598739064156557355,ukraine-de,True,True,False,False,False,False,False,False,False,False,2022-12-02 19:50:36.472737+00:00,2022-12-02 19:50:36.472737+00:00
1598739068489064453,ukraine-de,True,True,False,False,False,False,False,False,False,False,2022-12-02 19:50:36.472628+00:00,2022-12-02 19:50:36.472628+00:00
1598739115205431304,ukraine-de,True,True,False,False,False,False,False,False,False,False,2022-12-02 19:50:36.472527+00:00,2022-12-02 19:50:36.472527+00:00
1598739117109645333,ukraine-de,True,True,False,False,False,False,False,False,False,False,2022-12-02 19:50:36.472424+00:00,2022-12-02 19:50:36.472424+00:00
1598739141159784454,ukraine-de,True,True,False,False,False,False,False,False,False,False,2022-12-02 19:50:36.472303+00:00,2022-12-02 19:50:36.472303+00:00
1598739177209827345,ukraine-de,True,True,False,False,False,False,False,False,False,False,2022-12-02 19:50:36.472065+00:00,2022-12-02 19:50:36.472065+00:00
1598739206813073408,ukraine-de,True,True,False,False,False,False,False,False,False,False,2022-12-02 19:50:36.471958+00:00,2022-12-02 19:50:36.471958+00:00
1598739213008134144,ukraine-de,True,True,False,False,False,False,False,False,False,False,2022-12-02 19:50:36.471864+00:00,2022-12-02 19:50:36.471864+00:00
1598739274744172550,ukraine-de,True,True,False,False,False,False,False,False,False,False,2022-12-02 19:50:36.471767+00:00,2022-12-02 19:50:36.471767+00:00
1598739283652874246,ukraine-de,True,True,False,False,False,False,False,False,False,False,2022-12-02 19:50:36.471655+00:00,2022-12-02 19:50:36.471655+00:00
1598739295279382529,ukraine-de,True,True,False,False,False,False,False,False,False,False,2022-12-02 19:50:36.471540+00:00,2022-12-02 19:50:36.471540+00:00
1598739306436182016,ukraine-de,True,True,False,False,False,False,False,False,False,False,2022-12-02 19:50:36.471443+00:00,2022-12-02 19:50:36.471443+00:00
1598739332222914591,ukraine-de,True,True,False,False,False,False,False,False,False,False,2022-12-02 19:50:36.471346+00:00,2022-12-02 19:50:36.471346+00:00
1598739335490277379,ukraine-de,True,True,False,False,False,False,False,False,False,False,2022-12-02 19:50:36.471250+00:00,2022-12-02 19:50:36.471250+00:00
1598739376246165504,ukraine-de,True,True,False,False,False,False,False,False,False,False,2022-12-02 19:50:36.471153+00:00,2022-12-02 19:50:36.471153+00:00
1598739382940438570,ukraine-de,True,True,False,False,False,False,False,False,False,False,2022-12-02 19:50:36.471055+00:00,2022-12-02 19:50:36.471055+00:00
1598739399042179072,ukraine-de,True,True,False,False,False,False,False,False,False,False,2022-12-02 19:50:36.470957+00:00,2022-12-02 19:50:36.470957+00:00
1598739406634061846,ukraine-de,True,True,False,False,False,False,False,False,False,False,2022-12-02 19:50:36.470857+00:00,2022-12-02 19:50:36.470857+00:00
1598739426380636160,ukraine-de,True,True,False,False,False,False,False,False,False,False,2022-12-02 19:50:36.470757+00:00,2022-12-02 19:50:36.470757+00:00
1598739454935666720,ukraine-de,True,True,False,False,False,False,False,False,False,False,2022-12-02 19:50:36.470658+00:00,2022-12-02 19:50:36.470658+00:00
1598739502859784201,ukraine-de,True,True,False,False,False,False,False,False,False,False,2022-12-02 19:50:36.470548+00:00,2022-12-02 19:50:36.470548+00:00
1598739531456548886,ukraine-de,True,True,False,False,False,False,False,False,False,False,2022-12-02 19:50:36.470448+00:00,2022-12-02 19:50:36.470448+00:00
1598739544316284935,ukraine-de,True,True,False,False,False,False,False,False,False,False,2022-12-02 19:50:36.470349+00:00,2022-12-02 19:50:36.470349+00:00
1598739550381248524,ukraine-de,True,True,False,False,False,False,False,False,False,False,2022-12-02 19:50:36.470252+00:00,2022-12-02 19:50:36.470252+00:00
1598739567841927168,ukraine-de,True,True,False,False,False,False,False,False,False,False,2022-12-02 19:50:36.470152+00:00,2022-12-02 19:50:36.470152+00:00
1598739594006204416,ukraine-de,True,True,False,False,False,False,False,False,False,False,2022-12-02 19:50:36.470053+00:00,2022-12-02 19:50:36.470053+00:00
1598739601883107334,ukraine-de,True,True,False,False,False,False,False,False,False,False,2022-12-02 19:50:36.469937+00:00,2022-12-02 19:50:36.469937+00:00
1598739658745184256,ukraine-de,True,True,False,False,False,False,False,False,False,False,2022-12-02 19:50:36.469825+00:00,2022-12-02 19:50:36.469825+00:00
1598739682296209408,ukraine-de,True,True,False,False,False,False,False,False,False,False,2022-12-02 19:50:36.469727+00:00,2022-12-02 19:50:36.469727+00:00
1598739685509140488,ukraine-de,True,True,False,False,False,False,False,False,False,False,2022-12-02 19:50:36.469627+00:00,2022-12-02 19:50:36.469627+00:00
1598739689321762833,ukraine-de,True,True,False,False,False,False,False,False,False,False,2022-12-02 19:50:36.469495+00:00,2022-12-02 19:50:36.469495+00:00
1598739695227342861,ukraine-de,True,False,False,False,False,False,False,False,False,False,2022-12-02 19:50:36.515226+00:00,2022-12-02 19:50:36.515226+00:00
1598739698918178816,ukraine-de,True,True,False,False,False,False,False,False,False,False,2022-12-02 19:50:27.698385+00:00,2022-12-02 19:50:36.469394+00:00
1598739713623560226,ukraine-de,True,False,False,False,False,False,False,False,False,False,2022-12-02 19:50:27.688696+00:00,2022-12-02 19:50:27.688696+00:00
1598739727661662208,ukraine-de,True,True,False,False,False,False,False,False,False,False,2022-12-02 19:50:36.469280+00:00,2022-12-02 19:50:36.469280+00:00
1598739749648437288,ukraine-de,True,True,False,False,False,False,False,False,False,False,2022-12-02 19:50:36.469182+00:00,2022-12-02 19:50:36.469182+00:00
1598739866598227968,ukraine-de,True,True,False,False,False,False,False,False,False,False,2022-12-02 19:50:36.469083+00:00,2022-12-02 19:50:36.469083+00:00
1598739871077527552,ukraine-de,True,True,False,False,False,False,False,False,False,False,2022-12-02 19:50:36.468966+00:00,2022-12-02 19:50:36.468966+00:00
1598739876593242125,ukraine-de,True,True,False,False,False,False,False,False,False,False,2022-12-02 19:50:36.468867+00:00,2022-12-02 19:50:36.468867+00:00
1598739912152551431,ukraine-de,True,True,False,False,False,False,False,False,False,False,2022-12-02 19:50:36.468756+00:00,2022-12-02 19:50:36.468756+00:00
1598739913792290816,ukraine-de,True,True,False,False,False,False,False,False,False,False,2022-12-02 19:50:36.468656+00:00,2022-12-02 19:50:36.468656+00:00
1598739916862754832,ukraine-de,True,True,False,False,False,False,False,False,False,False,2022-12-02 19:50:36.468554+00:00,2022-12-02 19:50:36.468554+00:00
1598739917370265640,ukraine-de,True,True,False,False,False,False,False,False,False,False,2022-12-02 19:50:36.468417+00:00,2022-12-02 19:50:36.468417+00:00
1598739928229085184,ukraine-de,True,True,False,False,False,False,False,False,False,False,2022-12-02 19:50:36.468317+00:00,2022-12-02 19:50:36.468317+00:00
1598739938488381440,ukraine-de,True,True,False,False,False,False,False,False,False,False,2022-12-02 19:50:36.468158+00:00,2022-12-02 19:50:36.468158+00:00
1598739961444012044,ukraine-de,True,True,False,False,False,False,False,False,False,False,2022-12-02 19:50:36.468063+00:00,2022-12-02 19:50:36.468063+00:00
1598739980620165120,ukraine-de,True,True,False,False,False,False,False,False,False,False,2022-12-02 19:50:36.467968+00:00,2022-12-02 19:50:36.467968+00:00
1598739982759231489,ukraine-de,True,True,False,False,False,False,False,False,False,False,2022-12-02 19:50:36.467873+00:00,2022-12-02 19:50:36.467873+00:00
1598739990103498752,ukraine-de,True,True,False,False,False,False,False,False,False,False,2022-12-02 19:50:36.467776+00:00,2022-12-02 19:50:36.467776+00:00
1598740004607590400,ukraine-de,True,True,False,False,False,False,False,False,False,False,2022-12-02 19:50:36.467665+00:00,2022-12-02 19:50:36.467665+00:00
1598740022114410496,ukraine-de,True,False,False,False,False,False,False,False,False,False,2022-12-03 11:06:05.458896+00:00,2022-12-03 11:06:05.458896+00:00
1598740042725621761,ukraine-de,True,True,False,False,False,False,False,False,False,False,2022-12-02 19:50:36.467567+00:00,2022-12-02 19:50:36.467567+00:00
1598740061591597056,ukraine-de,True,True,False,False,False,False,False,False,False,False,2022-12-02 19:50:36.467449+00:00,2022-12-02 19:50:36.467449+00:00
1598740087822585888,ukraine-de,True,False,False,False,False,False,False,False,False,False,2022-12-02 19:50:36.487147+00:00,2022-12-02 19:50:36.487147+00:00
1598740093686222851,ukraine-de,True,True,False,False,False,False,False,False,False,False,2022-12-02 19:50:36.467331+00:00,2022-12-02 19:50:36.467331+00:00
1598740110299861024,ukraine-de,True,True,False,False,False,False,False,False,False,False,2022-12-02 19:50:36.467218+00:00,2022-12-02 19:50:36.467218+00:00
1598740135717343245,ukraine-de,True,True,False,False,False,False,False,False,False,False,2022-12-02 19:50:36.467118+00:00,2022-12-02 19:50:36.467118+00:00
1598740151341125646,ukraine-de,True,True,False,False,False,False,False,False,False,False,2022-12-02 19:50:36.467018+00:00,2022-12-02 19:50:36.467018+00:00
1598740154721734662,ukraine-de,True,True,False,False,False,False,False,False,False,False,2022-12-02 19:50:36.466918+00:00,2022-12-02 19:50:36.466918+00:00
1598740199168774157,ukraine-de,True,True,False,False,False,False,False,False,False,False,2022-12-02 19:50:36.466802+00:00,2022-12-02 19:50:36.466802+00:00
1598740207443931137,ukraine-de,True,True,False,False,False,False,False,False,False,False,2022-12-02 19:50:36.466699+00:00,2022-12-02 19:50:36.466699+00:00
1598740257868058626,ukraine-de,True,True,False,False,False,False,False,False,False,False,2022-12-02 19:50:36.466571+00:00,2022-12-02 19:50:36.466571+00:00
1598740263681363986,ukraine-de,True,True,False,False,False,False,False,False,False,False,2022-12-02 19:50:36.466463+00:00,2022-12-02 19:50:36.466463+00:00
1598740269628682240,ukraine-de,True,True,False,False,False,False,False,False,False,False,2022-12-02 19:50:36.466346+00:00,2022-12-02 19:50:36.466346+00:00
1598740270073647105,ukraine-de,True,True,False,False,False,False,False,False,False,False,2022-12-02 19:50:36.466249+00:00,2022-12-02 19:50:36.466249+00:00
1598740292097773569,ukraine-de,True,True,False,False,False,False,False,False,False,False,2022-12-02 19:50:36.466151+00:00,2022-12-02 19:50:36.466151+00:00
1598740300310220801,ukraine-de,True,True,False,False,False,False,False,False,False,False,2022-12-02 19:50:36.466053+00:00,2022-12-02 19:50:36.466053+00:00
1598740332409229312,ukraine-de,True,True,False,False,False,False,False,False,False,False,2022-12-02 19:50:36.465952+00:00,2022-12-02 19:50:36.465952+00:00
1598740346493702168,ukraine-de,True,True,False,False,False,False,False,False,False,False,2022-12-02 19:50:36.465834+00:00,2022-12-02 19:50:36.465834+00:00
1598740367637188621,ukraine-de,True,True,False,False,False,False,False,False,False,False,2022-12-02 19:50:36.465736+00:00,2022-12-02 19:50:36.465736+00:00
1598740424818135045,ukraine-de,True,True,False,False,False,False,False,False,False,False,2022-12-02 19:50:36.465635+00:00,2022-12-02 19:50:36.465635+00:00
1598740426986590208,ukraine-de,True,True,False,False,False,False,False,False,False,False,2022-12-02 19:50:36.465512+00:00,2022-12-02 19:50:36.465512+00:00
1598740444736651269,ukraine-de,True,True,False,False,False,False,False,False,False,False,2022-12-02 19:50:36.465288+00:00,2022-12-02 19:50:36.465288+00:00
1598740475082510336,ukraine-de,True,True,False,False,False,False,False,False,False,False,2022-12-02 19:50:36.465189+00:00,2022-12-02 19:50:36.465189+00:00
1598740478765273088,ukraine-de,True,True,False,False,False,False,False,False,False,False,2022-12-02 19:50:36.465090+00:00,2022-12-02 19:50:36.465090+00:00
1598740529747038229,ukraine-de,True,True,False,False,False,False,False,False,False,False,2022-12-02 19:50:36.464992+00:00,2022-12-02 19:50:36.464992+00:00
1598740541147156501,ukraine-de,True,True,False,False,False,False,False,False,False,False,2022-12-02 19:50:36.464893+00:00,2022-12-02 19:50:36.464893+00:00
1598740544062197792,ukraine-de,True,True,False,False,False,False,False,False,False,False,2022-12-02 19:50:36.464793+00:00,2022-12-02 19:50:36.464793+00:00
1598740555084828697,ukraine-de,True,True,False,False,False,False,False,False,False,False,2022-12-02 19:50:36.464693+00:00,2022-12-02 19:50:36.464693+00:00
1598740563905450014,ukraine-de,True,True,False,False,False,False,False,False,False,False,2022-12-02 19:50:36.464593+00:00,2022-12-02 19:50:36.464593+00:00
1598740569110581249,ukraine-de,True,True,False,False,False,False,False,False,False,False,2022-12-02 19:50:36.464487+00:00,2022-12-02 19:50:36.464487+00:00
1598740581949345813,ukraine-de,True,True,False,False,False,False,False,False,False,False,2022-12-02 19:50:36.464372+00:00,2022-12-02 19:50:36.464372+00:00
1598740599565422631,ukraine-de,True,True,False,False,False,False,False,False,False,False,2022-12-02 19:50:36.464114+00:00,2022-12-02 19:50:36.464114+00:00
1598740602513858561,ukraine-de,True,True,False,False,False,False,False,False,False,False,2022-12-02 19:50:36.463986+00:00,2022-12-02 19:50:36.463986+00:00
1598740639583117312,ukraine-de,True,True,False,False,False,False,False,False,False,False,2022-12-02 19:50:36.463889+00:00,2022-12-02 19:50:36.463889+00:00
1598740639990001664,ukraine-de,True,True,False,False,False,False,False,False,False,False,2022-12-02 19:50:36.463775+00:00,2022-12-02 19:50:36.463775+00:00
1598740662853083136,ukraine-de,True,True,False,False,False,False,False,False,False,False,2022-12-02 19:50:36.463638+00:00,2022-12-02 19:50:36.463638+00:00
1598740694826242048,ukraine-de,True,True,False,False,False,False,False,False,False,False,2022-12-02 19:50:36.463468+00:00,2022-12-02 19:50:36.463468+00:00
1598740736903712801,ukraine-de,True,False,False,False,False,False,False,False,False,False,2022-12-02 19:50:36.497949+00:00,2022-12-02 19:50:36.497949+00:00
1598740751164346377,ukraine-de,True,True,False,False,False,False,False,False,False,False,2022-12-02 19:50:36.463367+00:00,2022-12-02 19:50:36.463367+00:00
1598740778695954432,ukraine-de,True,True,False,False,False,False,False,False,False,False,2022-12-02 19:50:36.463266+00:00,2022-12-02 19:50:36.463266+00:00
1598740784328724480,ukraine-de,True,True,False,False,False,False,False,False,False,False,2022-12-02 19:50:36.463166+00:00,2022-12-02 19:50:36.463166+00:00
1598740786421633024,ukraine-de,True,True,False,False,False,False,False,False,False,False,2022-12-02 19:50:36.463061+00:00,2022-12-02 19:50:36.463061+00:00
1598740786992091152,ukraine-de,True,True,False,False,False,False,False,False,False,False,2022-12-02 19:50:36.462937+00:00,2022-12-02 19:50:36.462937+00:00
1598740788564955155,ukraine-de,True,True,False,False,False,False,False,False,False,False,2022-12-02 19:50:36.462838+00:00,2022-12-02 19:50:36.462838+00:00
1598740790951510017,ukraine-de,True,True,False,False,False,False,False,False,False,False,2022-12-02 19:50:36.462738+00:00,2022-12-02 19:50:36.462738+00:00
1598740811369385985,ukraine-de,True,True,False,False,False,False,False,False,False,False,2022-12-02 19:50:36.462638+00:00,2022-12-02 19:50:36.462638+00:00
1598740826456297499,ukraine-de,True,True,False,False,False,False,False,False,False,False,2022-12-02 19:50:36.462528+00:00,2022-12-02 19:50:36.462528+00:00
1598740872920563714,ukraine-de,True,True,False,False,False,False,False,False,False,False,2022-12-02 19:50:36.462428+00:00,2022-12-02 19:50:36.462428+00:00
1598740887378460673,ukraine-de,True,True,False,False,False,False,False,False,False,False,2022-12-02 19:50:36.462327+00:00,2022-12-02 19:50:36.462327+00:00
1598740941648662538,ukraine-de,True,True,False,False,False,False,False,False,False,False,2022-12-02 19:50:36.462214+00:00,2022-12-02 19:50:36.462214+00:00
1598740944098136094,ukraine-de,True,True,False,False,False,False,False,False,False,False,2022-12-02 19:50:36.462095+00:00,2022-12-02 19:50:36.462095+00:00
1598740951698214914,ukraine-de,True,True,False,False,False,False,False,False,False,False,2022-12-02 19:50:36.461994+00:00,2022-12-02 19:50:36.461994+00:00
1598741033906573325,ukraine-de,True,True,False,False,False,False,False,False,False,False,2022-12-02 19:50:36.461894+00:00,2022-12-02 19:50:36.461894+00:00
1598741051585564700,ukraine-de,True,False,False,False,False,False,False,False,False,False,2022-12-02 22:35:17.184146+00:00,2022-12-02 22:35:17.184146+00:00
1598741058501971980,ukraine-de,True,False,False,False,False,False,False,False,False,False,2022-12-02 19:50:36.492889+00:00,2022-12-02 19:50:36.492889+00:00
1598741060074835971,ukraine-de,True,True,False,False,False,False,False,False,False,False,2022-12-02 19:50:36.461793+00:00,2022-12-02 19:50:36.461793+00:00
1598741086310207507,ukraine-de,True,True,False,False,False,False,False,False,False,False,2022-12-02 19:50:36.461689+00:00,2022-12-02 19:50:36.461689+00:00
1598741156325724163,ukraine-de,True,True,False,False,False,False,False,False,False,False,2022-12-02 19:50:36.461547+00:00,2022-12-02 19:50:36.461547+00:00
1598741202618257429,ukraine-de,True,True,False,False,False,False,False,False,False,False,2022-12-02 19:50:36.461447+00:00,2022-12-02 19:50:36.461447+00:00
1598741212537663488,ukraine-de,True,True,False,False,False,False,False,False,False,False,2022-12-02 19:50:36.461344+00:00,2022-12-02 19:50:36.461344+00:00
1598741229491163170,ukraine-de,True,True,False,False,False,False,False,False,False,False,2022-12-02 19:50:36.461241+00:00,2022-12-02 19:50:36.461241+00:00
1598741280611307520,ukraine-de,True,True,False,False,False,False,False,False,False,False,2022-12-02 19:50:36.461120+00:00,2022-12-02 19:50:36.461120+00:00
1598741285455556609,ukraine-de,True,False,False,False,False,False,False,False,False,False,2022-12-02 19:50:36.485097+00:00,2022-12-02 19:50:36.485097+00:00
1598741298479075329,ukraine-de,True,True,False,False,False,False,False,False,False,False,2022-12-02 19:50:36.461015+00:00,2022-12-02 19:50:36.461015+00:00
1598741317084930048,ukraine-de,True,True,False,False,False,False,False,False,False,False,2022-12-02 19:50:36.460907+00:00,2022-12-02 19:50:36.460907+00:00
1598741340719910912,ukraine-de,True,True,False,False,False,False,False,False,False,False,2022-12-02 19:50:36.460774+00:00,2022-12-02 19:50:36.460774+00:00
1598741343060332549,ukraine-de,True,True,False,False,False,False,False,False,False,False,2022-12-02 19:50:36.460617+00:00,2022-12-02 19:50:36.460617+00:00
1598741347846033419,ukraine-de,True,True,False,False,False,False,False,False,False,False,2022-12-02 19:50:36.456124+00:00,2022-12-02 19:50:36.456124+00:00
1598741374190456858,ukraine-de,True,True,False,False,False,False,False,False,False,False,2022-12-02 19:50:36.456026+00:00,2022-12-02 19:50:36.456026+00:00
1598741375041900547,ukraine-de,True,True,False,False,False,False,False,False,False,False,2022-12-02 19:50:36.455929+00:00,2022-12-02 19:50:36.455929+00:00
1598741429643264001,ukraine-de,True,True,False,False,False,False,False,False,False,False,2022-12-02 19:50:36.455830+00:00,2022-12-02 19:50:36.455830+00:00
1598741438845460480,ukraine-de,True,True,False,False,False,False,False,False,False,False,2022-12-02 19:50:36.455729+00:00,2022-12-02 19:50:36.455729+00:00
1598741440045223938,ukraine-de,True,True,False,False,False,False,False,False,False,False,2022-12-02 19:50:36.455615+00:00,2022-12-02 19:50:36.455615+00:00
1598741451109634049,ukraine-de,True,False,False,False,False,False,False,False,False,False,2022-12-02 19:50:27.691933+00:00,2022-12-02 19:50:27.691933+00:00
1598741464686551040,ukraine-de,True,True,False,False,False,False,False,False,False,False,2022-12-02 19:50:36.455515+00:00,2022-12-02 19:50:36.455515+00:00
1598741470693003278,ukraine-de,True,True,False,False,False,False,False,False,False,False,2022-12-02 19:50:36.455415+00:00,2022-12-02 19:50:36.455415+00:00
1598741474434322456,ukraine-de,True,True,False,False,False,False,False,False,False,False,2022-12-02 19:50:36.455314+00:00,2022-12-02 19:50:36.455314+00:00
1598741510853464080,ukraine-de,True,False,False,False,False,False,False,False,False,False,2022-12-02 19:50:36.499225+00:00,2022-12-02 19:50:36.499225+00:00
1598741516956176407,ukraine-de,True,True,False,False,False,False,False,False,False,False,2022-12-02 19:50:36.455198+00:00,2022-12-02 19:50:36.455198+00:00
1598741570911703060,ukraine-de,True,True,False,False,False,False,False,False,False,False,2022-12-02 19:50:36.455083+00:00,2022-12-02 19:50:36.455083+00:00
1598741574246174722,ukraine-de,True,True,False,False,False,False,False,False,False,False,2022-12-02 19:50:36.454983+00:00,2022-12-02 19:50:36.454983+00:00
1598741580143206401,ukraine-de,True,True,False,False,False,False,False,False,False,False,2022-12-02 19:50:36.454876+00:00,2022-12-02 19:50:36.454876+00:00
1598741594974425116,ukraine-de,True,True,False,False,False,False,False,False,False,False,2022-12-02 19:50:36.454762+00:00,2022-12-02 19:50:36.454762+00:00
1598741600150196233,ukraine-de,True,True,False,False,False,False,False,False,False,False,2022-12-02 19:50:36.454664+00:00,2022-12-02 19:50:36.454664+00:00
1598741600959877121,ukraine-de,True,True,False,False,False,False,False,False,False,False,2022-12-02 19:50:36.454561+00:00,2022-12-02 19:50:36.454561+00:00
1598741635730382848,ukraine-de,True,True,False,False,False,False,False,False,False,False,2022-12-02 19:50:36.454445+00:00,2022-12-02 19:50:36.454445+00:00
1598741636783095809,ukraine-de,True,True,False,False,False,False,False,False,False,False,2022-12-02 19:50:36.454345+00:00,2022-12-02 19:50:36.454345+00:00
1598741650762862597,ukraine-de,True,False,False,False,False,False,False,False,False,False,2022-12-02 22:35:54.190045+00:00,2022-12-02 22:35:54.190045+00:00
1598741652155207681,ukraine-de,True,True,False,False,False,False,False,False,False,False,2022-12-02 19:50:36.454244+00:00,2022-12-02 19:50:36.454244+00:00
1598741661185708054,ukraine-de,True,True,False,False,False,False,False,False,False,False,2022-12-02 19:50:36.454144+00:00,2022-12-02 19:50:36.454144+00:00
1598741691208536086,ukraine-de,True,True,False,False,False,False,False,False,False,False,2022-12-02 19:50:36.454032+00:00,2022-12-02 19:50:36.454032+00:00
1598741717213220870,ukraine-de,True,True,False,False,False,False,False,False,False,False,2022-12-02 19:50:17.512437+00:00,2022-12-02 19:50:36.453931+00:00
1598741734242095128,ukraine-de,True,True,False,False,False,False,False,False,False,False,2022-12-02 19:50:36.453810+00:00,2022-12-02 19:50:36.453810+00:00
1598741737224241153,ukraine-de,True,True,False,False,False,False,False,False,False,False,2022-12-02 19:50:36.453694+00:00,2022-12-02 19:50:36.453694+00:00
1598741738822275091,ukraine-de,True,False,False,False,False,False,False,False,False,False,2022-12-02 19:50:36.486067+00:00,2022-12-02 19:50:36.486067+00:00
1598741747999289345,ukraine-de,True,True,False,False,False,False,False,False,False,False,2022-12-02 19:50:36.453571+00:00,2022-12-02 19:50:36.453571+00:00
1598741785936699392,ukraine-de,True,False,False,False,False,False,False,False,False,False,2022-12-02 22:35:45.776997+00:00,2022-12-02 22:35:45.776997+00:00
1598741797806772266,ukraine-de,True,True,False,False,False,False,False,False,False,False,2022-12-02 19:50:36.453456+00:00,2022-12-02 19:50:36.453456+00:00
1598741799266238465,ukraine-de,True,True,False,False,False,False,False,False,False,False,2022-12-02 19:50:36.453339+00:00,2022-12-02 19:50:36.453339+00:00
1598741801585840134,ukraine-de,True,True,False,False,False,False,False,False,False,False,2022-12-02 19:50:36.453220+00:00,2022-12-02 19:50:36.453220+00:00
1598741811773804552,ukraine-de,True,True,False,False,False,False,False,False,False,False,2022-12-02 19:50:36.453106+00:00,2022-12-02 19:50:36.453106+00:00
1598741814290386953,ukraine-de,True,True,False,False,False,False,False,False,False,False,2022-12-02 19:50:36.453009+00:00,2022-12-02 19:50:36.453009+00:00
1598741831851937816,ukraine-de,True,True,False,False,False,False,False,False,False,False,2022-12-02 19:50:36.452911+00:00,2022-12-02 19:50:36.452911+00:00
1598741885194883072,ukraine-de,True,True,False,False,False,False,False,False,False,False,2022-12-02 19:50:36.452809+00:00,2022-12-02 19:50:36.452809+00:00
1598741917357019167,ukraine-de,True,False,False,False,False,False,False,False,False,False,2022-12-02 22:35:45.787450+00:00,2022-12-02 22:35:45.787450+00:00
1598741923052883995,ukraine-de,True,True,False,False,False,False,False,False,False,False,2022-12-02 19:50:36.452703+00:00,2022-12-02 19:50:36.452703+00:00
1598741927125553179,ukraine-de,True,True,False,False,False,False,False,False,False,False,2022-12-02 19:50:36.452561+00:00,2022-12-02 19:50:36.452561+00:00
1598742014711009285,ukraine-de,True,True,False,False,False,False,False,False,False,False,2022-12-02 19:50:36.452433+00:00,2022-12-02 19:50:36.452433+00:00
1598742050425507867,ukraine-de,True,True,False,False,False,False,False,False,False,False,2022-12-02 19:50:36.449011+00:00,2022-12-02 19:50:36.449011+00:00
1598742052203892766,ukraine-de,True,False,False,False,False,False,False,False,False,False,2022-12-03 11:05:57.673182+00:00,2022-12-03 11:05:57.673182+00:00
1598742088127913984,ukraine-de,True,True,False,False,False,False,False,False,False,False,2022-12-02 19:50:36.448910+00:00,2022-12-02 19:50:36.448910+00:00
1598742103445610496,ukraine-de,True,True,False,False,False,False,False,False,False,False,2022-12-02 19:50:36.448810+00:00,2022-12-02 19:50:36.448810+00:00
1598742114862391296,ukraine-de,True,True,False,False,False,False,False,False,False,False,2022-12-02 19:50:36.448695+00:00,2022-12-02 19:50:36.448695+00:00
1598742123611918347,ukraine-de,True,True,False,False,False,False,False,False,False,False,2022-12-02 19:50:36.448595+00:00,2022-12-02 19:50:36.448595+00:00
1598742129408446504,ukraine-de,True,True,False,False,False,False,False,False,False,False,2022-12-02 19:50:36.448493+00:00,2022-12-02 19:50:36.448493+00:00
1598742144516096000,ukraine-de,True,True,False,False,False,False,False,False,False,False,2022-12-02 19:50:36.448370+00:00,2022-12-02 19:50:36.448370+00:00
1598742178699743232,ukraine-de,True,True,False,False,False,False,False,False,False,False,2022-12-02 19:50:36.448228+00:00,2022-12-02 19:50:36.448228+00:00
1598742209502875663,ukraine-de,True,True,False,False,False,False,False,False,False,False,2022-12-02 19:50:36.448127+00:00,2022-12-02 19:50:36.448127+00:00
1598742255287898139,ukraine-de,True,True,False,False,False,False,False,False,False,False,2022-12-02 19:50:36.448027+00:00,2022-12-02 19:50:36.448027+00:00
1598742283796348928,ukraine-de,True,True,False,False,False,False,False,False,False,False,2022-12-02 19:50:36.447922+00:00,2022-12-02 19:50:36.447922+00:00
1598742308630863877,ukraine-de,True,True,False,False,False,False,False,False,False,False,2022-12-02 19:50:36.447787+00:00,2022-12-02 19:50:36.447787+00:00
1598742318722359297,ukraine-de,True,True,False,False,False,False,False,False,False,False,2022-12-02 19:50:36.447687+00:00,2022-12-02 19:50:36.447687+00:00
1598742319766933520,ukraine-de,True,True,False,False,False,False,False,False,False,False,2022-12-02 19:50:36.447587+00:00,2022-12-02 19:50:36.447587+00:00
1598742321239134210,ukraine-de,True,True,False,False,False,False,False,False,False,False,2022-12-02 19:50:36.447487+00:00,2022-12-02 19:50:36.447487+00:00
1598742331221577751,ukraine-de,True,True,False,False,False,False,False,False,False,False,2022-12-02 19:50:36.447382+00:00,2022-12-02 19:50:36.447382+00:00
1598742337823207424,ukraine-de,True,True,False,False,False,False,False,False,False,False,2022-12-02 19:50:36.447268+00:00,2022-12-02 19:50:36.447268+00:00
1598742342537777152,ukraine-de,True,True,False,False,False,False,False,False,False,False,2022-12-02 19:50:36.446970+00:00,2022-12-02 19:50:36.446970+00:00
1598742357913923585,ukraine-de,True,True,False,False,False,False,False,False,False,False,2022-12-02 19:50:36.446871+00:00,2022-12-02 19:50:36.446871+00:00
1598742375223943168,ukraine-de,True,True,False,False,False,False,False,False,False,False,2022-12-02 19:50:36.446770+00:00,2022-12-02 19:50:36.446770+00:00
1598742375857156096,ukraine-de,True,True,False,False,False,False,False,False,False,False,2022-12-02 19:50:36.446669+00:00,2022-12-02 19:50:36.446669+00:00
1598742390415790106,ukraine-de,True,True,False,False,False,False,False,False,False,False,2022-12-02 19:50:36.446566+00:00,2022-12-02 19:50:36.446566+00:00
1598742406454648832,ukraine-de,True,True,False,False,False,False,False,False,False,False,2022-12-02 19:50:36.446455+00:00,2022-12-02 19:50:36.446455+00:00
1598742408317079582,ukraine-de,True,True,False,False,False,False,False,False,False,False,2022-12-02 19:50:36.446333+00:00,2022-12-02 19:50:36.446333+00:00
1598742473433415680,ukraine-de,True,True,False,False,False,False,False,False,False,False,2022-12-02 19:50:36.446208+00:00,2022-12-02 19:50:36.446208+00:00
1598742530568298496,ukraine-de,True,True,False,False,False,False,False,False,False,False,2022-12-02 19:50:36.446102+00:00,2022-12-02 19:50:36.446102+00:00
1598742566559944705,ukraine-de,True,True,False,False,False,False,False,False,False,False,2022-12-02 19:50:36.445941+00:00,2022-12-02 19:50:36.445941+00:00
1598742626714324993,ukraine-de,True,True,False,False,False,False,False,False,False,False,2022-12-02 19:50:36.445810+00:00,2022-12-02 19:50:36.445810+00:00
1598742671778091039,ukraine-de,True,True,False,False,False,False,False,False,False,False,2022-12-02 19:50:36.445676+00:00,2022-12-02 19:50:36.445676+00:00
1598742686277799938,ukraine-de,True,True,False,False,False,False,False,False,False,False,2022-12-02 19:50:36.444308+00:00,2022-12-02 19:50:36.444308+00:00
1598742693684940823,ukraine-de,True,True,False,False,False,False,False,False,False,False,2022-12-02 19:50:36.444207+00:00,2022-12-02 19:50:36.444207+00:00
1598742738953977856,ukraine-de,True,True,False,False,False,False,False,False,False,False,2022-12-02 19:50:36.444108+00:00,2022-12-02 19:50:36.444108+00:00
1598742750249132032,ukraine-de,True,True,False,False,False,False,False,False,False,False,2022-12-02 19:50:36.443990+00:00,2022-12-02 19:50:36.443990+00:00
1598742765877301259,ukraine-de,True,True,False,False,False,False,False,False,False,False,2022-12-02 19:50:36.443892+00:00,2022-12-02 19:50:36.443892+00:00
1598742773846478866,ukraine-de,True,True,False,False,False,False,False,False,False,False,2022-12-02 19:50:36.443762+00:00,2022-12-02 19:50:36.443762+00:00
1598742784323616768,ukraine-de,True,True,False,False,False,False,False,False,False,False,2022-12-02 19:50:36.443662+00:00,2022-12-02 19:50:36.443662+00:00
1598742786513276944,ukraine-de,True,True,False,False,False,False,False,False,False,False,2022-12-02 19:50:36.443561+00:00,2022-12-02 19:50:36.443561+00:00
1598742792699875347,ukraine-de,True,True,False,False,False,False,False,False,False,False,2022-12-02 19:50:36.443444+00:00,2022-12-02 19:50:36.443444+00:00
1598742796537663530,ukraine-de,True,True,False,False,False,False,False,False,False,False,2022-12-02 19:50:36.443279+00:00,2022-12-02 19:50:36.443279+00:00
1598742860450234368,ukraine-de,True,True,False,False,False,False,False,False,False,False,2022-12-02 19:50:36.443178+00:00,2022-12-02 19:50:36.443178+00:00
1598742891559460865,ukraine-de,True,False,False,False,False,False,False,False,False,False,2022-12-02 19:50:27.688900+00:00,2022-12-02 19:50:27.688900+00:00
1598742909351858192,ukraine-de,True,False,False,False,False,False,False,False,False,False,2022-12-02 19:50:36.496204+00:00,2022-12-02 19:50:36.496204+00:00
1598742945053773824,ukraine-de,True,True,False,False,False,False,False,False,False,False,2022-12-02 19:50:36.443077+00:00,2022-12-02 19:50:36.443077+00:00
1598742970643222563,ukraine-de,True,True,False,False,False,False,False,False,False,False,2022-12-02 19:50:36.442967+00:00,2022-12-02 19:50:36.442967+00:00
1598742971016515593,ukraine-de,True,True,False,False,False,False,False,False,False,False,2022-12-02 19:50:36.442791+00:00,2022-12-02 19:50:36.442791+00:00
1598742985285537810,ukraine-de,True,False,False,False,False,False,False,False,False,False,2022-12-03 03:40:14.819854+00:00,2022-12-03 03:40:14.819854+00:00
1598742985767731200,ukraine-de,True,True,False,False,False,False,False,False,False,False,2022-12-02 19:50:36.442693+00:00,2022-12-02 19:50:36.442693+00:00
1598742988930183168,ukraine-de,True,True,False,False,False,False,False,False,False,False,2022-12-02 19:50:36.442578+00:00,2022-12-02 19:50:36.442578+00:00
1598742992809906178,ukraine-de,True,True,False,False,False,False,False,False,False,False,2022-12-02 19:50:36.442477+00:00,2022-12-02 19:50:36.442477+00:00
1598743010338115596,ukraine-de,True,True,False,False,False,False,False,False,False,False,2022-12-02 19:50:36.442382+00:00,2022-12-02 19:50:36.442382+00:00
1598743012879863811,ukraine-de,True,True,False,False,False,False,False,False,False,False,2022-12-02 19:50:36.442288+00:00,2022-12-02 19:50:36.442288+00:00
1598743017883668534,ukraine-de,True,True,False,False,False,False,False,False,False,False,2022-12-02 19:50:36.442193+00:00,2022-12-02 19:50:36.442193+00:00
1598743019628265473,ukraine-de,True,False,False,False,False,False,False,False,False,False,2022-12-02 19:50:36.496693+00:00,2022-12-02 19:50:36.496693+00:00
1598743045062950914,ukraine-de,True,True,False,False,False,False,False,False,False,False,2022-12-02 19:50:36.442100+00:00,2022-12-02 19:50:36.442100+00:00
1598743046710960129,ukraine-de,True,True,False,False,False,False,False,False,False,False,2022-12-02 19:50:36.441992+00:00,2022-12-02 19:50:36.441992+00:00
1598743049433223222,ukraine-de,True,True,False,False,False,False,False,False,False,False,2022-12-02 19:50:36.441893+00:00,2022-12-02 19:50:36.441893+00:00
1598743070140342272,ukraine-de,True,True,False,False,False,False,False,False,False,False,2022-12-02 19:50:36.441795+00:00,2022-12-02 19:50:36.441795+00:00
1598743071239409693,ukraine-de,True,True,False,False,False,False,False,False,False,False,2022-12-02 19:50:36.441695+00:00,2022-12-02 19:50:36.441695+00:00
1598743072594169867,ukraine-de,True,True,False,False,False,False,False,False,False,False,2022-12-02 19:50:36.441568+00:00,2022-12-02 19:50:36.441568+00:00
1598743076180299807,ukraine-de,True,True,False,False,False,False,False,False,False,False,2022-12-02 19:50:36.441458+00:00,2022-12-02 19:50:36.441458+00:00
1598743080651427847,ukraine-de,True,True,False,False,False,False,False,False,False,False,2022-12-02 19:50:36.441360+00:00,2022-12-02 19:50:36.441360+00:00
1598743082614214657,ukraine-de,True,True,False,False,False,False,False,False,False,False,2022-12-02 19:50:36.441262+00:00,2022-12-02 19:50:36.441262+00:00
1598743084933812227,ukraine-de,True,True,False,False,False,False,False,False,False,False,2022-12-02 19:50:36.441164+00:00,2022-12-02 19:50:36.441164+00:00
1598743099282403328,ukraine-de,True,True,False,False,False,False,False,False,False,False,2022-12-02 19:50:36.441067+00:00,2022-12-02 19:50:36.441067+00:00
1598743108254142465,ukraine-de,True,True,False,False,False,False,False,False,False,False,2022-12-02 19:50:36.440968+00:00,2022-12-02 19:50:36.440968+00:00
1598743118903332865,ukraine-de,True,True,False,False,False,False,False,False,False,False,2022-12-02 19:50:36.440867+00:00,2022-12-02 19:50:36.440867+00:00
1598743170484908035,ukraine-de,True,True,False,False,False,False,False,False,False,False,2022-12-02 19:50:36.440761+00:00,2022-12-02 19:50:36.440761+00:00
1598743171030487040,ukraine-de,True,True,False,False,False,False,False,False,False,False,2022-12-02 19:50:36.440610+00:00,2022-12-02 19:50:36.440610+00:00
1598743194837159945,ukraine-de,True,False,False,False,False,False,False,False,False,False,2022-12-02 22:36:01.058854+00:00,2022-12-02 22:36:01.058854+00:00
1598743226516578304,ukraine-de,True,True,False,False,False,False,False,False,False,False,2022-12-02 19:50:36.440502+00:00,2022-12-02 19:50:36.440502+00:00
1598743249333751812,ukraine-de,True,True,False,False,False,False,False,False,False,False,2022-12-02 19:50:36.440404+00:00,2022-12-02 19:50:36.440404+00:00
1598743254690070528,ukraine-de,True,True,False,False,False,False,False,False,False,False,2022-12-02 19:50:36.440306+00:00,2022-12-02 19:50:36.440306+00:00
1598743274688319489,ukraine-de,True,True,False,False,False,False,False,False,False,False,2022-12-02 19:50:36.440208+00:00,2022-12-02 19:50:36.440208+00:00
1598743281206267910,ukraine-de,True,True,False,False,False,False,False,False,False,False,2022-12-02 19:50:36.440108+00:00,2022-12-02 19:50:36.440108+00:00
1598743293826928645,ukraine-de,True,False,False,False,False,False,False,False,False,False,2022-12-02 19:50:27.685458+00:00,2022-12-02 19:50:27.685458+00:00
1598743326051766289,ukraine-de,True,True,False,False,False,False,False,False,False,False,2022-12-02 19:50:36.440010+00:00,2022-12-02 19:50:36.440010+00:00
1598743347396370432,ukraine-de,True,True,False,False,False,False,False,False,False,False,2022-12-02 19:50:36.439913+00:00,2022-12-02 19:50:36.439913+00:00
1598743351179841548,ukraine-de,True,True,False,False,False,False,False,False,False,False,2022-12-02 19:50:36.439813+00:00,2022-12-02 19:50:36.439813+00:00
1598743355965542423,ukraine-de,True,True,False,False,False,False,False,False,False,False,2022-12-02 19:50:36.439700+00:00,2022-12-02 19:50:36.439700+00:00
1598743371564158977,ukraine-de,True,True,False,False,False,False,False,False,False,False,2022-12-02 19:50:27.697166+00:00,2022-12-02 19:50:36.439601+00:00
1598743381991202816,ukraine-de,True,False,False,False,False,False,False,False,False,False,2022-12-02 19:50:17.525928+00:00,2022-12-02 19:50:17.525928+00:00
1598743401377239040,ukraine-de,True,True,False,False,False,False,False,False,False,False,2022-12-02 19:50:36.439484+00:00,2022-12-02 19:50:36.439484+00:00
1598743412760612869,ukraine-de,True,True,False,False,False,False,False,False,False,False,2022-12-02 19:50:36.439386+00:00,2022-12-02 19:50:36.439386+00:00
1598743455282302976,ukraine-de,True,True,False,False,False,False,False,False,False,False,2022-12-02 19:50:36.439288+00:00,2022-12-02 19:50:36.439288+00:00
1598743458688090112,ukraine-de,True,True,False,False,False,False,False,False,False,False,2022-12-02 19:50:36.439191+00:00,2022-12-02 19:50:36.439191+00:00
1598743468037345289,ukraine-de,True,True,False,False,False,False,False,False,False,False,2022-12-02 19:50:36.439091+00:00,2022-12-02 19:50:36.439091+00:00
1598743470113525769,ukraine-de,True,True,False,False,False,False,False,False,False,False,2022-12-02 19:50:36.438993+00:00,2022-12-02 19:50:36.438993+00:00
1598743480012083207,ukraine-de,True,True,False,False,False,False,False,False,False,False,2022-12-02 19:50:27.695157+00:00,2022-12-02 19:50:36.438896+00:00
1598743491273789453,ukraine-de,True,True,False,False,False,False,False,False,False,False,2022-12-02 19:50:36.438797+00:00,2022-12-02 19:50:36.438797+00:00
1598743493014425611,ukraine-de,True,True,False,False,False,False,False,False,False,False,2022-12-02 19:50:36.438700+00:00,2022-12-02 19:50:36.438700+00:00
1598743497263255554,ukraine-de,True,True,False,False,False,False,False,False,False,False,2022-12-02 19:50:36.438601+00:00,2022-12-02 19:50:36.438601+00:00
1598743516854849548,ukraine-de,True,True,False,False,False,False,False,False,False,False,2022-12-02 19:50:36.438493+00:00,2022-12-02 19:50:36.438493+00:00
1598743517211365379,ukraine-de,True,True,False,False,False,False,False,False,False,False,2022-12-02 19:50:17.516758+00:00,2022-12-02 19:50:36.438377+00:00
1598743536354168839,ukraine-de,True,True,False,False,False,False,False,False,False,False,2022-12-02 19:50:17.508458+00:00,2022-12-02 19:50:36.438273+00:00
1598743560039407616,ukraine-de,True,True,False,False,False,False,False,False,False,False,2022-12-02 19:50:36.438166+00:00,2022-12-02 19:50:36.438166+00:00
1598743562765705216,ukraine-de,True,True,False,False,False,False,False,False,False,False,2022-12-02 19:50:36.438046+00:00,2022-12-02 19:50:36.438046+00:00
1598743576090853376,ukraine-de,True,True,False,False,False,False,False,False,False,False,2022-12-02 19:50:36.437947+00:00,2022-12-02 19:50:36.437947+00:00
1598743583535702016,ukraine-de,True,True,False,False,False,False,False,False,False,False,2022-12-02 19:50:36.437843+00:00,2022-12-02 19:50:36.437843+00:00
1598743598681538560,ukraine-de,True,True,False,False,False,False,False,False,False,False,2022-12-02 19:50:36.437718+00:00,2022-12-02 19:50:36.437718+00:00
1598743613860560896,ukraine-de,True,True,False,False,False,False,False,False,False,False,2022-12-02 19:50:36.437474+00:00,2022-12-02 19:50:36.437474+00:00
1598743627894702080,ukraine-de,True,True,False,False,False,False,False,False,False,False,2022-12-02 19:50:36.437357+00:00,2022-12-02 19:50:36.437357+00:00
1598743630851735576,ukraine-de,True,True,False,False,False,False,False,False,False,False,2022-12-02 19:50:36.437261+00:00,2022-12-02 19:50:36.437261+00:00
1598743687139192833,ukraine-de,True,False,False,False,False,False,False,False,False,False,2022-12-02 19:50:36.493177+00:00,2022-12-02 19:50:36.493177+00:00
1598743692960989192,ukraine-de,True,False,False,False,False,False,False,False,False,False,2022-12-02 22:35:45.756360+00:00,2022-12-02 22:35:45.756360+00:00
1598743696077455360,ukraine-de,True,True,False,False,False,False,False,False,False,False,2022-12-02 19:50:36.437165+00:00,2022-12-02 19:50:36.437165+00:00
1598743698891735046,ukraine-de,True,True,False,False,False,False,False,False,False,False,2022-12-02 19:50:36.437068+00:00,2022-12-02 19:50:36.437068+00:00
1598743717405667328,ukraine-de,True,False,False,False,False,False,False,False,False,False,2022-12-02 19:50:27.698163+00:00,2022-12-02 19:50:27.698163+00:00
1598743720869777409,ukraine-de,True,True,False,False,False,False,False,False,False,False,2022-12-02 19:50:36.436961+00:00,2022-12-02 19:50:36.436961+00:00
1598743727924707335,ukraine-de,True,True,False,False,False,False,False,False,False,False,2022-12-02 19:50:36.436842+00:00,2022-12-02 19:50:36.436842+00:00
1598743738611793922,ukraine-de,True,True,False,False,False,False,False,False,False,False,2022-12-02 19:50:36.436737+00:00,2022-12-02 19:50:36.436737+00:00
1598743762062147609,ukraine-de,True,True,False,False,False,False,False,False,False,False,2022-12-02 19:50:36.436592+00:00,2022-12-02 19:50:36.436592+00:00
1598743776704417794,ukraine-de,True,True,False,False,False,False,False,False,False,False,2022-12-02 19:50:36.436491+00:00,2022-12-02 19:50:36.436491+00:00
1598743790893793302,ukraine-de,True,True,False,False,False,False,False,False,False,False,2022-12-02 19:50:36.436355+00:00,2022-12-02 19:50:36.436355+00:00
1598743805070643202,ukraine-de,True,True,False,False,False,False,False,False,False,False,2022-12-02 19:50:36.436255+00:00,2022-12-02 19:50:36.436255+00:00
1598743813236789248,ukraine-de,True,True,False,False,False,False,False,False,False,False,2022-12-02 19:50:36.436147+00:00,2022-12-02 19:50:36.436147+00:00
1598743814491222016,ukraine-de,True,True,False,False,False,False,False,False,False,False,2022-12-02 19:50:36.436037+00:00,2022-12-02 19:50:36.436037+00:00
1598743815921479680,ukraine-de,True,True,False,False,False,False,False,False,False,False,2022-12-02 19:50:36.435906+00:00,2022-12-02 19:50:36.435906+00:00
1598743818219683843,ukraine-de,True,False,False,False,False,False,False,False,False,False,2022-12-02 19:50:27.693615+00:00,2022-12-02 19:50:27.693615+00:00
1598743819557609472,ukraine-de,True,True,False,False,False,False,False,False,False,False,2022-12-02 19:50:36.435799+00:00,2022-12-02 19:50:36.435799+00:00
1598743822560788493,ukraine-de,True,True,False,False,False,False,False,False,False,False,2022-12-02 19:50:36.435669+00:00,2022-12-02 19:50:36.435669+00:00
1598743823613841408,ukraine-de,True,True,False,False,False,False,False,False,False,False,2022-12-02 19:50:36.435562+00:00,2022-12-02 19:50:36.435562+00:00
1598743836468994049,ukraine-de,True,True,False,False,False,False,False,False,False,False,2022-12-02 19:50:36.435395+00:00,2022-12-02 19:50:36.435395+00:00
1598743879502602240,ukraine-de,True,True,False,False,False,False,False,False,False,False,2022-12-02 19:50:36.435287+00:00,2022-12-02 19:50:36.435287+00:00
1598743882459643916,ukraine-de,True,True,False,False,False,False,False,False,False,False,2022-12-02 19:50:36.435187+00:00,2022-12-02 19:50:36.435187+00:00
1598743883545968649,ukraine-de,True,True,False,False,False,False,False,False,False,False,2022-12-02 19:50:36.435070+00:00,2022-12-02 19:50:36.435070+00:00
1598743890605264896,ukraine-de,True,True,False,False,False,False,False,False,False,False,2022-12-02 19:50:36.434970+00:00,2022-12-02 19:50:36.434970+00:00
1598743925749055488,ukraine-de,True,True,False,False,False,False,False,False,False,False,2022-12-02 19:50:36.434857+00:00,2022-12-02 19:50:36.434857+00:00
1598743945055461377,ukraine-de,True,True,False,False,False,False,False,False,False,False,2022-12-02 19:50:36.434752+00:00,2022-12-02 19:50:36.434752+00:00
1598743954811387914,ukraine-de,True,False,False,False,False,False,False,False,False,False,2022-12-02 19:50:27.694081+00:00,2022-12-02 19:50:27.694081+00:00
1598743955696336896,ukraine-de,True,True,False,False,False,False,False,False,False,False,2022-12-02 19:50:36.434521+00:00,2022-12-02 19:50:36.434521+00:00
1598743980623073281,ukraine-de,True,True,False,False,False,False,False,False,False,False,2022-12-02 19:50:36.434422+00:00,2022-12-02 19:50:36.434422+00:00
1598743999090655242,ukraine-de,True,True,False,False,False,False,False,False,False,False,2022-12-02 19:50:36.434320+00:00,2022-12-02 19:50:36.434320+00:00
1598744005143052288,ukraine-de,True,True,False,False,False,False,False,False,False,False,2022-12-02 19:50:36.434204+00:00,2022-12-02 19:50:36.434204+00:00
1598744031864901632,ukraine-de,True,False,False,False,False,False,False,False,False,False,2022-12-02 19:50:27.696982+00:00,2022-12-02 19:50:27.696982+00:00
1598744047958491187,ukraine-de,True,True,False,False,False,False,False,False,False,False,2022-12-02 19:50:27.695461+00:00,2022-12-02 19:50:36.434103+00:00
1598744065423470592,ukraine-de,True,False,False,False,False,False,False,False,False,False,2022-12-02 22:35:54.188976+00:00,2022-12-02 22:35:54.188976+00:00
1598744077318619141,ukraine-de,True,True,False,False,False,False,False,False,False,False,2022-12-02 19:50:36.433998+00:00,2022-12-02 19:50:36.433998+00:00
1598744101696020480,ukraine-de,True,True,False,False,False,False,False,False,False,False,2022-12-02 19:50:36.433878+00:00,2022-12-02 19:50:36.433878+00:00
1598744131999760389,ukraine-de,True,True,False,False,False,False,False,False,False,False,2022-12-02 19:50:36.433776+00:00,2022-12-02 19:50:36.433776+00:00
1598744135187431455,ukraine-de,True,True,False,False,False,False,False,False,False,False,2022-12-02 19:50:36.433671+00:00,2022-12-02 19:50:36.433671+00:00
1598744162739933184,ukraine-de,True,True,False,False,False,False,False,False,False,False,2022-12-02 19:50:36.433528+00:00,2022-12-02 19:50:36.433528+00:00
1598744246529425424,ukraine-de,True,True,False,False,False,False,False,False,False,False,2022-12-02 19:50:36.433407+00:00,2022-12-02 19:50:36.433407+00:00
1598744270621507606,ukraine-de,True,True,False,False,False,False,False,False,False,False,2022-12-02 19:50:36.433213+00:00,2022-12-02 19:50:36.433213+00:00
1598744282336088066,ukraine-de,True,True,False,False,False,False,False,False,False,False,2022-12-02 19:50:36.433097+00:00,2022-12-02 19:50:36.433097+00:00
1598744314686803968,ukraine-de,True,True,False,False,False,False,False,False,False,False,2022-12-02 19:50:36.432998+00:00,2022-12-02 19:50:36.432998+00:00
1598744317987782670,ukraine-de,True,True,False,False,False,False,False,False,False,False,2022-12-02 19:50:36.432893+00:00,2022-12-02 19:50:36.432893+00:00
1598744376762433537,ukraine-de,True,True,False,False,False,False,False,False,False,False,2022-12-02 19:50:36.432745+00:00,2022-12-02 19:50:36.432745+00:00
1598744390389858335,ukraine-de,True,True,False,False,False,False,False,False,False,False,2022-12-02 19:50:36.432585+00:00,2022-12-02 19:50:36.432585+00:00
1598744391472095232,ukraine-de,True,False,False,False,False,False,False,False,False,False,2022-12-03 08:10:46.244875+00:00,2022-12-03 08:10:46.244875+00:00
1598744403140542468,ukraine-de,True,True,False,False,False,False,False,False,False,False,2022-12-02 19:50:36.432473+00:00,2022-12-02 19:50:36.432473+00:00
1598744412057632780,ukraine-de,True,True,False,False,False,False,False,False,False,False,2022-12-02 19:50:36.432318+00:00,2022-12-02 19:50:36.432318+00:00
1598744423726186500,ukraine-de,True,False,False,False,False,False,False,False,False,False,2022-12-02 19:50:36.489654+00:00,2022-12-02 19:50:36.489654+00:00
1598744448816775168,ukraine-de,True,True,False,False,False,False,False,False,False,False,2022-12-02 19:50:36.431331+00:00,2022-12-02 19:50:36.431331+00:00
1598744484203958272,ukraine-de,True,True,False,False,False,False,False,False,False,False,2022-12-02 19:50:36.431231+00:00,2022-12-02 19:50:36.431231+00:00
1598744492710010880,ukraine-de,True,True,False,False,False,False,False,False,False,False,2022-12-02 19:50:36.431131+00:00,2022-12-02 19:50:36.431131+00:00
1598744505049501696,ukraine-de,True,True,False,False,False,False,False,False,False,False,2022-12-02 19:50:36.431031+00:00,2022-12-02 19:50:36.431031+00:00
1598744569738235904,ukraine-de,True,True,False,False,False,False,False,False,False,False,2022-12-02 19:50:36.430922+00:00,2022-12-02 19:50:36.430922+00:00
1598744576998547456,ukraine-de,True,True,False,False,False,False,False,False,False,False,2022-12-02 19:50:27.687817+00:00,2022-12-02 19:50:36.430821+00:00
1598744605964501008,ukraine-de,True,True,False,False,False,False,False,False,False,False,2022-12-02 19:50:36.430720+00:00,2022-12-02 19:50:36.430720+00:00
1598744608481083405,ukraine-de,True,True,False,False,False,False,False,False,False,False,2022-12-02 19:50:36.430607+00:00,2022-12-02 19:50:36.430607+00:00
1598744619998593024,ukraine-de,True,True,False,False,False,False,False,False,False,False,2022-12-02 19:50:36.430489+00:00,2022-12-02 19:50:36.430489+00:00
1598744622984880128,ukraine-de,True,False,False,False,False,False,False,False,False,False,2022-12-02 19:50:36.489308+00:00,2022-12-02 19:50:36.489308+00:00
1598744628697645056,ukraine-de,True,True,False,False,False,False,False,False,False,False,2022-12-02 19:50:36.430391+00:00,2022-12-02 19:50:36.430391+00:00
1598744637522563072,ukraine-de,True,True,False,False,False,False,False,False,False,False,2022-12-02 19:50:36.430290+00:00,2022-12-02 19:50:36.430290+00:00
1598744638784929809,ukraine-de,True,True,False,False,False,False,False,False,False,False,2022-12-02 19:50:36.430187+00:00,2022-12-02 19:50:36.430187+00:00
1598744640349405210,ukraine-de,True,True,False,False,False,False,False,False,False,False,2022-12-02 19:50:36.430008+00:00,2022-12-02 19:50:36.430008+00:00
1598744666807074824,ukraine-de,True,True,False,False,False,False,False,False,False,False,2022-12-02 19:50:36.429905+00:00,2022-12-02 19:50:36.429905+00:00
1598744726781427736,ukraine-de,True,True,False,False,False,False,False,False,False,False,2022-12-02 19:50:36.429784+00:00,2022-12-02 19:50:36.429784+00:00
1598744731181252631,ukraine-de,True,True,False,False,False,False,False,False,False,False,2022-12-02 19:50:36.429566+00:00,2022-12-02 19:50:36.429566+00:00
1598744740853186560,ukraine-de,True,True,False,False,False,False,False,False,False,False,2022-12-02 19:50:36.429467+00:00,2022-12-02 19:50:36.429467+00:00
1598744775049576449,ukraine-de,True,True,False,False,False,False,False,False,False,False,2022-12-02 19:50:36.429367+00:00,2022-12-02 19:50:36.429367+00:00
1598744791768088576,ukraine-de,True,True,False,False,False,False,False,False,False,False,2022-12-02 19:50:36.429252+00:00,2022-12-02 19:50:36.429252+00:00
1598744804254523392,ukraine-de,True,True,False,False,False,False,False,False,False,False,2022-12-02 19:50:36.429136+00:00,2022-12-02 19:50:36.429136+00:00
1598744818540109824,ukraine-de,True,True,False,False,False,False,False,False,False,False,2022-12-02 19:50:36.429027+00:00,2022-12-02 19:50:36.429027+00:00
1598744830938517505,ukraine-de,True,True,False,False,False,False,False,False,False,False,2022-12-02 19:50:36.428927+00:00,2022-12-02 19:50:36.428927+00:00
1598744989051256842,ukraine-de,True,True,False,False,False,False,False,False,False,False,2022-12-02 19:50:36.428827+00:00,2022-12-02 19:50:36.428827+00:00
1598744994348556288,ukraine-de,True,True,False,False,False,False,False,False,False,False,2022-12-02 19:50:36.428711+00:00,2022-12-02 19:50:36.428711+00:00
1598745011302064131,ukraine-de,True,True,False,False,False,False,False,False,False,False,2022-12-02 19:50:36.428611+00:00,2022-12-02 19:50:36.428611+00:00
1598745062946484224,ukraine-de,True,True,False,False,False,False,False,False,False,False,2022-12-02 19:50:36.428510+00:00,2022-12-02 19:50:36.428510+00:00
1598745074048716800,ukraine-de,True,True,False,False,False,False,False,False,False,False,2022-12-02 19:50:36.428395+00:00,2022-12-02 19:50:36.428395+00:00
1598745083653881857,ukraine-de,True,True,False,False,False,False,False,False,False,False,2022-12-02 19:50:36.428296+00:00,2022-12-02 19:50:36.428296+00:00
1598745121624817675,ukraine-de,True,True,False,False,False,False,False,False,False,False,2022-12-02 19:50:36.428196+00:00,2022-12-02 19:50:36.428196+00:00
1598745126980886528,ukraine-de,True,True,False,False,False,False,False,False,False,False,2022-12-02 19:50:36.428096+00:00,2022-12-02 19:50:36.428096+00:00
1598745132076978176,ukraine-de,True,True,False,False,False,False,False,False,False,False,2022-12-02 19:50:36.427997+00:00,2022-12-02 19:50:36.427997+00:00
1598745134065016838,ukraine-de,True,False,False,False,False,False,False,False,False,False,2022-12-03 01:30:18.816952+00:00,2022-12-03 01:30:18.816952+00:00
1598745166210375680,ukraine-de,True,False,False,False,False,False,False,False,False,False,2022-12-02 22:35:54.192679+00:00,2022-12-02 22:35:54.192679+00:00
1598745196249767936,ukraine-de,True,True,False,False,False,False,False,False,False,False,2022-12-02 19:50:17.524497+00:00,2022-12-02 19:50:36.427890+00:00
1598745219289186311,ukraine-de,True,True,False,False,False,False,False,False,False,False,2022-12-02 19:50:36.427777+00:00,2022-12-02 19:50:36.427777+00:00
1598745227514126336,ukraine-de,True,True,False,False,False,False,False,False,False,False,2022-12-02 19:50:36.427675+00:00,2022-12-02 19:50:36.427675+00:00
1598745338638000129,ukraine-de,True,True,False,False,False,False,False,False,False,False,2022-12-02 19:50:36.427557+00:00,2022-12-02 19:50:36.427557+00:00
1598745365703860224,ukraine-de,True,True,False,False,False,False,False,False,False,False,2022-12-02 19:50:36.427396+00:00,2022-12-02 19:50:36.427396+00:00
1598745397605826565,ukraine-de,True,True,False,False,False,False,False,False,False,False,2022-12-02 19:50:36.427298+00:00,2022-12-02 19:50:36.427298+00:00
1598745408120946688,ukraine-de,True,True,False,False,False,False,False,False,False,False,2022-12-02 19:50:36.427197+00:00,2022-12-02 19:50:36.427197+00:00
1598745432855031808,ukraine-de,True,True,False,False,False,False,False,False,False,False,2022-12-02 19:50:36.427096+00:00,2022-12-02 19:50:36.427096+00:00
1598745436466053137,ukraine-de,True,True,False,False,False,False,False,False,False,False,2022-12-02 19:50:36.426995+00:00,2022-12-02 19:50:36.426995+00:00
1598745450777018369,ukraine-de,True,True,False,False,False,False,False,False,False,False,2022-12-02 19:50:36.426876+00:00,2022-12-02 19:50:36.426876+00:00
1598745478241320969,ukraine-de,True,True,False,False,False,False,False,False,False,False,2022-12-02 19:50:36.426777+00:00,2022-12-02 19:50:36.426777+00:00
1598745501905494017,ukraine-de,True,True,False,False,False,False,False,False,False,False,2022-12-02 19:50:36.426680+00:00,2022-12-02 19:50:36.426680+00:00
1598745504954753024,ukraine-de,True,True,False,False,False,False,False,False,False,False,2022-12-02 19:50:36.426581+00:00,2022-12-02 19:50:36.426581+00:00
1598745515637850112,ukraine-de,True,True,False,False,False,False,False,False,False,False,2022-12-02 19:50:36.426474+00:00,2022-12-02 19:50:36.426474+00:00
1598745528807743489,ukraine-de,True,True,False,False,False,False,False,False,False,False,2022-12-02 19:50:36.426377+00:00,2022-12-02 19:50:36.426377+00:00
1598745558503522313,ukraine-de,True,True,False,False,False,False,False,False,False,False,2022-12-02 19:50:36.426280+00:00,2022-12-02 19:50:36.426280+00:00
1598745571958956032,ukraine-de,True,True,False,False,False,False,False,False,False,False,2022-12-02 19:50:36.426179+00:00,2022-12-02 19:50:36.426179+00:00
1598745580305453056,ukraine-de,True,True,False,False,False,False,False,False,False,False,2022-12-02 19:50:36.426076+00:00,2022-12-02 19:50:36.426076+00:00
1598745597191888896,ukraine-de,True,True,False,False,False,False,False,False,False,False,2022-12-02 19:50:36.425977+00:00,2022-12-02 19:50:36.425977+00:00
1598745615537537029,ukraine-de,True,True,False,False,False,False,False,False,False,False,2022-12-02 19:50:36.425875+00:00,2022-12-02 19:50:36.425875+00:00
1598745627088781323,ukraine-de,True,True,False,False,False,False,False,False,False,False,2022-12-02 19:50:36.425749+00:00,2022-12-02 19:50:36.425749+00:00
1598745636542611456,ukraine-de,True,True,False,False,False,False,False,False,False,False,2022-12-02 19:50:36.425559+00:00,2022-12-02 19:50:36.425559+00:00
1598745650287595521,ukraine-de,True,True,False,False,False,False,False,False,False,False,2022-12-02 19:50:36.425463+00:00,2022-12-02 19:50:36.425463+00:00
1598745652493578240,ukraine-de,True,True,False,False,False,False,False,False,False,False,2022-12-02 19:50:36.425366+00:00,2022-12-02 19:50:36.425366+00:00
1598745655043768321,ukraine-de,True,True,False,False,False,False,False,False,False,False,2022-12-02 19:50:36.425254+00:00,2022-12-02 19:50:36.425254+00:00
1598745660727123969,ukraine-de,True,True,False,False,False,False,False,False,False,False,2022-12-02 19:50:36.425156+00:00,2022-12-02 19:50:36.425156+00:00
1598745670260752405,ukraine-de,True,True,False,False,False,False,False,False,False,False,2022-12-02 19:50:36.425059+00:00,2022-12-02 19:50:36.425059+00:00
1598745671774896147,ukraine-de,True,True,False,False,False,False,False,False,False,False,2022-12-02 19:50:36.424962+00:00,2022-12-02 19:50:36.424962+00:00
1598745692859760641,ukraine-de,True,True,False,False,False,False,False,False,False,False,2022-12-02 19:50:36.424852+00:00,2022-12-02 19:50:36.424852+00:00
1598745703727104000,ukraine-de,True,True,False,False,False,False,False,False,False,False,2022-12-02 19:50:36.424758+00:00,2022-12-02 19:50:36.424758+00:00
1598745704402341889,ukraine-de,True,True,False,False,False,False,False,False,False,False,2022-12-02 19:50:36.424660+00:00,2022-12-02 19:50:36.424660+00:00
1598745714716180483,ukraine-de,True,True,False,False,False,False,False,False,False,False,2022-12-02 19:50:36.424549+00:00,2022-12-02 19:50:36.424549+00:00
1598745723578863616,ukraine-de,True,True,False,False,False,False,False,False,False,False,2022-12-02 19:50:36.424432+00:00,2022-12-02 19:50:36.424432+00:00
1598745759582650391,ukraine-de,True,False,False,False,False,False,False,False,False,False,2022-12-02 19:50:27.669697+00:00,2022-12-02 19:50:27.669697+00:00
1598745762564800531,ukraine-de,True,True,False,False,False,False,False,False,False,False,2022-12-02 19:50:36.424331+00:00,2022-12-02 19:50:36.424331+00:00
1598745779673321472,ukraine-de,True,True,False,False,False,False,False,False,False,False,2022-12-02 19:50:36.424228+00:00,2022-12-02 19:50:36.424228+00:00
1598745794307391488,ukraine-de,True,True,False,False,False,False,False,False,False,False,2022-12-02 19:50:36.424117+00:00,2022-12-02 19:50:36.424117+00:00
1598745856441581570,ukraine-de,True,True,False,False,False,False,False,False,False,False,2022-12-02 19:50:36.423937+00:00,2022-12-02 19:50:36.423937+00:00
1598745860212260864,ukraine-de,True,True,False,False,False,False,False,False,False,False,2022-12-02 19:50:36.423843+00:00,2022-12-02 19:50:36.423843+00:00
1598745860329930752,ukraine-de,True,True,False,False,False,False,False,False,False,False,2022-12-02 19:50:36.423732+00:00,2022-12-02 19:50:36.423732+00:00
1598745864943566876,ukraine-de,True,True,False,False,False,False,False,False,False,False,2022-12-02 19:50:36.423632+00:00,2022-12-02 19:50:36.423632+00:00
1598745890566524928,ukraine-de,True,True,False,False,False,False,False,False,False,False,2022-12-02 19:50:36.423520+00:00,2022-12-02 19:50:36.423520+00:00
1598745892340629505,ukraine-de,True,True,False,False,False,False,False,False,False,False,2022-12-02 19:50:36.423381+00:00,2022-12-02 19:50:36.423381+00:00
1598745902902018051,ukraine-de,True,True,False,False,False,False,False,False,False,False,2022-12-02 19:50:36.423277+00:00,2022-12-02 19:50:36.423277+00:00
1598745976230985728,ukraine-de,True,True,False,False,False,False,False,False,False,False,2022-12-02 19:50:36.423163+00:00,2022-12-02 19:50:36.423163+00:00
1598745977313116161,ukraine-de,True,True,False,False,False,False,False,False,False,False,2022-12-02 19:50:36.423056+00:00,2022-12-02 19:50:36.423056+00:00
1598745979745861644,ukraine-de,True,False,False,False,False,False,False,False,False,False,2022-12-02 22:35:45.786636+00:00,2022-12-02 22:35:45.786636+00:00
1598745988763713537,ukraine-de,True,True,False,False,False,False,False,False,False,False,2022-12-02 19:50:36.422933+00:00,2022-12-02 19:50:36.422933+00:00
1598746022448070664,ukraine-de,True,True,False,False,False,False,False,False,False,False,2022-12-02 19:50:36.422756+00:00,2022-12-02 19:50:36.422756+00:00
1598746032304799746,ukraine-de,True,False,False,False,False,False,False,False,False,False,2022-12-02 19:50:27.689420+00:00,2022-12-02 19:50:27.689420+00:00
1598746043188920320,ukraine-de,True,True,False,False,False,False,False,False,False,False,2022-12-02 19:50:36.422498+00:00,2022-12-02 19:50:36.422498+00:00
1598746056514215937,ukraine-de,True,True,False,False,False,False,False,False,False,False,2022-12-02 19:50:36.422290+00:00,2022-12-02 19:50:36.422290+00:00
1598746070804201474,ukraine-de,True,True,False,False,False,False,False,False,False,False,2022-12-02 19:50:36.422177+00:00,2022-12-02 19:50:36.422177+00:00
1598746072498982912,ukraine-de,True,True,False,False,False,False,False,False,False,False,2022-12-02 19:50:36.422066+00:00,2022-12-02 19:50:36.422066+00:00
1598746093671821312,ukraine-de,True,True,False,False,False,False,False,False,False,False,2022-12-02 19:50:36.421965+00:00,2022-12-02 19:50:36.421965+00:00
1598746157370331136,ukraine-de,True,True,False,False,False,False,False,False,False,False,2022-12-02 19:50:36.421859+00:00,2022-12-02 19:50:36.421859+00:00
1598746161061715968,ukraine-de,True,True,False,False,False,False,False,False,False,False,2022-12-02 19:50:36.421730+00:00,2022-12-02 19:50:36.421730+00:00
1598746186868981766,ukraine-de,True,True,False,False,False,False,False,False,False,False,2022-12-02 19:50:36.421543+00:00,2022-12-02 19:50:36.421543+00:00
1598746209459392523,ukraine-de,True,True,False,False,False,False,False,False,False,False,2022-12-02 19:50:36.421443+00:00,2022-12-02 19:50:36.421443+00:00
1598746232637165568,ukraine-de,True,True,False,False,False,False,False,False,False,False,2022-12-02 19:50:36.421344+00:00,2022-12-02 19:50:36.421344+00:00
1598746247497646080,ukraine-de,True,False,False,False,False,False,False,False,False,False,2022-12-02 19:50:27.662764+00:00,2022-12-02 19:50:27.662764+00:00
1598746274089533445,ukraine-de,True,True,False,False,False,False,False,False,False,False,2022-12-02 19:50:36.421243+00:00,2022-12-02 19:50:36.421243+00:00
1598746289461665793,ukraine-de,True,True,False,False,False,False,False,False,False,False,2022-12-02 19:50:36.421126+00:00,2022-12-02 19:50:36.421126+00:00
1598746320671592448,ukraine-de,True,True,False,False,False,False,False,False,False,False,2022-12-02 19:50:27.697397+00:00,2022-12-02 19:50:36.421009+00:00
1598746343907897344,ukraine-de,True,True,False,False,False,False,False,False,False,False,2022-12-02 19:50:36.420879+00:00,2022-12-02 19:50:36.420879+00:00
1598746359259070475,ukraine-de,True,True,False,False,False,False,False,False,False,False,2022-12-02 19:50:36.420779+00:00,2022-12-02 19:50:36.420779+00:00
1598746362610319375,ukraine-de,True,True,False,False,False,False,False,False,False,False,2022-12-02 19:50:36.420675+00:00,2022-12-02 19:50:36.420675+00:00
1598746376661106689,ukraine-de,True,True,False,False,False,False,False,False,False,False,2022-12-02 19:50:36.420571+00:00,2022-12-02 19:50:36.420571+00:00
1598746379651895298,ukraine-de,True,True,False,False,False,False,False,False,False,False,2022-12-02 19:50:36.420450+00:00,2022-12-02 19:50:36.420450+00:00
1598746401390854147,ukraine-de,True,True,False,False,False,False,False,False,False,False,2022-12-02 19:50:36.420348+00:00,2022-12-02 19:50:36.420348+00:00
1598746422165258241,ukraine-de,True,True,False,False,False,False,False,False,False,False,2022-12-02 19:50:36.420234+00:00,2022-12-02 19:50:36.420234+00:00
1598746429106831360,ukraine-de,True,True,False,False,False,False,False,False,False,False,2022-12-02 19:50:36.420125+00:00,2022-12-02 19:50:36.420125+00:00
1598746437746950144,ukraine-de,True,True,False,False,False,False,False,False,False,False,2022-12-02 19:50:36.419975+00:00,2022-12-02 19:50:36.419975+00:00
1598746442562142213,ukraine-de,True,False,False,False,False,False,False,False,False,False,2022-12-02 19:50:27.697976+00:00,2022-12-02 19:50:27.697976+00:00
1598746501995438080,ukraine-de,True,True,False,False,False,False,False,False,False,False,2022-12-02 19:50:36.419870+00:00,2022-12-02 19:50:36.419870+00:00
1598746520232243201,ukraine-de,True,False,False,False,False,False,False,False,False,False,2022-12-03 03:40:14.818170+00:00,2022-12-03 03:40:14.818170+00:00
1598746522681737225,ukraine-de,True,True,False,False,False,False,False,False,False,False,2022-12-02 19:50:36.419746+00:00,2022-12-02 19:50:36.419746+00:00
1598746561978126336,ukraine-de,True,False,False,False,False,False,False,False,False,False,2022-12-02 22:35:45.766060+00:00,2022-12-02 22:35:45.766060+00:00
1598746572996874242,ukraine-de,True,False,False,False,False,False,False,False,False,False,2022-12-03 11:05:57.676396+00:00,2022-12-03 11:05:57.676396+00:00
1598746577086054403,ukraine-de,True,True,False,False,False,False,False,False,False,False,2022-12-02 19:50:36.419646+00:00,2022-12-02 19:50:36.419646+00:00
1598746616092991488,ukraine-de,True,True,False,False,False,False,False,False,False,False,2022-12-02 19:50:36.419473+00:00,2022-12-02 19:50:36.419473+00:00
1598746623554748433,ukraine-de,True,True,False,False,False,False,False,False,False,False,2022-12-02 19:50:36.419372+00:00,2022-12-02 19:50:36.419372+00:00
1598746624238419980,ukraine-de,True,True,False,False,False,False,False,False,False,False,2022-12-02 19:50:36.419269+00:00,2022-12-02 19:50:36.419269+00:00
1598746629615517701,ukraine-de,True,True,False,False,False,False,False,False,False,False,2022-12-02 19:50:36.419165+00:00,2022-12-02 19:50:36.419165+00:00
1598746640592285696,ukraine-de,True,True,False,False,False,False,False,False,False,False,2022-12-02 19:50:36.419022+00:00,2022-12-02 19:50:36.419022+00:00
1598746644270415878,ukraine-de,True,True,False,False,False,False,False,False,False,False,2022-12-02 19:50:36.418849+00:00,2022-12-02 19:50:36.418849+00:00
1598746658120007690,ukraine-de,True,True,False,False,False,False,False,False,False,False,2022-12-02 19:50:36.418748+00:00,2022-12-02 19:50:36.418748+00:00
1598746702743105536,ukraine-de,True,True,False,False,False,False,False,False,False,False,2022-12-02 19:50:36.418644+00:00,2022-12-02 19:50:36.418644+00:00
1598746711387557888,ukraine-de,True,False,False,False,False,False,False,False,False,False,2022-12-02 19:50:27.685142+00:00,2022-12-02 19:50:27.685142+00:00
1598746729192513537,ukraine-de,True,True,False,False,False,False,False,False,False,False,2022-12-02 19:50:36.418525+00:00,2022-12-02 19:50:36.418525+00:00
1598746749262184448,ukraine-de,True,True,False,False,False,False,False,False,False,False,2022-12-02 19:50:36.418411+00:00,2022-12-02 19:50:36.418411+00:00
1598746777527672833,ukraine-de,True,True,False,False,False,False,False,False,False,False,2022-12-02 19:50:36.418160+00:00,2022-12-02 19:50:36.418160+00:00
1598746786016919571,ukraine-de,True,False,False,False,False,False,False,False,False,False,2022-12-02 19:50:27.683812+00:00,2022-12-02 19:50:27.683812+00:00
1598746832494002178,ukraine-de,True,True,False,False,False,False,False,False,False,False,2022-12-02 19:50:27.660767+00:00,2022-12-02 19:50:27.660767+00:00
1598746840177967104,ukraine-de,True,False,False,False,False,False,False,False,False,False,2022-12-02 19:50:27.693178+00:00,2022-12-02 19:50:27.693178+00:00
1598746844405723138,ukraine-de,True,True,False,False,False,False,False,False,False,False,2022-12-02 19:50:27.660654+00:00,2022-12-02 19:50:27.660654+00:00
1598746860637782031,ukraine-de,True,True,False,False,False,False,False,False,False,False,2022-12-02 19:50:27.660556+00:00,2022-12-02 19:50:27.660556+00:00
1598746938026885134,ukraine-de,True,True,False,False,False,False,False,False,False,False,2022-12-02 19:50:27.660458+00:00,2022-12-02 19:50:27.660458+00:00
1598746950551195648,ukraine-de,True,True,False,False,False,False,False,False,False,False,2022-12-02 19:50:27.660359+00:00,2022-12-02 19:50:27.660359+00:00
1598746960889933824,ukraine-de,True,True,False,False,False,False,False,False,False,False,2022-12-02 19:50:27.660259+00:00,2022-12-02 19:50:27.660259+00:00
1598746963645587456,ukraine-de,True,True,False,False,False,False,False,False,False,False,2022-12-02 19:50:27.660154+00:00,2022-12-02 19:50:27.660154+00:00
1598746985527402496,ukraine-de,True,False,False,False,False,False,False,False,False,False,2022-12-02 19:50:27.692979+00:00,2022-12-02 19:50:27.692979+00:00
1598747001788764160,ukraine-de,True,True,False,False,False,False,False,False,False,False,2022-12-02 19:50:27.660040+00:00,2022-12-02 19:50:27.660040+00:00
1598747058554355712,ukraine-de,True,True,False,False,False,False,False,False,False,False,2022-12-02 19:50:27.659941+00:00,2022-12-02 19:50:27.659941+00:00
1598747084567371777,ukraine-de,True,True,False,False,False,False,False,False,False,False,2022-12-02 19:50:27.659842+00:00,2022-12-02 19:50:27.659842+00:00
1598747132747563008,ukraine-de,True,True,False,False,False,False,False,False,False,False,2022-12-02 19:50:27.659743+00:00,2022-12-02 19:50:27.659743+00:00
1598747145741402113,ukraine-de,True,True,False,False,False,False,False,False,False,False,2022-12-02 19:50:27.659641+00:00,2022-12-02 19:50:27.659641+00:00
1598747156646572032,ukraine-de,True,True,False,False,False,False,False,False,False,False,2022-12-02 19:50:27.659526+00:00,2022-12-02 19:50:27.659526+00:00
1598747175869104128,ukraine-de,True,True,False,False,False,False,False,False,False,False,2022-12-02 19:50:27.659409+00:00,2022-12-02 19:50:27.659409+00:00
1598747192965087233,ukraine-de,True,True,False,False,False,False,False,False,False,False,2022-12-02 19:50:27.659307+00:00,2022-12-02 19:50:27.659307+00:00
1598747295566151681,ukraine-de,True,True,False,False,False,False,False,False,False,False,2022-12-02 19:50:27.659182+00:00,2022-12-02 19:50:27.659182+00:00
1598747303615012865,ukraine-de,True,True,False,False,False,False,False,False,False,False,2022-12-02 19:50:27.659079+00:00,2022-12-02 19:50:27.659079+00:00
1598747341309083649,ukraine-de,True,True,False,False,False,False,False,False,False,False,2022-12-02 19:50:27.658979+00:00,2022-12-02 19:50:27.658979+00:00
1598747349823721475,ukraine-de,True,True,False,False,False,False,False,False,False,False,2022-12-02 19:50:27.658878+00:00,2022-12-02 19:50:27.658878+00:00
1598747352558235648,ukraine-de,True,True,False,False,False,False,False,False,False,False,2022-12-02 19:50:27.658702+00:00,2022-12-02 19:50:27.658702+00:00
1598747363551715329,ukraine-de,True,True,False,False,False,False,False,False,False,False,2022-12-02 19:50:27.658595+00:00,2022-12-02 19:50:27.658595+00:00
1598747378500214786,ukraine-de,True,True,False,False,False,False,False,False,False,False,2022-12-02 19:50:27.658496+00:00,2022-12-02 19:50:27.658496+00:00
1598747379200450560,ukraine-de,True,True,False,False,False,False,False,False,False,False,2022-12-02 19:50:27.658391+00:00,2022-12-02 19:50:27.658391+00:00
1598747414591963136,ukraine-de,True,True,False,False,False,False,False,False,False,False,2022-12-02 19:50:27.658293+00:00,2022-12-02 19:50:27.658293+00:00
1598747495470858249,ukraine-de,True,True,False,False,False,False,False,False,False,False,2022-12-02 19:50:27.658196+00:00,2022-12-02 19:50:27.658196+00:00
1598747516228419584,ukraine-de,True,False,False,False,False,False,False,False,False,False,2022-12-02 19:50:17.525719+00:00,2022-12-02 19:50:17.525719+00:00
1598747577381376000,ukraine-de,True,True,False,False,False,False,False,False,False,False,2022-12-02 19:50:27.658098+00:00,2022-12-02 19:50:27.658098+00:00
1598747609778225155,ukraine-de,True,True,False,False,False,False,False,False,False,False,2022-12-02 19:50:27.658000+00:00,2022-12-02 19:50:27.658000+00:00
1598747630691024907,ukraine-de,True,True,False,False,False,False,False,False,False,False,2022-12-02 19:50:27.657900+00:00,2022-12-02 19:50:27.657900+00:00
1598747712131776513,ukraine-de,True,True,False,False,False,False,False,False,False,False,2022-12-02 19:50:27.657784+00:00,2022-12-02 19:50:27.657784+00:00
1598747786421456896,ukraine-de,True,True,False,False,False,False,False,False,False,False,2022-12-02 19:50:27.657668+00:00,2022-12-02 19:50:27.657668+00:00
1598747796995297280,ukraine-de,True,True,False,False,False,False,False,False,False,False,2022-12-02 19:50:27.657551+00:00,2022-12-02 19:50:27.657551+00:00
1598747803047501824,ukraine-de,True,True,False,False,False,False,False,False,False,False,2022-12-02 19:50:27.657454+00:00,2022-12-02 19:50:27.657454+00:00
1598747810039463947,ukraine-de,True,True,False,False,False,False,False,False,False,False,2022-12-02 19:50:27.657357+00:00,2022-12-02 19:50:27.657357+00:00
1598747812086194176,ukraine-de,True,False,False,False,False,False,False,False,False,False,2022-12-02 19:50:27.689021+00:00,2022-12-02 19:50:27.689021+00:00
1598747881934135296,ukraine-de,True,True,False,False,False,False,False,False,False,False,2022-12-02 19:50:27.657247+00:00,2022-12-02 19:50:27.657247+00:00
1598747900363710467,ukraine-de,True,True,False,False,False,False,False,False,False,False,2022-12-02 19:50:27.657147+00:00,2022-12-02 19:50:27.657147+00:00
1598747903069245441,ukraine-de,True,True,False,False,False,False,False,False,False,False,2022-12-02 19:50:27.657027+00:00,2022-12-02 19:50:27.657027+00:00
1598747928352370688,ukraine-de,True,True,False,False,False,False,False,False,False,False,2022-12-02 19:50:27.656780+00:00,2022-12-02 19:50:27.656780+00:00
1598747962108104705,ukraine-de,True,True,False,False,False,False,False,False,False,False,2022-12-02 19:50:27.656668+00:00,2022-12-02 19:50:27.656668+00:00
1598747984577134593,ukraine-de,True,True,False,False,False,False,False,False,False,False,2022-12-02 19:50:27.656564+00:00,2022-12-02 19:50:27.656564+00:00
1598747991107665920,ukraine-de,True,False,False,False,False,False,False,False,False,False,2022-12-02 19:50:17.522126+00:00,2022-12-02 19:50:17.522126+00:00
1598747993330491392,ukraine-de,True,True,False,False,False,False,False,False,False,False,2022-12-02 19:50:27.656452+00:00,2022-12-02 19:50:27.656452+00:00
1598748002776121362,ukraine-de,True,True,False,False,False,False,False,False,False,False,2022-12-02 19:50:27.656339+00:00,2022-12-02 19:50:27.656339+00:00
1598748005133262848,ukraine-de,True,True,False,False,False,False,False,False,False,False,2022-12-02 19:50:27.656017+00:00,2022-12-02 19:50:27.656017+00:00
1598748036863184896,ukraine-de,True,True,False,False,False,False,False,False,False,False,2022-12-02 19:50:17.525029+00:00,2022-12-02 19:50:27.655883+00:00
1598748040143073280,ukraine-de,True,True,False,False,False,False,False,False,False,False,2022-12-02 19:50:27.655671+00:00,2022-12-02 19:50:27.655671+00:00
1598748048376537090,ukraine-de,True,True,False,False,False,False,False,False,False,False,2022-12-02 19:50:27.655571+00:00,2022-12-02 19:50:27.655571+00:00
1598748067959738368,ukraine-de,True,True,False,False,False,False,False,False,False,False,2022-12-02 19:50:27.655461+00:00,2022-12-02 19:50:27.655461+00:00
1598748073974431755,ukraine-de,True,True,False,False,False,False,False,False,False,False,2022-12-02 19:50:27.655344+00:00,2022-12-02 19:50:27.655344+00:00
1598748075664715776,ukraine-de,True,True,False,False,False,False,False,False,False,False,2022-12-02 19:50:27.655235+00:00,2022-12-02 19:50:27.655235+00:00
1598748088876793870,ukraine-de,True,True,False,False,False,False,False,False,False,False,2022-12-02 19:50:27.655135+00:00,2022-12-02 19:50:27.655135+00:00
1598748101057155072,ukraine-de,True,True,False,False,False,False,False,False,False,False,2022-12-02 19:50:27.655035+00:00,2022-12-02 19:50:27.655035+00:00
1598748115191873536,ukraine-de,True,False,False,False,False,False,False,False,False,False,2022-12-02 22:35:17.194523+00:00,2022-12-02 22:35:17.194523+00:00
1598748124293365760,ukraine-de,True,True,False,False,False,False,False,False,False,False,2022-12-02 19:50:27.654933+00:00,2022-12-02 19:50:27.654933+00:00
1598748168765681666,ukraine-de,True,True,False,False,False,False,False,False,False,False,2022-12-02 19:50:27.654813+00:00,2022-12-02 19:50:27.654813+00:00
1598748177749856257,ukraine-de,True,True,False,False,False,False,False,False,False,False,2022-12-02 19:50:27.654712+00:00,2022-12-02 19:50:27.654712+00:00
1598748214525661184,ukraine-de,True,False,False,False,False,False,False,False,False,False,2022-12-02 22:35:45.761275+00:00,2022-12-02 22:35:45.761275+00:00
1598748233408339970,ukraine-de,True,False,False,False,False,False,False,False,False,False,2022-12-02 19:50:17.501113+00:00,2022-12-02 19:50:17.501113+00:00
1598748261782732800,ukraine-de,True,True,False,False,False,False,False,False,False,False,2022-12-02 19:50:27.654602+00:00,2022-12-02 19:50:27.654602+00:00
1598748264714625025,ukraine-de,True,True,False,False,False,False,False,False,False,False,2022-12-02 19:50:27.654501+00:00,2022-12-02 19:50:27.654501+00:00
1598748279428218890,ukraine-de,True,True,False,False,False,False,False,False,False,False,2022-12-02 19:50:27.654397+00:00,2022-12-02 19:50:27.654397+00:00
1598748286692855808,ukraine-de,True,True,False,False,False,False,False,False,False,False,2022-12-02 19:50:17.522670+00:00,2022-12-02 19:50:27.654282+00:00
1598748289889075206,ukraine-de,True,False,False,False,False,False,False,False,False,False,2022-12-02 19:50:27.693949+00:00,2022-12-02 19:50:27.693949+00:00
1598748314023120898,ukraine-de,True,True,False,False,False,False,False,False,False,False,2022-12-02 19:50:27.654162+00:00,2022-12-02 19:50:27.654162+00:00
1598748329986269184,ukraine-de,True,True,False,False,False,False,False,False,False,False,2022-12-02 19:50:27.654019+00:00,2022-12-02 19:50:27.654019+00:00
1598748335417921536,ukraine-de,True,True,False,False,False,False,False,False,False,False,2022-12-02 19:50:27.653235+00:00,2022-12-02 19:50:27.653235+00:00
1598748338437775360,ukraine-de,True,True,False,False,False,False,False,False,False,False,2022-12-02 19:50:27.653134+00:00,2022-12-02 19:50:27.653134+00:00
1598748341072195584,ukraine-de,True,True,False,False,False,False,False,False,False,False,2022-12-02 19:50:27.653014+00:00,2022-12-02 19:50:27.653014+00:00
1598748352664899584,ukraine-de,True,True,False,False,False,False,False,False,False,False,2022-12-02 19:50:27.652916+00:00,2022-12-02 19:50:27.652916+00:00
1598748441198272512,ukraine-de,True,True,False,False,False,False,False,False,False,False,2022-12-02 19:50:27.652818+00:00,2022-12-02 19:50:27.652818+00:00
1598748444822208517,ukraine-de,True,True,False,False,False,False,False,False,False,False,2022-12-02 19:50:27.652719+00:00,2022-12-02 19:50:27.652719+00:00
1598748522081312768,ukraine-de,True,True,False,False,False,False,False,False,False,False,2022-12-02 19:50:27.652621+00:00,2022-12-02 19:50:27.652621+00:00
1598748524895666177,ukraine-de,True,True,False,False,False,False,False,False,False,False,2022-12-02 19:50:27.652511+00:00,2022-12-02 19:50:27.652511+00:00
1598748545107972097,ukraine-de,True,True,False,False,False,False,False,False,False,False,2022-12-02 19:50:27.652410+00:00,2022-12-02 19:50:27.652410+00:00
1598748588594561032,ukraine-de,True,True,False,False,False,False,False,False,False,False,2022-12-02 19:50:27.652305+00:00,2022-12-02 19:50:27.652305+00:00
1598748638582276102,ukraine-de,True,True,False,False,False,False,False,False,False,False,2022-12-02 19:50:27.652115+00:00,2022-12-02 19:50:27.652115+00:00
1598748644689444864,ukraine-de,True,True,False,False,False,False,False,False,False,False,2022-12-02 19:50:27.652016+00:00,2022-12-02 19:50:27.652016+00:00
1598748657557307407,ukraine-de,True,True,False,False,False,False,False,False,False,False,2022-12-02 19:50:27.651917+00:00,2022-12-02 19:50:27.651917+00:00
1598748690616930304,ukraine-de,True,True,False,False,False,False,False,False,False,False,2022-12-02 19:50:27.651817+00:00,2022-12-02 19:50:27.651817+00:00
1598748714411098116,ukraine-de,True,True,False,False,False,False,False,False,False,False,2022-12-02 19:50:27.651713+00:00,2022-12-02 19:50:27.651713+00:00
1598748724569718784,ukraine-de,True,True,False,False,False,False,False,False,False,False,2022-12-02 19:50:27.651610+00:00,2022-12-02 19:50:27.651610+00:00
1598748740650962946,ukraine-de,True,True,False,False,False,False,False,False,False,False,2022-12-02 19:50:27.651507+00:00,2022-12-02 19:50:27.651507+00:00
1598748754076733440,ukraine-de,True,True,False,False,False,False,False,False,False,False,2022-12-02 19:50:27.651387+00:00,2022-12-02 19:50:27.651387+00:00
1598748788528668672,ukraine-de,True,True,False,False,False,False,False,False,False,False,2022-12-02 19:50:27.651287+00:00,2022-12-02 19:50:27.651287+00:00
1598748797164822529,ukraine-de,True,True,False,False,False,False,False,False,False,False,2022-12-02 19:50:27.651168+00:00,2022-12-02 19:50:27.651168+00:00
1598748810565406720,ukraine-de,True,True,False,False,False,False,False,False,False,False,2022-12-02 19:50:27.651068+00:00,2022-12-02 19:50:27.651068+00:00
1598748834338721792,ukraine-de,True,True,False,False,False,False,False,False,False,False,2022-12-02 19:50:27.650969+00:00,2022-12-02 19:50:27.650969+00:00
1598748836050006016,ukraine-de,True,False,False,False,False,False,False,False,False,False,2022-12-03 08:10:46.220003+00:00,2022-12-03 08:10:46.220003+00:00
1598748851804196864,ukraine-de,True,True,False,False,False,False,False,False,False,False,2022-12-02 19:50:27.650853+00:00,2022-12-02 19:50:27.650853+00:00
1598748922868031489,ukraine-de,True,True,False,False,False,False,False,False,False,False,2022-12-02 19:50:27.650745+00:00,2022-12-02 19:50:27.650745+00:00
1598748951687360513,ukraine-de,True,True,False,False,False,False,False,False,False,False,2022-12-02 19:50:27.650633+00:00,2022-12-02 19:50:27.650633+00:00
1598748961426350080,ukraine-de,True,False,False,False,False,False,False,False,False,False,2022-12-02 19:50:27.682264+00:00,2022-12-02 19:50:27.682264+00:00
1598748973149302785,ukraine-de,True,True,False,False,False,False,False,False,False,False,2022-12-02 19:50:27.650535+00:00,2022-12-02 19:50:27.650535+00:00
1598748981181534211,ukraine-de,True,True,False,False,False,False,False,False,False,False,2022-12-02 19:50:27.650433+00:00,2022-12-02 19:50:27.650433+00:00
1598748991847792641,ukraine-de,True,True,False,False,False,False,False,False,False,False,2022-12-02 19:50:27.650325+00:00,2022-12-02 19:50:27.650325+00:00
1598748997430415361,ukraine-de,True,True,False,False,False,False,False,False,False,False,2022-12-02 19:50:27.650203+00:00,2022-12-02 19:50:27.650203+00:00
1598749016376082433,ukraine-de,True,True,False,False,False,False,False,False,False,False,2022-12-02 19:50:27.650082+00:00,2022-12-02 19:50:27.650082+00:00
1598749026505355264,ukraine-de,True,True,False,False,False,False,False,False,False,False,2022-12-02 19:50:27.649915+00:00,2022-12-02 19:50:27.649915+00:00
1598749036500090888,ukraine-de,True,True,False,False,False,False,False,False,False,False,2022-12-02 19:50:27.649812+00:00,2022-12-02 19:50:27.649812+00:00
1598749054132944910,ukraine-de,True,True,False,False,False,False,False,False,False,False,2022-12-02 19:50:27.649711+00:00,2022-12-02 19:50:27.649711+00:00
1598749079793647622,ukraine-de,True,True,False,False,False,False,False,False,False,False,2022-12-02 19:50:27.649576+00:00,2022-12-02 19:50:27.649576+00:00
1598749085233577984,ukraine-de,True,True,False,False,False,False,False,False,False,False,2022-12-02 19:50:27.649473+00:00,2022-12-02 19:50:27.649473+00:00
1598749091365781514,ukraine-de,True,True,False,False,False,False,False,False,False,False,2022-12-02 19:50:27.649373+00:00,2022-12-02 19:50:27.649373+00:00
1598749094779944975,ukraine-de,True,False,False,False,False,False,False,False,False,False,2022-12-03 05:35:06.049969+00:00,2022-12-03 05:35:06.049969+00:00
1598749099242627073,ukraine-de,True,True,False,False,False,False,False,False,False,False,2022-12-02 19:50:27.649269+00:00,2022-12-02 19:50:27.649269+00:00
1598749102912700419,ukraine-de,True,True,False,False,False,False,False,False,False,False,2022-12-02 19:50:27.649169+00:00,2022-12-02 19:50:27.649169+00:00
1598749117760651265,ukraine-de,True,True,False,False,False,False,False,False,False,False,2022-12-02 19:50:27.649068+00:00,2022-12-02 19:50:27.649068+00:00
1598749192351932416,ukraine-de,True,True,False,False,False,False,False,False,False,False,2022-12-02 19:50:27.648949+00:00,2022-12-02 19:50:27.648949+00:00
1598749206553862144,ukraine-de,True,True,False,False,False,False,False,False,False,False,2022-12-02 19:50:27.648823+00:00,2022-12-02 19:50:27.648823+00:00
1598749209179586565,ukraine-de,True,False,False,False,False,False,False,False,False,False,2022-12-02 22:35:54.189852+00:00,2022-12-02 22:35:54.189852+00:00
1598749240091607040,ukraine-de,True,True,False,False,False,False,False,False,False,False,2022-12-02 19:50:27.648716+00:00,2022-12-02 19:50:27.648716+00:00
1598749248304070657,ukraine-de,True,False,False,False,False,False,False,False,False,False,2022-12-03 01:30:30.064919+00:00,2022-12-03 01:30:30.064919+00:00
1598749319259213824,ukraine-de,True,True,False,False,False,False,False,False,False,False,2022-12-02 19:50:27.648550+00:00,2022-12-02 19:50:27.648550+00:00
1598749330185256978,ukraine-de,True,True,False,False,False,False,False,False,False,False,2022-12-02 19:50:27.648434+00:00,2022-12-02 19:50:27.648434+00:00
1598749332718686212,ukraine-de,True,True,False,False,False,False,False,False,False,False,2022-12-02 19:50:27.648332+00:00,2022-12-02 19:50:27.648332+00:00
1598749339890991104,ukraine-de,True,True,False,False,False,False,False,False,False,False,2022-12-02 19:50:27.648218+00:00,2022-12-02 19:50:27.648218+00:00
1598749349076500481,ukraine-de,True,True,False,False,False,False,False,False,False,False,2022-12-02 19:50:17.500581+00:00,2022-12-02 19:50:27.648042+00:00
1598749354902245377,ukraine-de,True,True,False,False,False,False,False,False,False,False,2022-12-02 19:50:27.647925+00:00,2022-12-02 19:50:27.647925+00:00
1598749361231446016,ukraine-de,True,True,False,False,False,False,False,False,False,False,2022-12-02 19:50:27.647826+00:00,2022-12-02 19:50:27.647826+00:00
1598749387605278726,ukraine-de,True,True,False,False,False,False,False,False,False,False,2022-12-02 19:50:27.647728+00:00,2022-12-02 19:50:27.647728+00:00
1598749394131714048,ukraine-de,True,True,False,False,False,False,False,False,False,False,2022-12-02 19:50:27.647629+00:00,2022-12-02 19:50:27.647629+00:00
1598749414201651200,ukraine-de,True,True,False,False,False,False,False,False,False,False,2022-12-02 19:50:27.647529+00:00,2022-12-02 19:50:27.647529+00:00
1598749417422495749,ukraine-de,True,True,False,False,False,False,False,False,False,False,2022-12-02 19:50:27.647414+00:00,2022-12-02 19:50:27.647414+00:00
1598749429158137856,ukraine-de,True,True,False,False,False,False,False,False,False,False,2022-12-02 19:50:27.647314+00:00,2022-12-02 19:50:27.647314+00:00
1598749461152399367,ukraine-de,True,True,False,False,False,False,False,False,False,False,2022-12-02 19:50:27.647212+00:00,2022-12-02 19:50:27.647212+00:00
1598749473294909445,ukraine-de,True,True,False,False,False,False,False,False,False,False,2022-12-02 19:50:27.647093+00:00,2022-12-02 19:50:27.647093+00:00
1598749476474191872,ukraine-de,True,True,False,False,False,False,False,False,False,False,2022-12-02 19:50:27.646994+00:00,2022-12-02 19:50:27.646994+00:00
1598749494824386560,ukraine-de,True,True,False,False,False,False,False,False,False,False,2022-12-02 19:50:27.646894+00:00,2022-12-02 19:50:27.646894+00:00
1598749524880769025,ukraine-de,True,True,False,False,False,False,False,False,False,False,2022-12-02 19:50:27.646788+00:00,2022-12-02 19:50:27.646788+00:00
1598749562159628291,ukraine-de,True,True,False,False,False,False,False,False,False,False,2022-12-02 19:50:27.646601+00:00,2022-12-02 19:50:27.646601+00:00
1598749591448391681,ukraine-de,True,True,False,False,False,False,False,False,False,False,2022-12-02 19:50:27.646491+00:00,2022-12-02 19:50:27.646491+00:00
1598749605100822528,ukraine-de,True,True,False,False,False,False,False,False,False,False,2022-12-02 19:50:27.646390+00:00,2022-12-02 19:50:27.646390+00:00
1598749610154917888,ukraine-de,True,True,False,False,False,False,False,False,False,False,2022-12-02 19:50:27.646288+00:00,2022-12-02 19:50:27.646288+00:00
1598749613963575299,ukraine-de,True,True,False,False,False,False,False,False,False,False,2022-12-02 19:50:27.646148+00:00,2022-12-02 19:50:27.646148+00:00
1598749622284873728,ukraine-de,True,True,False,False,False,False,False,False,False,False,2022-12-02 19:50:27.645896+00:00,2022-12-02 19:50:27.645896+00:00
1598749622574383118,ukraine-de,True,True,False,False,False,False,False,False,False,False,2022-12-02 19:50:27.645798+00:00,2022-12-02 19:50:27.645798+00:00
1598749637673857024,ukraine-de,True,False,False,False,False,False,False,False,False,False,2022-12-02 19:50:27.673264+00:00,2022-12-02 19:50:27.673264+00:00
1598749642988060674,ukraine-de,True,False,False,False,False,False,False,False,False,False,2022-12-03 11:05:50.190487+00:00,2022-12-03 11:05:50.190487+00:00
1598749651145981971,ukraine-de,True,True,False,False,False,False,False,False,False,False,2022-12-02 19:50:27.645699+00:00,2022-12-02 19:50:27.645699+00:00
1598749658108641282,ukraine-de,True,True,False,False,False,False,False,False,False,False,2022-12-02 19:50:27.645582+00:00,2022-12-02 19:50:27.645582+00:00
1598749680342638595,ukraine-de,True,True,False,False,False,False,False,False,False,False,2022-12-02 19:50:27.645481+00:00,2022-12-02 19:50:27.645481+00:00
1598749696738045953,ukraine-de,True,True,False,False,False,False,False,False,False,False,2022-12-02 19:50:27.645382+00:00,2022-12-02 19:50:27.645382+00:00
1598749708733775889,ukraine-de,True,False,False,False,False,False,False,False,False,False,2022-12-03 11:06:05.446224+00:00,2022-12-03 11:06:05.446224+00:00
1598749717206138880,ukraine-de,True,True,False,False,False,False,False,False,False,False,2022-12-02 19:50:27.645279+00:00,2022-12-02 19:50:27.645279+00:00
1598749724969926663,ukraine-de,True,True,False,False,False,False,False,False,False,False,2022-12-02 19:50:27.645076+00:00,2022-12-02 19:50:27.645076+00:00
1598749734671466502,ukraine-de,True,True,False,False,False,False,False,False,False,False,2022-12-02 19:50:27.644981+00:00,2022-12-02 19:50:27.644981+00:00
1598749735803912194,ukraine-de,True,True,False,False,False,False,False,False,False,False,2022-12-02 19:50:27.644869+00:00,2022-12-02 19:50:27.644869+00:00
1598749740191154177,ukraine-de,True,True,False,False,False,False,False,False,False,False,2022-12-02 19:50:27.644773+00:00,2022-12-02 19:50:27.644773+00:00
1598749830486032393,ukraine-de,True,True,False,False,False,False,False,False,False,False,2022-12-02 19:50:27.644663+00:00,2022-12-02 19:50:27.644663+00:00
1598749844965036032,ukraine-de,True,True,False,False,False,False,False,False,False,False,2022-12-02 19:50:27.644564+00:00,2022-12-02 19:50:27.644564+00:00
1598749876845674518,ukraine-de,True,True,False,False,False,False,False,False,False,False,2022-12-02 19:50:27.644447+00:00,2022-12-02 19:50:27.644447+00:00
1598749884806533120,ukraine-de,True,True,False,False,False,False,False,False,False,False,2022-12-02 19:50:27.644350+00:00,2022-12-02 19:50:27.644350+00:00
1598749907615158273,ukraine-de,True,True,False,False,False,False,False,False,False,False,2022-12-02 19:50:27.644252+00:00,2022-12-02 19:50:27.644252+00:00
1598749909720584192,ukraine-de,True,True,False,False,False,False,False,False,False,False,2022-12-02 19:50:27.644155+00:00,2022-12-02 19:50:27.644155+00:00
1598749954473746432,ukraine-de,True,True,False,False,False,False,False,False,False,False,2022-12-02 19:50:27.644053+00:00,2022-12-02 19:50:27.644053+00:00
1598749958110314498,ukraine-de,True,True,False,False,False,False,False,False,False,False,2022-12-02 19:50:27.643945+00:00,2022-12-02 19:50:27.643945+00:00
1598750000598622208,ukraine-de,True,True,False,False,False,False,False,False,False,False,2022-12-02 19:50:27.643845+00:00,2022-12-02 19:50:27.643845+00:00
1598750005564538881,ukraine-de,True,True,False,False,False,False,False,False,False,False,2022-12-02 19:50:27.643746+00:00,2022-12-02 19:50:27.643746+00:00
1598750011570913287,ukraine-de,True,True,False,False,False,False,False,False,False,False,2022-12-02 19:50:27.643644+00:00,2022-12-02 19:50:27.643644+00:00
1598750015966437376,ukraine-de,True,True,False,False,False,False,False,False,False,False,2022-12-02 19:50:27.643539+00:00,2022-12-02 19:50:27.643539+00:00
1598750046996004887,ukraine-de,True,True,False,False,False,False,False,False,False,False,2022-12-02 19:50:27.643417+00:00,2022-12-02 19:50:27.643417+00:00
1598750049554530320,ukraine-de,True,True,False,False,False,False,False,False,False,False,2022-12-02 19:50:27.643077+00:00,2022-12-02 19:50:27.643077+00:00
1598750070488588288,ukraine-de,True,True,False,False,False,False,False,False,False,False,2022-12-02 19:50:27.642964+00:00,2022-12-02 19:50:27.642964+00:00
1598750128520691723,ukraine-de,True,True,False,False,False,False,False,False,False,False,2022-12-02 19:50:27.642863+00:00,2022-12-02 19:50:27.642863+00:00
1598750163421495299,ukraine-de,True,True,False,False,False,False,False,False,False,False,2022-12-02 19:50:27.642763+00:00,2022-12-02 19:50:27.642763+00:00
1598750180743987204,ukraine-de,True,True,False,False,False,False,False,False,False,False,2022-12-02 19:50:27.642650+00:00,2022-12-02 19:50:27.642650+00:00
1598750210238332929,ukraine-de,True,True,False,False,False,False,False,False,False,False,2022-12-02 19:50:27.642538+00:00,2022-12-02 19:50:27.642538+00:00
1598750218022813696,ukraine-de,True,True,False,False,False,False,False,False,False,False,2022-12-02 19:50:27.642416+00:00,2022-12-02 19:50:27.642416+00:00
1598750219251994626,ukraine-de,True,True,False,False,False,False,False,False,False,False,2022-12-02 19:50:27.642297+00:00,2022-12-02 19:50:27.642297+00:00
1598750240827482112,ukraine-de,True,True,False,False,False,False,False,False,False,False,2022-12-02 19:50:27.642086+00:00,2022-12-02 19:50:27.642086+00:00
1598750257000628224,ukraine-de,True,True,False,False,False,False,False,False,False,False,2022-12-02 19:50:27.641987+00:00,2022-12-02 19:50:27.641987+00:00
1598750263489269761,ukraine-de,True,True,False,False,False,False,False,False,False,False,2022-12-02 19:50:27.641865+00:00,2022-12-02 19:50:27.641865+00:00
1598750274046173184,ukraine-de,True,True,False,False,False,False,False,False,False,False,2022-12-02 19:50:27.641766+00:00,2022-12-02 19:50:27.641766+00:00
1598750279847104513,ukraine-de,True,True,False,False,False,False,False,False,False,False,2022-12-02 19:50:27.641655+00:00,2022-12-02 19:50:27.641655+00:00
1598750282208329728,ukraine-de,True,True,False,False,False,False,False,False,False,False,2022-12-02 19:50:27.641541+00:00,2022-12-02 19:50:27.641541+00:00
1598750291377127429,ukraine-de,True,False,False,False,False,False,False,False,False,False,2022-12-02 19:50:27.683100+00:00,2022-12-02 19:50:27.683100+00:00
1598750294946480151,ukraine-de,True,True,False,False,False,False,False,False,False,False,2022-12-02 19:50:27.641430+00:00,2022-12-02 19:50:27.641430+00:00
1598750310134054914,ukraine-de,True,True,False,False,False,False,False,False,False,False,2022-12-02 19:50:27.641319+00:00,2022-12-02 19:50:27.641319+00:00
1598750314945036288,ukraine-de,True,True,False,False,False,False,False,False,False,False,2022-12-02 19:50:27.641222+00:00,2022-12-02 19:50:27.641222+00:00
1598750316282793984,ukraine-de,True,True,False,False,False,False,False,False,False,False,2022-12-02 19:50:27.641125+00:00,2022-12-02 19:50:27.641125+00:00
1598750332041007104,ukraine-de,True,True,False,False,False,False,False,False,False,False,2022-12-02 19:50:27.641026+00:00,2022-12-02 19:50:27.641026+00:00
1598750349870759936,ukraine-de,True,True,False,False,False,False,False,False,False,False,2022-12-02 19:50:27.640901+00:00,2022-12-02 19:50:27.640901+00:00
1598750360545394699,ukraine-de,True,True,False,False,False,False,False,False,False,False,2022-12-02 19:50:27.640669+00:00,2022-12-02 19:50:27.640669+00:00
1598750362059546624,ukraine-de,True,True,False,False,False,False,False,False,False,False,2022-12-02 19:50:27.640571+00:00,2022-12-02 19:50:27.640571+00:00
1598750373552214016,ukraine-de,True,True,False,False,False,False,False,False,False,False,2022-12-02 19:50:27.640472+00:00,2022-12-02 19:50:27.640472+00:00
1598750399309107201,ukraine-de,True,False,False,False,False,False,False,False,False,False,2022-12-02 19:50:27.670161+00:00,2022-12-02 19:50:27.670161+00:00
1598750403239124992,ukraine-de,True,True,False,False,False,False,False,False,False,False,2022-12-02 19:50:27.640368+00:00,2022-12-02 19:50:27.640368+00:00
1598750454531227648,ukraine-de,True,True,False,False,False,False,False,False,False,False,2022-12-02 19:50:27.640254+00:00,2022-12-02 19:50:27.640254+00:00
1598750456179994624,ukraine-de,True,True,False,False,False,False,False,False,False,False,2022-12-02 19:50:27.640145+00:00,2022-12-02 19:50:27.640145+00:00
1598750461187719172,ukraine-de,True,True,False,False,False,False,False,False,False,False,2022-12-02 19:50:27.639962+00:00,2022-12-02 19:50:27.639962+00:00
1598750512270086144,ukraine-de,True,True,False,False,False,False,False,False,False,False,2022-12-02 19:50:27.639847+00:00,2022-12-02 19:50:27.639847+00:00
1598750539134763011,ukraine-de,True,True,False,False,False,False,False,False,False,False,2022-12-02 19:50:27.639633+00:00,2022-12-02 19:50:27.639633+00:00
1598750549192556544,ukraine-de,True,False,False,False,False,False,False,False,False,False,2022-12-02 19:50:27.673167+00:00,2022-12-02 19:50:27.673167+00:00
1598750563012837382,ukraine-de,True,True,False,False,False,False,False,False,False,False,2022-12-02 19:50:27.639509+00:00,2022-12-02 19:50:27.639509+00:00
1598750619140902913,ukraine-de,True,True,False,False,False,False,False,False,False,False,2022-12-02 19:50:27.639361+00:00,2022-12-02 19:50:27.639361+00:00
1598750620466708482,ukraine-de,True,True,False,False,False,False,False,False,False,False,2022-12-02 19:50:27.639263+00:00,2022-12-02 19:50:27.639263+00:00
1598750625298366464,ukraine-de,True,True,False,False,False,False,False,False,False,False,2022-12-02 19:50:27.639163+00:00,2022-12-02 19:50:27.639163+00:00
1598750658064105473,ukraine-de,True,False,False,False,False,False,False,False,False,False,2022-12-03 08:10:46.246828+00:00,2022-12-03 08:10:46.246828+00:00
1598750683712438274,ukraine-de,True,True,False,False,False,False,False,False,False,False,2022-12-02 19:50:27.639064+00:00,2022-12-02 19:50:27.639064+00:00
1598750715928772625,ukraine-de,True,True,False,False,False,False,False,False,False,False,2022-12-02 19:50:27.638965+00:00,2022-12-02 19:50:27.638965+00:00
1598750736401170440,ukraine-de,True,True,False,False,False,False,False,False,False,False,2022-12-02 19:50:27.638864+00:00,2022-12-02 19:50:27.638864+00:00
1598750741069430799,ukraine-de,True,True,False,False,False,False,False,False,False,False,2022-12-02 19:50:27.638762+00:00,2022-12-02 19:50:27.638762+00:00
1598750745091706880,ukraine-de,True,False,False,False,False,False,False,False,False,False,2022-12-02 19:50:17.522453+00:00,2022-12-02 19:50:17.522453+00:00
1598750749512564747,ukraine-de,True,True,False,False,False,False,False,False,False,False,2022-12-02 19:50:27.638646+00:00,2022-12-02 19:50:27.638646+00:00
1598750754726064129,ukraine-de,True,True,False,False,False,False,False,False,False,False,2022-12-02 19:50:27.638458+00:00,2022-12-02 19:50:27.638458+00:00
1598750774024077316,ukraine-de,True,True,False,False,False,False,False,False,False,False,2022-12-02 19:50:27.638344+00:00,2022-12-02 19:50:27.638344+00:00
1598750855515209737,ukraine-de,True,True,False,False,False,False,False,False,False,False,2022-12-02 19:50:27.638245+00:00,2022-12-02 19:50:27.638245+00:00
1598750855838113794,ukraine-de,True,True,False,False,False,False,False,False,False,False,2022-12-02 19:50:27.638145+00:00,2022-12-02 19:50:27.638145+00:00
1598750860330180608,ukraine-de,True,False,False,False,False,False,False,False,False,False,2022-12-02 19:50:17.508788+00:00,2022-12-02 19:50:17.508788+00:00
1598750871541600257,ukraine-de,True,True,False,False,False,False,False,False,False,False,2022-12-02 19:50:27.638043+00:00,2022-12-02 19:50:27.638043+00:00
1598750885341020160,ukraine-de,True,True,False,False,False,False,False,False,False,False,2022-12-02 19:50:27.637937+00:00,2022-12-02 19:50:27.637937+00:00
1598750891909459970,ukraine-de,True,True,False,False,False,False,False,False,False,False,2022-12-02 19:50:27.637804+00:00,2022-12-02 19:50:27.637804+00:00
1598750893499121666,ukraine-de,True,True,False,False,False,False,False,False,False,False,2022-12-02 19:50:27.637695+00:00,2022-12-02 19:50:27.637695+00:00
1598750901245706251,ukraine-de,True,True,False,False,False,False,False,False,False,False,2022-12-02 19:50:27.637575+00:00,2022-12-02 19:50:27.637575+00:00
1598750909302857728,ukraine-de,True,True,False,False,False,False,False,False,False,False,2022-12-02 19:50:27.637475+00:00,2022-12-02 19:50:27.637475+00:00
1598750917100085248,ukraine-de,True,True,False,False,False,False,False,False,False,False,2022-12-02 19:50:27.637376+00:00,2022-12-02 19:50:27.637376+00:00
1598750979779796992,ukraine-de,True,True,False,False,False,False,False,False,False,False,2022-12-02 19:50:27.637275+00:00,2022-12-02 19:50:27.637275+00:00
1598750981944381440,ukraine-de,True,False,False,False,False,False,False,False,False,False,2022-12-02 19:50:27.685908+00:00,2022-12-02 19:50:27.685908+00:00
1598751005545414656,ukraine-de,True,True,False,False,False,False,False,False,False,False,2022-12-02 19:50:27.637118+00:00,2022-12-02 19:50:27.637118+00:00
1598751019449536512,ukraine-de,True,False,False,False,False,False,False,False,False,False,2022-12-02 19:50:27.682485+00:00,2022-12-02 19:50:27.682485+00:00
1598751041738113034,ukraine-de,True,True,False,False,False,False,False,False,False,False,2022-12-02 19:50:27.637019+00:00,2022-12-02 19:50:27.637019+00:00
1598751043885694977,ukraine-de,True,True,False,False,False,False,False,False,False,False,2022-12-02 19:50:27.636921+00:00,2022-12-02 19:50:27.636921+00:00
1598751061153615872,ukraine-de,True,True,False,False,False,False,False,False,False,False,2022-12-02 19:50:27.636820+00:00,2022-12-02 19:50:27.636820+00:00
1598751065096146944,ukraine-de,True,False,False,False,False,False,False,False,False,False,2022-12-02 19:50:27.685345+00:00,2022-12-02 19:50:27.685345+00:00
1598751073660899328,ukraine-de,True,True,False,False,False,False,False,False,False,False,2022-12-02 19:50:27.636721+00:00,2022-12-02 19:50:27.636721+00:00
1598751074072018945,ukraine-de,True,True,False,False,False,False,False,False,False,False,2022-12-02 19:50:27.636620+00:00,2022-12-02 19:50:27.636620+00:00
1598751091771904000,ukraine-de,True,True,False,False,False,False,False,False,False,False,2022-12-02 19:50:27.636503+00:00,2022-12-02 19:50:27.636503+00:00
1598751095572004882,ukraine-de,True,True,False,False,False,False,False,False,False,False,2022-12-02 19:50:27.636400+00:00,2022-12-02 19:50:27.636400+00:00
1598751136881823744,ukraine-de,True,True,False,False,False,False,False,False,False,False,2022-12-02 19:50:27.636272+00:00,2022-12-02 19:50:27.636272+00:00
1598751173833621507,ukraine-de,True,True,False,False,False,False,False,False,False,False,2022-12-02 19:50:27.636166+00:00,2022-12-02 19:50:27.636166+00:00
1598751192158347264,ukraine-de,True,True,False,False,False,False,False,False,False,False,2022-12-02 19:50:27.635975+00:00,2022-12-02 19:50:27.635975+00:00
1598751194180091913,ukraine-de,True,False,False,False,False,False,False,False,False,False,2022-12-02 19:50:17.510700+00:00,2022-12-02 19:50:17.510700+00:00
1598751244759273472,ukraine-de,True,True,False,False,False,False,False,False,False,False,2022-12-02 19:50:27.635781+00:00,2022-12-02 19:50:27.635781+00:00
1598751244960530448,ukraine-de,True,True,False,False,False,False,False,False,False,False,2022-12-02 19:50:17.509215+00:00,2022-12-02 19:50:27.635680+00:00
1598751254280142848,ukraine-de,True,False,False,False,False,False,False,False,False,False,2022-12-02 19:50:27.678107+00:00,2022-12-02 19:50:27.678107+00:00
1598751255941218316,ukraine-de,True,False,False,False,False,False,False,False,False,False,2022-12-02 19:50:17.517272+00:00,2022-12-02 19:50:17.517272+00:00
1598751256985600000,ukraine-de,True,True,False,False,False,False,False,False,False,False,2022-12-02 19:50:27.635571+00:00,2022-12-02 19:50:27.635571+00:00
1598751264275300364,ukraine-de,True,True,False,False,False,False,False,False,False,False,2022-12-02 19:50:27.635457+00:00,2022-12-02 19:50:27.635457+00:00
1598751279425196033,ukraine-de,True,True,False,False,False,False,False,False,False,False,2022-12-02 19:50:27.635354+00:00,2022-12-02 19:50:27.635354+00:00
1598751307568816128,ukraine-de,True,True,False,False,False,False,False,False,False,False,2022-12-02 19:50:27.635256+00:00,2022-12-02 19:50:27.635256+00:00
1598751315269767169,ukraine-de,True,True,False,False,False,False,False,False,False,False,2022-12-02 19:50:27.635155+00:00,2022-12-02 19:50:27.635155+00:00
1598751336169865231,ukraine-de,True,True,False,False,False,False,False,False,False,False,2022-12-02 19:50:27.635056+00:00,2022-12-02 19:50:27.635056+00:00
1598751389852831744,ukraine-de,True,True,False,False,False,False,False,False,False,False,2022-12-02 19:50:27.634955+00:00,2022-12-02 19:50:27.634955+00:00
1598751430508040192,ukraine-de,True,True,False,False,False,False,False,False,False,False,2022-12-02 19:50:27.634840+00:00,2022-12-02 19:50:27.634840+00:00
1598751447776362497,ukraine-de,True,True,False,False,False,False,False,False,False,False,2022-12-02 19:50:27.634739+00:00,2022-12-02 19:50:27.634739+00:00
1598751467799597056,ukraine-de,True,True,False,False,False,False,False,False,False,False,2022-12-02 19:50:27.634629+00:00,2022-12-02 19:50:27.634629+00:00
1598751517158285312,ukraine-de,True,True,False,False,False,False,False,False,False,False,2022-12-02 19:50:27.634529+00:00,2022-12-02 19:50:27.634529+00:00
1598751518768840705,ukraine-de,True,True,False,False,False,False,False,False,False,False,2022-12-02 19:50:27.634430+00:00,2022-12-02 19:50:27.634430+00:00
1598751521788788754,ukraine-de,True,True,False,False,False,False,False,False,False,False,2022-12-02 19:50:27.634327+00:00,2022-12-02 19:50:27.634327+00:00
1598751557255938048,ukraine-de,True,True,False,False,False,False,False,False,False,False,2022-12-02 19:50:27.634203+00:00,2022-12-02 19:50:27.634203+00:00
1598751561122861056,ukraine-de,True,True,False,False,False,False,False,False,False,False,2022-12-02 19:50:27.634090+00:00,2022-12-02 19:50:27.634090+00:00
1598751573605199872,ukraine-de,True,True,False,False,False,False,False,False,False,False,2022-12-02 19:50:27.633936+00:00,2022-12-02 19:50:27.633936+00:00
1598751576834834434,ukraine-de,True,True,False,False,False,False,False,False,False,False,2022-12-02 19:50:27.633836+00:00,2022-12-02 19:50:27.633836+00:00
1598751580085420042,ukraine-de,True,True,False,False,False,False,False,False,False,False,2022-12-02 19:50:27.633736+00:00,2022-12-02 19:50:27.633736+00:00
1598751601220517903,ukraine-de,True,True,False,False,False,False,False,False,False,False,2022-12-02 19:50:27.633633+00:00,2022-12-02 19:50:27.633633+00:00
1598751636305887233,ukraine-de,True,True,False,False,False,False,False,False,False,False,2022-12-02 19:50:27.633513+00:00,2022-12-02 19:50:27.633513+00:00
1598751637903900685,ukraine-de,True,False,False,False,False,False,False,False,False,False,2022-12-02 19:50:17.505446+00:00,2022-12-02 19:50:17.505446+00:00
1598751664835596288,ukraine-de,True,True,False,False,False,False,False,False,False,False,2022-12-02 19:50:27.633408+00:00,2022-12-02 19:50:27.633408+00:00
1598751680971014147,ukraine-de,True,True,False,False,False,False,False,False,False,False,2022-12-02 19:50:27.633284+00:00,2022-12-02 19:50:27.633284+00:00
1598751701208530949,ukraine-de,True,True,False,False,False,False,False,False,False,False,2022-12-02 19:50:27.632836+00:00,2022-12-02 19:50:27.632836+00:00
1598751706120060932,ukraine-de,True,True,False,False,False,False,False,False,False,False,2022-12-02 19:50:27.632726+00:00,2022-12-02 19:50:27.632726+00:00
1598751733248729088,ukraine-de,True,True,False,False,False,False,False,False,False,False,2022-12-02 19:50:27.632608+00:00,2022-12-02 19:50:27.632608+00:00
1598751749820514304,ukraine-de,True,True,False,False,False,False,False,False,False,False,2022-12-02 19:50:27.632496+00:00,2022-12-02 19:50:27.632496+00:00
1598751753658302475,ukraine-de,True,True,False,False,False,False,False,False,False,False,2022-12-02 19:50:27.632400+00:00,2022-12-02 19:50:27.632400+00:00
1598751753733799951,ukraine-de,True,True,False,False,False,False,False,False,False,False,2022-12-02 19:50:27.632303+00:00,2022-12-02 19:50:27.632303+00:00
1598751787002961920,ukraine-de,True,True,False,False,False,False,False,False,False,False,2022-12-02 19:50:27.632207+00:00,2022-12-02 19:50:27.632207+00:00
1598751809014706176,ukraine-de,True,True,False,False,False,False,False,False,False,False,2022-12-02 19:50:27.632108+00:00,2022-12-02 19:50:27.632108+00:00
1598751847489196033,ukraine-de,True,True,False,False,False,False,False,False,False,False,2022-12-02 19:50:27.632003+00:00,2022-12-02 19:50:27.632003+00:00
1598751866984153088,ukraine-de,True,True,False,False,False,False,False,False,False,False,2022-12-02 19:50:27.631782+00:00,2022-12-02 19:50:27.631782+00:00
1598751867256832000,ukraine-de,True,True,False,False,False,False,False,False,False,False,2022-12-02 19:50:27.631684+00:00,2022-12-02 19:50:27.631684+00:00
1598751881374875648,ukraine-de,True,True,False,False,False,False,False,False,False,False,2022-12-02 19:50:27.631585+00:00,2022-12-02 19:50:27.631585+00:00
1598751888534405124,ukraine-de,True,True,False,False,False,False,False,False,False,False,2022-12-02 19:50:27.631487+00:00,2022-12-02 19:50:27.631487+00:00
1598751897925533697,ukraine-de,True,True,False,False,False,False,False,False,False,False,2022-12-02 19:50:27.631388+00:00,2022-12-02 19:50:27.631388+00:00
1598751912639201297,ukraine-de,True,True,False,False,False,False,False,False,False,False,2022-12-02 19:50:27.631289+00:00,2022-12-02 19:50:27.631289+00:00
1598751926019031052,ukraine-de,True,True,False,False,False,False,False,False,False,False,2022-12-02 19:50:27.631189+00:00,2022-12-02 19:50:27.631189+00:00
1598751927654760448,ukraine-de,True,True,False,False,False,False,False,False,False,False,2022-12-02 19:50:27.631081+00:00,2022-12-02 19:50:27.631081+00:00
1598751933069656078,ukraine-de,True,False,False,False,False,False,False,False,False,False,2022-12-03 01:30:30.073261+00:00,2022-12-03 01:30:30.073261+00:00
1598751963520303120,ukraine-de,True,True,False,False,False,False,False,False,False,False,2022-12-02 19:50:27.630965+00:00,2022-12-02 19:50:27.630965+00:00
1598751991525670928,ukraine-de,True,True,False,False,False,False,False,False,False,False,2022-12-02 19:50:27.630862+00:00,2022-12-02 19:50:27.630862+00:00
1598751992372809728,ukraine-de,True,True,False,False,False,False,False,False,False,False,2022-12-02 19:50:27.630744+00:00,2022-12-02 19:50:27.630744+00:00
1598752016011915265,ukraine-de,True,True,False,False,False,False,False,False,False,False,2022-12-02 19:50:27.630605+00:00,2022-12-02 19:50:27.630605+00:00
1598752017987641345,ukraine-de,True,False,False,False,False,False,False,False,False,False,2022-12-02 19:50:27.683001+00:00,2022-12-02 19:50:27.683001+00:00
1598752019216740352,ukraine-de,True,True,False,False,False,False,False,False,False,False,2022-12-02 19:50:27.630507+00:00,2022-12-02 19:50:27.630507+00:00
1598752022240509952,ukraine-de,True,True,False,False,False,False,False,False,False,False,2022-12-02 19:50:27.630406+00:00,2022-12-02 19:50:27.630406+00:00
1598752032906616833,ukraine-de,True,True,False,False,False,False,False,False,False,False,2022-12-02 19:50:27.630307+00:00,2022-12-02 19:50:27.630307+00:00
1598752039126896641,ukraine-de,True,True,False,False,False,False,False,False,False,False,2022-12-02 19:50:27.630200+00:00,2022-12-02 19:50:27.630200+00:00
1598752041781821444,ukraine-de,True,True,False,False,False,False,False,False,False,False,2022-12-02 19:50:27.629947+00:00,2022-12-02 19:50:27.629947+00:00
1598752053223907329,ukraine-de,True,True,False,False,False,False,False,False,False,False,2022-12-02 19:50:27.629831+00:00,2022-12-02 19:50:27.629831+00:00
1598752058764582913,ukraine-de,True,True,False,False,False,False,False,False,False,False,2022-12-02 19:50:27.629723+00:00,2022-12-02 19:50:27.629723+00:00
1598752067048595456,ukraine-de,True,True,False,False,False,False,False,False,False,False,2022-12-02 19:50:27.629604+00:00,2022-12-02 19:50:27.629604+00:00
1598752069510365184,ukraine-de,True,True,False,False,False,False,False,False,False,False,2022-12-02 19:50:27.629471+00:00,2022-12-02 19:50:27.629471+00:00
1598752074270916609,ukraine-de,True,True,False,False,False,False,False,False,False,False,2022-12-02 19:50:27.629373+00:00,2022-12-02 19:50:27.629373+00:00
1598752090372947971,ukraine-de,True,True,False,False,False,False,False,False,False,False,2022-12-02 19:50:27.629274+00:00,2022-12-02 19:50:27.629274+00:00
1598752090859442176,ukraine-de,True,True,False,False,False,False,False,False,False,False,2022-12-02 19:50:27.629175+00:00,2022-12-02 19:50:27.629175+00:00
1598752095141756949,ukraine-de,True,True,False,False,False,False,False,False,False,False,2022-12-02 19:50:27.629075+00:00,2022-12-02 19:50:27.629075+00:00
1598752188423184386,ukraine-de,True,True,False,False,False,False,False,False,False,False,2022-12-02 19:50:27.628975+00:00,2022-12-02 19:50:27.628975+00:00
1598752201328951296,ukraine-de,True,True,False,False,False,False,False,False,False,False,2022-12-02 19:50:27.628875+00:00,2022-12-02 19:50:27.628875+00:00
1598752223856840704,ukraine-de,True,True,False,False,False,False,False,False,False,False,2022-12-02 19:50:27.628774+00:00,2022-12-02 19:50:27.628774+00:00
1598752249144123395,ukraine-de,True,True,False,False,False,False,False,False,False,False,2022-12-02 19:50:17.520176+00:00,2022-12-02 19:50:27.628671+00:00
1598752276352475138,ukraine-de,True,True,False,False,False,False,False,False,False,False,2022-12-02 19:50:27.628549+00:00,2022-12-02 19:50:27.628549+00:00
1598752290462105609,ukraine-de,True,False,False,False,False,False,False,False,False,False,2022-12-02 19:50:27.682138+00:00,2022-12-02 19:50:27.682138+00:00
1598752292076912642,ukraine-de,True,True,False,False,False,False,False,False,False,False,2022-12-02 19:50:27.628357+00:00,2022-12-02 19:50:27.628357+00:00
1598752293490495488,ukraine-de,True,True,False,False,False,False,False,False,False,False,2022-12-02 19:50:27.628254+00:00,2022-12-02 19:50:27.628254+00:00
1598752298439569408,ukraine-de,True,True,False,False,False,False,False,False,False,False,2022-12-02 19:50:27.628148+00:00,2022-12-02 19:50:27.628148+00:00
1598752312771608598,ukraine-de,True,True,False,False,False,False,False,False,False,False,2022-12-02 19:50:27.628024+00:00,2022-12-02 19:50:27.628024+00:00
1598752336498905090,ukraine-de,True,True,False,False,False,False,False,False,False,False,2022-12-02 19:50:27.627909+00:00,2022-12-02 19:50:27.627909+00:00
1598752342253371407,ukraine-de,True,True,False,False,False,False,False,False,False,False,2022-12-02 19:50:27.627775+00:00,2022-12-02 19:50:27.627775+00:00
1598752347756298245,ukraine-de,True,True,False,False,False,False,False,False,False,False,2022-12-02 19:50:27.627571+00:00,2022-12-02 19:50:27.627571+00:00
1598752357227036679,ukraine-de,True,True,False,False,False,False,False,False,False,False,2022-12-02 19:50:27.627472+00:00,2022-12-02 19:50:27.627472+00:00
1598752363052941312,ukraine-de,True,True,False,False,False,False,False,False,False,False,2022-12-02 19:50:27.627372+00:00,2022-12-02 19:50:27.627372+00:00
1598752372821557251,ukraine-de,True,True,False,False,False,False,False,False,False,False,2022-12-02 19:50:27.627274+00:00,2022-12-02 19:50:27.627274+00:00
1598752415175540746,ukraine-de,True,True,False,False,False,False,False,False,False,False,2022-12-02 19:50:27.627173+00:00,2022-12-02 19:50:27.627173+00:00
1598752421295099904,ukraine-de,True,True,False,False,False,False,False,False,False,False,2022-12-02 19:50:27.627073+00:00,2022-12-02 19:50:27.627073+00:00
1598752453947805696,ukraine-de,True,True,False,False,False,False,False,False,False,False,2022-12-02 19:50:27.626959+00:00,2022-12-02 19:50:27.626959+00:00
1598752459614486528,ukraine-de,True,False,False,False,False,False,False,False,False,False,2022-12-02 19:50:17.525618+00:00,2022-12-02 19:50:17.525618+00:00
1598752480376287232,ukraine-de,True,True,False,False,False,False,False,False,False,False,2022-12-02 19:50:27.626860+00:00,2022-12-02 19:50:27.626860+00:00
1598752482665996289,ukraine-de,True,False,False,False,False,False,False,False,False,False,2022-12-03 08:10:46.237042+00:00,2022-12-03 08:10:46.237042+00:00
1598752483546845184,ukraine-de,True,True,False,False,False,False,False,False,False,False,2022-12-02 19:50:27.626758+00:00,2022-12-02 19:50:27.626758+00:00
1598752501364310021,ukraine-de,True,True,False,False,False,False,False,False,False,False,2022-12-02 19:50:27.626630+00:00,2022-12-02 19:50:27.626630+00:00
1598752511858708481,ukraine-de,True,True,False,False,False,False,False,False,False,False,2022-12-02 19:50:27.626531+00:00,2022-12-02 19:50:27.626531+00:00
1598752512177106946,ukraine-de,True,True,False,False,False,False,False,False,False,False,2022-12-02 19:50:27.626402+00:00,2022-12-02 19:50:27.626402+00:00
1598752513528066048,ukraine-de,True,True,False,False,False,False,False,False,False,False,2022-12-02 19:50:27.626303+00:00,2022-12-02 19:50:27.626303+00:00
1598752524072361984,ukraine-de,True,True,False,False,False,False,False,False,False,False,2022-12-02 19:50:27.626199+00:00,2022-12-02 19:50:27.626199+00:00
1598752542036566018,ukraine-de,True,True,False,False,False,False,False,False,False,False,2022-12-02 19:50:27.626089+00:00,2022-12-02 19:50:27.626089+00:00
1598752580452372481,ukraine-de,True,True,False,False,False,False,False,False,False,False,2022-12-02 19:50:27.625897+00:00,2022-12-02 19:50:27.625897+00:00
1598752581106499584,ukraine-de,True,True,False,False,False,False,False,False,False,False,2022-12-02 19:50:27.625582+00:00,2022-12-02 19:50:27.625582+00:00
1598752584524701697,ukraine-de,True,True,False,False,False,False,False,False,False,False,2022-12-02 19:50:27.625440+00:00,2022-12-02 19:50:27.625440+00:00
1598752587406270464,ukraine-de,True,False,False,False,False,False,False,False,False,False,2022-12-02 22:35:45.765387+00:00,2022-12-02 22:35:45.765387+00:00
1598752629428977669,ukraine-de,True,True,False,False,False,False,False,False,False,False,2022-12-02 19:50:27.625328+00:00,2022-12-02 19:50:27.625328+00:00
1598752634831241230,ukraine-de,True,True,False,False,False,False,False,False,False,False,2022-12-02 19:50:27.625207+00:00,2022-12-02 19:50:27.625207+00:00
1598752705291247616,ukraine-de,True,True,False,False,False,False,False,False,False,False,2022-12-02 19:50:27.625105+00:00,2022-12-02 19:50:27.625105+00:00
1598752739785252864,ukraine-de,True,True,False,False,False,False,False,False,False,False,2022-12-02 19:50:27.625000+00:00,2022-12-02 19:50:27.625000+00:00
1598752765949480960,ukraine-de,True,True,False,False,False,False,False,False,False,False,2022-12-02 19:50:27.624780+00:00,2022-12-02 19:50:27.624780+00:00
1598752780562403328,ukraine-de,True,True,False,False,False,False,False,False,False,False,2022-12-02 19:50:27.624681+00:00,2022-12-02 19:50:27.624681+00:00
1598752786820235278,ukraine-de,True,True,False,False,False,False,False,False,False,False,2022-12-02 19:50:17.515604+00:00,2022-12-02 19:50:27.624581+00:00
1598752794114404352,ukraine-de,True,True,False,False,False,False,False,False,False,False,2022-12-02 19:50:27.624467+00:00,2022-12-02 19:50:27.624467+00:00
1598752798803271680,ukraine-de,True,True,False,False,False,False,False,False,False,False,2022-12-02 19:50:27.624368+00:00,2022-12-02 19:50:27.624368+00:00
1598752799042535424,ukraine-de,True,True,False,False,False,False,False,False,False,False,2022-12-02 19:50:17.519168+00:00,2022-12-02 19:50:27.624270+00:00
1598752841299939329,ukraine-de,True,True,False,False,False,False,False,False,False,False,2022-12-02 19:50:27.624160+00:00,2022-12-02 19:50:27.624160+00:00
1598752865878671363,ukraine-de,True,True,False,False,False,False,False,False,False,False,2022-12-02 19:50:27.624060+00:00,2022-12-02 19:50:27.624060+00:00
1598752868244152320,ukraine-de,True,True,False,False,False,False,False,False,False,False,2022-12-02 19:50:27.623960+00:00,2022-12-02 19:50:27.623960+00:00
1598752895930728448,ukraine-de,True,True,False,False,False,False,False,False,False,False,2022-12-02 19:50:27.623847+00:00,2022-12-02 19:50:27.623847+00:00
1598752906349465600,ukraine-de,True,True,False,False,False,False,False,False,False,False,2022-12-02 19:50:27.623748+00:00,2022-12-02 19:50:27.623748+00:00
1598752907414863880,ukraine-de,True,True,False,False,False,False,False,False,False,False,2022-12-02 19:50:27.623647+00:00,2022-12-02 19:50:27.623647+00:00
1598752911516962817,ukraine-de,True,True,False,False,False,False,False,False,False,False,2022-12-02 19:50:27.623535+00:00,2022-12-02 19:50:27.623535+00:00
1598752933767675916,ukraine-de,True,True,False,False,False,False,False,False,False,False,2022-12-02 19:50:27.623432+00:00,2022-12-02 19:50:27.623432+00:00
1598752954147799044,ukraine-de,True,True,False,False,False,False,False,False,False,False,2022-12-02 19:50:27.623321+00:00,2022-12-02 19:50:27.623321+00:00
1598753003095326728,ukraine-de,True,True,False,False,False,False,False,False,False,False,2022-12-02 19:50:27.623218+00:00,2022-12-02 19:50:27.623218+00:00
1598753023471255567,ukraine-de,True,True,False,False,False,False,False,False,False,False,2022-12-02 19:50:17.519954+00:00,2022-12-02 19:50:27.623106+00:00
1598753052340649998,ukraine-de,True,True,False,False,False,False,False,False,False,False,2022-12-02 19:50:27.622693+00:00,2022-12-02 19:50:27.622693+00:00
1598753059676487700,ukraine-de,True,True,False,False,False,False,False,False,False,False,2022-12-02 19:50:27.622564+00:00,2022-12-02 19:50:27.622564+00:00
1598753072926294034,ukraine-de,True,True,False,False,False,False,False,False,False,False,2022-12-02 19:50:27.622462+00:00,2022-12-02 19:50:27.622462+00:00
1598753116408553473,ukraine-de,True,True,False,False,False,False,False,False,False,False,2022-12-02 19:50:27.622337+00:00,2022-12-02 19:50:27.622337+00:00
1598753156342874112,ukraine-de,True,True,False,False,False,False,False,False,False,False,2022-12-02 19:50:27.622235+00:00,2022-12-02 19:50:27.622235+00:00
1598753158078992384,ukraine-de,True,False,False,False,False,False,False,False,False,False,2022-12-02 19:50:17.517367+00:00,2022-12-02 19:50:17.517367+00:00
1598753197014777874,ukraine-de,True,True,False,False,False,False,False,False,False,False,2022-12-02 19:50:27.622107+00:00,2022-12-02 19:50:27.622107+00:00
1598753219597025281,ukraine-de,True,False,False,False,False,False,False,False,False,False,2022-12-02 19:50:17.524612+00:00,2022-12-02 19:50:17.524612+00:00
1598753228782325761,ukraine-de,True,True,False,False,False,False,False,False,False,False,2022-12-02 19:50:27.622006+00:00,2022-12-02 19:50:27.622006+00:00
1598753253390417927,ukraine-de,True,True,False,False,False,False,False,False,False,False,2022-12-02 19:50:27.621903+00:00,2022-12-02 19:50:27.621903+00:00
1598753290392436736,ukraine-de,True,True,False,False,False,False,False,False,False,False,2022-12-02 19:50:27.621793+00:00,2022-12-02 19:50:27.621793+00:00
1598753328107847684,ukraine-de,True,True,False,False,False,False,False,False,False,False,2022-12-02 19:50:27.621582+00:00,2022-12-02 19:50:27.621582+00:00
1598753335892271105,ukraine-de,True,True,False,False,False,False,False,False,False,False,2022-12-02 19:50:27.621390+00:00,2022-12-02 19:50:27.621390+00:00
1598753373276209165,ukraine-de,True,True,False,False,False,False,False,False,False,False,2022-12-02 19:50:27.621274+00:00,2022-12-02 19:50:27.621274+00:00
1598753378766577665,ukraine-de,True,True,False,False,False,False,False,False,False,False,2022-12-02 19:50:27.621142+00:00,2022-12-02 19:50:27.621142+00:00
1598753391634587648,ukraine-de,True,True,False,False,False,False,False,False,False,False,2022-12-02 19:50:27.621040+00:00,2022-12-02 19:50:27.621040+00:00
1598753395623563264,ukraine-de,True,True,False,False,False,False,False,False,False,False,2022-12-02 19:50:27.620937+00:00,2022-12-02 19:50:27.620937+00:00
1598753401210380288,ukraine-de,True,True,False,False,False,False,False,False,False,False,2022-12-02 19:50:27.620799+00:00,2022-12-02 19:50:27.620799+00:00
1598753406360879110,ukraine-de,True,True,False,False,False,False,False,False,False,False,2022-12-02 19:50:27.620686+00:00,2022-12-02 19:50:27.620686+00:00
1598753412086104076,ukraine-de,True,True,False,False,False,False,False,False,False,False,2022-12-02 19:50:27.620262+00:00,2022-12-02 19:50:27.620262+00:00
1598753423150620672,ukraine-de,True,False,False,False,False,False,False,False,False,False,2022-12-02 19:50:27.672457+00:00,2022-12-02 19:50:27.672457+00:00
1598753427936378885,ukraine-de,True,True,False,False,False,False,False,False,False,False,2022-12-02 19:50:27.620105+00:00,2022-12-02 19:50:27.620105+00:00
1598753444227055620,ukraine-de,True,True,False,False,False,False,False,False,False,False,2022-12-02 19:50:27.620005+00:00,2022-12-02 19:50:27.620005+00:00
1598753498073530375,ukraine-de,True,False,False,False,False,False,False,False,False,False,2022-12-02 19:50:17.516538+00:00,2022-12-02 19:50:17.516538+00:00
1598753499260518402,ukraine-de,True,True,False,False,False,False,False,False,False,False,2022-12-02 19:50:27.619891+00:00,2022-12-02 19:50:27.619891+00:00
1598753500099330048,ukraine-de,True,True,False,False,False,False,False,False,False,False,2022-12-02 19:50:27.619775+00:00,2022-12-02 19:50:27.619775+00:00
1598753536552054784,ukraine-de,True,True,False,False,False,False,False,False,False,False,2022-12-02 19:50:27.619656+00:00,2022-12-02 19:50:27.619656+00:00
1598753538531786753,ukraine-de,True,True,False,False,False,False,False,False,False,False,2022-12-02 19:50:27.619556+00:00,2022-12-02 19:50:27.619556+00:00
1598753625383239694,ukraine-de,True,False,False,False,False,False,False,False,False,False,2022-12-03 08:10:53.463340+00:00,2022-12-03 08:10:53.463340+00:00
1598753638196908032,ukraine-de,True,False,False,False,False,False,False,False,False,False,2022-12-02 19:50:17.515713+00:00,2022-12-02 19:50:17.515713+00:00
1598753667921870853,ukraine-de,True,True,False,False,False,False,False,False,False,False,2022-12-02 19:50:27.619455+00:00,2022-12-02 19:50:27.619455+00:00
1598753697323839489,ukraine-de,True,True,False,False,False,False,False,False,False,False,2022-12-02 19:50:27.619351+00:00,2022-12-02 19:50:27.619351+00:00
1598753703619461120,ukraine-de,True,True,False,False,False,False,False,False,False,False,2022-12-02 19:50:27.619241+00:00,2022-12-02 19:50:27.619241+00:00
1598753715715964943,ukraine-de,True,True,False,False,False,False,False,False,False,False,2022-12-02 19:50:27.619110+00:00,2022-12-02 19:50:27.619110+00:00
1598753727862611969,ukraine-de,True,True,False,False,False,False,False,False,False,False,2022-12-02 19:50:27.618892+00:00,2022-12-02 19:50:27.618892+00:00
1598753738558013440,ukraine-de,True,True,False,False,False,False,False,False,False,False,2022-12-02 19:50:27.618782+00:00,2022-12-02 19:50:27.618782+00:00
1598753780874592256,ukraine-de,True,True,False,False,False,False,False,False,False,False,2022-12-02 19:50:27.618671+00:00,2022-12-02 19:50:27.618671+00:00
1598753791221776384,ukraine-de,True,False,False,False,False,False,False,False,False,False,2022-12-03 01:30:30.084842+00:00,2022-12-03 01:30:30.084842+00:00
1598753831864897536,ukraine-de,True,True,False,False,False,False,False,False,False,False,2022-12-02 19:50:27.618571+00:00,2022-12-02 19:50:27.618571+00:00
1598753846708281344,ukraine-de,True,True,False,False,False,False,False,False,False,False,2022-12-02 19:50:27.618467+00:00,2022-12-02 19:50:27.618467+00:00
1598753849908527138,ukraine-de,True,False,False,False,False,False,False,False,False,False,2022-12-02 19:50:17.500466+00:00,2022-12-02 19:50:17.500466+00:00
1598753854106918912,ukraine-de,True,True,False,False,False,False,False,False,False,False,2022-12-02 19:50:27.618274+00:00,2022-12-02 19:50:27.618274+00:00
1598753866006540288,ukraine-de,True,True,False,False,False,False,False,False,False,False,2022-12-02 19:50:27.618172+00:00,2022-12-02 19:50:27.618172+00:00
1598753867944034306,ukraine-de,True,True,False,False,False,False,False,False,False,False,2022-12-02 19:50:27.618074+00:00,2022-12-02 19:50:27.618074+00:00
1598753868627644416,ukraine-de,True,False,False,False,False,False,False,False,False,False,2022-12-02 22:35:54.188452+00:00,2022-12-02 22:35:54.188452+00:00
1598753869651070978,ukraine-de,True,True,False,False,False,False,False,False,False,False,2022-12-02 19:50:27.617960+00:00,2022-12-02 19:50:27.617960+00:00
1598753887564967936,ukraine-de,True,True,False,False,False,False,False,False,False,False,2022-12-02 19:50:27.617851+00:00,2022-12-02 19:50:27.617851+00:00
1598753901116784643,ukraine-de,True,True,False,False,False,False,False,False,False,False,2022-12-02 19:50:27.617733+00:00,2022-12-02 19:50:27.617733+00:00
1598753909383626752,ukraine-de,True,True,False,False,False,False,False,False,False,False,2022-12-02 19:50:27.617614+00:00,2022-12-02 19:50:27.617614+00:00
1598753933068902400,ukraine-de,True,False,False,False,False,False,False,False,False,False,2022-12-02 19:50:27.672353+00:00,2022-12-02 19:50:27.672353+00:00
1598753935614935045,ukraine-de,True,True,False,False,False,False,False,False,False,False,2022-12-02 19:50:27.617497+00:00,2022-12-02 19:50:27.617497+00:00
1598753938865520668,ukraine-de,True,True,False,False,False,False,False,False,False,False,2022-12-02 19:50:27.617395+00:00,2022-12-02 19:50:27.617395+00:00
1598753941432532993,ukraine-de,True,True,False,False,False,False,False,False,False,False,2022-12-02 19:50:27.617270+00:00,2022-12-02 19:50:27.617270+00:00
1598753943579828225,ukraine-de,True,False,False,False,False,False,False,False,False,False,2022-12-02 19:50:27.672163+00:00,2022-12-02 19:50:27.672163+00:00
1598753946100637696,ukraine-de,True,True,False,False,False,False,False,False,False,False,2022-12-02 19:50:27.617171+00:00,2022-12-02 19:50:27.617171+00:00
1598753966161944578,ukraine-de,True,False,False,False,False,False,False,False,False,False,2022-12-02 22:35:45.789840+00:00,2022-12-02 22:35:45.789840+00:00
1598753978644279296,ukraine-de,True,False,False,False,False,False,False,False,False,False,2022-12-02 22:35:45.785389+00:00,2022-12-02 22:35:45.785389+00:00
1598753983740276736,ukraine-de,True,False,False,False,False,False,False,False,False,False,2022-12-02 22:35:17.208065+00:00,2022-12-02 22:35:17.208065+00:00
1598753987372646407,ukraine-de,True,True,False,False,False,False,False,False,False,False,2022-12-02 19:50:27.617072+00:00,2022-12-02 19:50:27.617072+00:00
1598753993378889753,ukraine-de,True,True,False,False,False,False,False,False,False,False,2022-12-02 19:50:27.616973+00:00,2022-12-02 19:50:27.616973+00:00
1598754014857920514,ukraine-de,True,True,False,False,False,False,False,False,False,False,2022-12-02 19:50:27.616873+00:00,2022-12-02 19:50:27.616873+00:00
1598754025595408384,ukraine-de,True,True,False,False,False,False,False,False,False,False,2022-12-02 19:50:27.616770+00:00,2022-12-02 19:50:27.616770+00:00
1598754049427374096,ukraine-de,True,True,False,False,False,False,False,False,False,False,2022-12-02 19:50:27.616664+00:00,2022-12-02 19:50:27.616664+00:00
1598754061678825473,ukraine-de,True,True,False,False,False,False,False,False,False,False,2022-12-02 19:50:27.616438+00:00,2022-12-02 19:50:27.616438+00:00
1598754091127410688,ukraine-de,True,True,False,False,False,False,False,False,False,False,2022-12-02 19:50:27.616325+00:00,2022-12-02 19:50:27.616325+00:00
1598754095157780480,ukraine-de,True,True,False,False,False,False,False,False,False,False,2022-12-02 19:50:27.616225+00:00,2022-12-02 19:50:27.616225+00:00
1598754120239808528,ukraine-de,True,True,False,False,False,False,False,False,False,False,2022-12-02 19:50:17.517577+00:00,2022-12-02 19:50:27.616126+00:00
1598754134546518016,ukraine-de,True,True,False,False,False,False,False,False,False,False,2022-12-02 19:50:27.616022+00:00,2022-12-02 19:50:27.616022+00:00
1598754161482399763,ukraine-de,True,True,False,False,False,False,False,False,False,False,2022-12-02 19:50:27.615843+00:00,2022-12-02 19:50:27.615843+00:00
1598754180776460289,ukraine-de,True,False,False,False,False,False,False,False,False,False,2022-12-02 19:50:17.523849+00:00,2022-12-02 19:50:17.523849+00:00
1598754186769858562,ukraine-de,True,True,False,False,False,False,False,False,False,False,2022-12-02 19:50:27.615546+00:00,2022-12-02 19:50:27.615546+00:00
1598754262695219200,ukraine-de,True,True,False,False,False,False,False,False,False,False,2022-12-02 19:50:27.615438+00:00,2022-12-02 19:50:27.615438+00:00
1598754263672291328,ukraine-de,True,True,False,False,False,False,False,False,False,False,2022-12-02 19:50:27.615338+00:00,2022-12-02 19:50:27.615338+00:00
1598754286980194305,ukraine-de,True,True,False,False,False,False,False,False,False,False,2022-12-02 19:50:27.615237+00:00,2022-12-02 19:50:27.615237+00:00
1598754287554891778,ukraine-de,True,True,False,False,False,False,False,False,False,False,2022-12-02 19:50:27.615132+00:00,2022-12-02 19:50:27.615132+00:00
1598754317363707921,ukraine-de,True,True,False,False,False,False,False,False,False,False,2022-12-02 19:50:27.615032+00:00,2022-12-02 19:50:27.615032+00:00
1598754344454668288,ukraine-de,True,False,False,False,False,False,False,False,False,False,2022-12-02 19:50:27.669582+00:00,2022-12-02 19:50:27.669582+00:00
1598754349777289221,ukraine-de,True,True,False,False,False,False,False,False,False,False,2022-12-02 19:50:27.614920+00:00,2022-12-02 19:50:27.614920+00:00
1598754366521065475,ukraine-de,True,False,False,False,False,False,False,False,False,False,2022-12-03 05:35:06.063125+00:00,2022-12-03 05:35:06.063125+00:00
1598754381096046593,ukraine-de,True,True,False,False,False,False,False,False,False,False,2022-12-02 19:50:27.614821+00:00,2022-12-02 19:50:27.614821+00:00
1598754410737303558,ukraine-de,True,True,False,False,False,False,False,False,False,False,2022-12-02 19:50:27.614718+00:00,2022-12-02 19:50:27.614718+00:00
1598754423571873808,ukraine-de,True,True,False,False,False,False,False,False,False,False,2022-12-02 19:50:27.614608+00:00,2022-12-02 19:50:27.614608+00:00
1598754426763808768,ukraine-de,True,True,False,False,False,False,False,False,False,False,2022-12-02 19:50:27.614508+00:00,2022-12-02 19:50:27.614508+00:00
1598754445302431744,ukraine-de,True,True,False,False,False,False,False,False,False,False,2022-12-02 19:50:27.614407+00:00,2022-12-02 19:50:27.614407+00:00
1598754448737697796,ukraine-de,True,True,False,False,False,False,False,False,False,False,2022-12-02 19:50:27.614306+00:00,2022-12-02 19:50:27.614306+00:00
1598754470896160770,ukraine-de,True,True,False,False,False,False,False,False,False,False,2022-12-02 19:50:27.614188+00:00,2022-12-02 19:50:27.614188+00:00
1598754482933866496,ukraine-de,True,True,False,False,False,False,False,False,False,False,2022-12-02 19:50:27.614078+00:00,2022-12-02 19:50:27.614078+00:00
1598754485085405184,ukraine-de,True,False,False,False,False,False,False,False,False,False,2022-12-02 22:36:01.076057+00:00,2022-12-02 22:36:01.076057+00:00
1598754502521372672,ukraine-de,True,True,False,False,False,False,False,False,False,False,2022-12-02 19:50:27.613979+00:00,2022-12-02 19:50:27.613979+00:00
1598754508439375872,ukraine-de,True,True,False,False,False,False,False,False,False,False,2022-12-02 19:50:27.613878+00:00,2022-12-02 19:50:27.613878+00:00
1598754522230247424,ukraine-de,True,True,False,False,False,False,False,False,False,False,2022-12-02 19:50:27.613777+00:00,2022-12-02 19:50:27.613777+00:00
1598754544883830786,ukraine-de,True,True,False,False,False,False,False,False,False,False,2022-12-02 19:50:27.613672+00:00,2022-12-02 19:50:27.613672+00:00
1598754559408701442,ukraine-de,True,True,False,False,False,False,False,False,False,False,2022-12-02 19:50:27.613536+00:00,2022-12-02 19:50:27.613536+00:00
1598754580866531328,ukraine-de,True,True,False,False,False,False,False,False,False,False,2022-12-02 19:50:27.613415+00:00,2022-12-02 19:50:27.613415+00:00
1598754591595692058,ukraine-de,True,True,False,False,False,False,False,False,False,False,2022-12-02 19:50:27.613301+00:00,2022-12-02 19:50:27.613301+00:00
1598754608486428672,ukraine-de,True,True,False,False,False,False,False,False,False,False,2022-12-02 19:50:27.613181+00:00,2022-12-02 19:50:27.613181+00:00
1598754609660559362,ukraine-de,True,True,False,False,False,False,False,False,False,False,2022-12-02 19:50:27.613000+00:00,2022-12-02 19:50:27.613000+00:00
1598754611615105027,ukraine-de,True,True,False,False,False,False,False,False,False,False,2022-12-02 19:50:27.612518+00:00,2022-12-02 19:50:27.612518+00:00
1598754666853957632,ukraine-de,True,True,False,False,False,False,False,False,False,False,2022-12-02 19:50:27.612419+00:00,2022-12-02 19:50:27.612419+00:00
1598754676408832005,ukraine-de,True,True,False,False,False,False,False,False,False,False,2022-12-02 19:50:17.512852+00:00,2022-12-02 19:50:27.612320+00:00
1598754683648020481,ukraine-de,True,True,False,False,False,False,False,False,False,False,2022-12-02 19:50:27.612219+00:00,2022-12-02 19:50:27.612219+00:00
1598754708490895360,ukraine-de,True,True,False,False,False,False,False,False,False,False,2022-12-02 19:50:27.612107+00:00,2022-12-02 19:50:27.612107+00:00
1598754736227856384,ukraine-de,True,True,False,False,False,False,False,False,False,False,2022-12-02 19:50:27.612008+00:00,2022-12-02 19:50:27.612008+00:00
1598754738949980160,ukraine-de,True,True,False,False,False,False,False,False,False,False,2022-12-02 19:50:17.513380+00:00,2022-12-02 19:50:27.611910+00:00
1598754749792256014,ukraine-de,True,True,False,False,False,False,False,False,False,False,2022-12-02 19:50:27.611802+00:00,2022-12-02 19:50:27.611802+00:00
1598754773611618304,ukraine-de,True,True,False,False,False,False,False,False,False,False,2022-12-02 19:50:27.611704+00:00,2022-12-02 19:50:27.611704+00:00
1598754798291001344,ukraine-de,True,True,False,False,False,False,False,False,False,False,2022-12-02 19:50:27.611607+00:00,2022-12-02 19:50:27.611607+00:00
1598754804469272576,ukraine-de,True,True,False,False,False,False,False,False,False,False,2022-12-02 19:50:27.611508+00:00,2022-12-02 19:50:27.611508+00:00
1598754805521862656,ukraine-de,True,True,False,False,False,False,False,False,False,False,2022-12-02 19:50:27.611392+00:00,2022-12-02 19:50:27.611392+00:00
1598754820357517312,ukraine-de,True,True,False,False,False,False,False,False,False,False,2022-12-02 19:50:27.611284+00:00,2022-12-02 19:50:27.611284+00:00
1598754825532997646,ukraine-de,True,True,False,False,False,False,False,False,False,False,2022-12-02 19:50:27.611185+00:00,2022-12-02 19:50:27.611185+00:00
1598754828540313607,ukraine-de,True,True,False,False,False,False,False,False,False,False,2022-12-02 19:50:27.611081+00:00,2022-12-02 19:50:27.611081+00:00
1598754833288265747,ukraine-de,True,True,False,False,False,False,False,False,False,False,2022-12-02 19:50:27.610968+00:00,2022-12-02 19:50:27.610968+00:00
1598754888082563072,ukraine-de,True,True,False,False,False,False,False,False,False,False,2022-12-02 19:50:27.610871+00:00,2022-12-02 19:50:27.610871+00:00
1598754909368700928,ukraine-de,True,True,False,False,False,False,False,False,False,False,2022-12-02 19:50:27.610772+00:00,2022-12-02 19:50:27.610772+00:00
1598754940612235264,ukraine-de,True,True,False,False,False,False,False,False,False,False,2022-12-02 19:50:27.610661+00:00,2022-12-02 19:50:27.610661+00:00
1598754951315988481,ukraine-de,True,True,False,False,False,False,False,False,False,False,2022-12-02 19:50:27.610563+00:00,2022-12-02 19:50:27.610563+00:00
1598755006995365908,ukraine-de,True,True,False,False,False,False,False,False,False,False,2022-12-02 19:50:27.610465+00:00,2022-12-02 19:50:27.610465+00:00
1598755015140704275,ukraine-de,True,True,False,False,False,False,False,False,False,False,2022-12-02 19:50:27.610366+00:00,2022-12-02 19:50:27.610366+00:00
1598755028541575171,ukraine-de,True,True,False,False,False,False,False,False,False,False,2022-12-02 19:50:27.610267+00:00,2022-12-02 19:50:27.610267+00:00
1598755066608963584,ukraine-de,True,True,False,False,False,False,False,False,False,False,2022-12-02 19:50:27.610165+00:00,2022-12-02 19:50:27.610165+00:00
1598755067112280064,ukraine-de,True,False,False,False,False,False,False,False,False,False,2022-12-02 19:50:17.525818+00:00,2022-12-02 19:50:17.525818+00:00
1598755072472555520,ukraine-de,True,False,False,False,False,False,False,False,False,False,2022-12-02 19:50:17.516974+00:00,2022-12-02 19:50:17.516974+00:00
1598755086221574163,ukraine-de,True,True,False,False,False,False,False,False,False,False,2022-12-02 19:50:27.610055+00:00,2022-12-02 19:50:27.610055+00:00
1598755103565139968,ukraine-de,True,True,False,False,False,False,False,False,False,False,2022-12-02 19:50:27.609955+00:00,2022-12-02 19:50:27.609955+00:00
1598755152080404482,ukraine-de,True,True,False,False,False,False,False,False,False,False,2022-12-02 19:50:27.609855+00:00,2022-12-02 19:50:27.609855+00:00
1598755173031084039,ukraine-de,True,True,False,False,False,False,False,False,False,False,2022-12-02 19:50:27.609735+00:00,2022-12-02 19:50:27.609735+00:00
1598755173505314817,ukraine-de,True,True,False,False,False,False,False,False,False,False,2022-12-02 19:50:27.609623+00:00,2022-12-02 19:50:27.609623+00:00
1598755181855997952,ukraine-de,True,True,False,False,False,False,False,False,False,False,2022-12-02 19:50:27.609508+00:00,2022-12-02 19:50:27.609508+00:00
1598755192412962829,ukraine-de,True,True,False,False,False,False,False,False,False,False,2022-12-02 19:50:27.609406+00:00,2022-12-02 19:50:27.609406+00:00
1598755235496747008,ukraine-de,True,True,False,False,False,False,False,False,False,False,2022-12-02 19:50:27.609292+00:00,2022-12-02 19:50:27.609292+00:00
1598755241272410125,ukraine-de,True,True,False,False,False,False,False,False,False,False,2022-12-02 19:50:27.609186+00:00,2022-12-02 19:50:27.609186+00:00
1598755251867115520,ukraine-de,True,True,False,False,False,False,False,False,False,False,2022-12-02 19:50:27.609023+00:00,2022-12-02 19:50:27.609023+00:00
1598755283324502028,ukraine-de,True,False,False,False,False,False,False,False,False,False,2022-12-02 22:35:54.194318+00:00,2022-12-02 22:35:54.194318+00:00
1598755288672309248,ukraine-de,True,True,False,False,False,False,False,False,False,False,2022-12-02 19:50:27.608922+00:00,2022-12-02 19:50:27.608922+00:00
1598755313636737029,ukraine-de,True,True,False,False,False,False,False,False,False,False,2022-12-02 19:50:27.608804+00:00,2022-12-02 19:50:27.608804+00:00
1598755351003734016,ukraine-de,True,True,False,False,False,False,False,False,False,False,2022-12-02 19:50:27.608704+00:00,2022-12-02 19:50:27.608704+00:00
1598755385082511361,ukraine-de,True,True,False,False,False,False,False,False,False,False,2022-12-02 19:50:27.608602+00:00,2022-12-02 19:50:27.608602+00:00
1598755412626804737,ukraine-de,True,True,False,False,False,False,False,False,False,False,2022-12-02 19:50:27.608492+00:00,2022-12-02 19:50:27.608492+00:00
1598755420335636506,ukraine-de,True,False,False,False,False,False,False,False,False,False,2022-12-02 19:50:17.526445+00:00,2022-12-02 19:50:17.526445+00:00
1598755423842017280,ukraine-de,True,True,False,False,False,False,False,False,False,False,2022-12-02 19:50:27.608368+00:00,2022-12-02 19:50:27.608368+00:00
1598755427944402945,ukraine-de,True,True,False,False,False,False,False,False,False,False,2022-12-02 19:50:27.608185+00:00,2022-12-02 19:50:27.608185+00:00
1598755438312312832,ukraine-de,True,True,False,False,False,False,False,False,False,False,2022-12-02 19:50:27.608088+00:00,2022-12-02 19:50:27.608088+00:00
1598755450618490880,ukraine-de,True,True,False,False,False,False,False,False,False,False,2022-12-02 19:50:27.607989+00:00,2022-12-02 19:50:27.607989+00:00
1598755454921867276,ukraine-de,True,True,False,False,False,False,False,False,False,False,2022-12-02 19:50:27.607890+00:00,2022-12-02 19:50:27.607890+00:00
1598755457492865025,ukraine-de,True,True,False,False,False,False,False,False,False,False,2022-12-02 19:50:17.516876+00:00,2022-12-02 19:50:27.607790+00:00
1598755466871558144,ukraine-de,True,True,False,False,False,False,False,False,False,False,2022-12-02 19:50:27.607672+00:00,2022-12-02 19:50:27.607672+00:00
1598755474102538240,ukraine-de,True,True,False,False,False,False,False,False,False,False,2022-12-02 19:50:27.607563+00:00,2022-12-02 19:50:27.607563+00:00
1598755480238755842,ukraine-de,True,True,False,False,False,False,False,False,False,False,2022-12-02 19:50:27.607463+00:00,2022-12-02 19:50:27.607463+00:00
1598755495678205953,ukraine-de,True,True,False,False,False,False,False,False,False,False,2022-12-02 19:50:27.607363+00:00,2022-12-02 19:50:27.607363+00:00
1598755530222321666,ukraine-de,True,True,False,False,False,False,False,False,False,False,2022-12-02 19:50:27.607262+00:00,2022-12-02 19:50:27.607262+00:00
1598755532118331392,ukraine-de,True,True,False,False,False,False,False,False,False,False,2022-12-02 19:50:27.607163+00:00,2022-12-02 19:50:27.607163+00:00
1598755543275167744,ukraine-de,True,True,False,False,False,False,False,False,False,False,2022-12-02 19:50:27.607062+00:00,2022-12-02 19:50:27.607062+00:00
1598755555815956481,ukraine-de,True,True,False,False,False,False,False,False,False,False,2022-12-02 19:50:27.606963+00:00,2022-12-02 19:50:27.606963+00:00
1598755564732940295,ukraine-de,True,False,False,False,False,False,False,False,False,False,2022-12-02 22:36:01.074728+00:00,2022-12-02 22:36:01.074728+00:00
1598755593912664066,ukraine-de,True,False,False,False,False,False,False,False,False,False,2022-12-02 19:50:17.518754+00:00,2022-12-02 19:50:17.518754+00:00
1598755595003351040,ukraine-de,True,True,False,False,False,False,False,False,False,False,2022-12-02 19:50:27.606863+00:00,2022-12-02 19:50:27.606863+00:00
1598755595536023552,ukraine-de,True,True,False,False,False,False,False,False,False,False,2022-12-02 19:50:27.606762+00:00,2022-12-02 19:50:27.606762+00:00
1598755599566532608,ukraine-de,True,True,False,False,False,False,False,False,False,False,2022-12-02 19:50:27.606647+00:00,2022-12-02 19:50:27.606647+00:00
1598755653106925568,ukraine-de,True,False,False,False,False,False,False,False,False,False,2022-12-02 19:50:27.661525+00:00,2022-12-02 19:50:27.661525+00:00
1598755673608683540,ukraine-de,True,True,False,False,False,False,False,False,False,False,2022-12-02 19:50:27.606533+00:00,2022-12-02 19:50:27.606533+00:00
1598755677568057344,ukraine-de,True,True,False,False,False,False,False,False,False,False,2022-12-02 19:50:27.606432+00:00,2022-12-02 19:50:27.606432+00:00
1598755684652285954,ukraine-de,True,True,False,False,False,False,False,False,False,False,2022-12-02 19:50:27.606331+00:00,2022-12-02 19:50:27.606331+00:00
1598755694173356032,ukraine-de,True,True,False,False,False,False,False,False,False,False,2022-12-02 19:50:27.606231+00:00,2022-12-02 19:50:27.606231+00:00
1598755712124887040,ukraine-de,True,True,False,False,False,False,False,False,False,False,2022-12-02 19:50:27.606131+00:00,2022-12-02 19:50:27.606131+00:00
1598755739723395072,ukraine-de,True,True,False,False,False,False,False,False,False,False,2022-12-02 19:50:27.606028+00:00,2022-12-02 19:50:27.606028+00:00
1598755749043195904,ukraine-de,True,True,False,False,False,False,False,False,False,False,2022-12-02 19:50:27.605889+00:00,2022-12-02 19:50:27.605889+00:00
1598755749164875789,ukraine-de,True,True,False,False,False,False,False,False,False,False,2022-12-02 19:50:27.605504+00:00,2022-12-02 19:50:27.605504+00:00
1598755786087403520,ukraine-de,True,True,False,False,False,False,False,False,False,False,2022-12-02 19:50:27.605403+00:00,2022-12-02 19:50:27.605403+00:00
1598755831364734977,ukraine-de,True,True,False,False,False,False,False,False,False,False,2022-12-02 19:50:27.605303+00:00,2022-12-02 19:50:27.605303+00:00
1598755835773059081,ukraine-de,True,False,False,False,False,False,False,False,False,False,2022-12-03 03:40:14.817513+00:00,2022-12-03 03:40:14.817513+00:00
1598755841066164224,ukraine-de,True,True,False,False,False,False,False,False,False,False,2022-12-02 19:50:27.605201+00:00,2022-12-02 19:50:27.605201+00:00
1598755853640749058,ukraine-de,True,True,False,False,False,False,False,False,False,False,2022-12-02 19:50:27.605018+00:00,2022-12-02 19:50:27.605018+00:00
1598755855406596106,ukraine-de,True,True,False,False,False,False,False,False,False,False,2022-12-02 19:50:27.604920+00:00,2022-12-02 19:50:27.604920+00:00
1598755858392920064,ukraine-de,True,True,False,False,False,False,False,False,False,False,2022-12-02 19:50:27.604822+00:00,2022-12-02 19:50:27.604822+00:00
1598755868299886599,ukraine-de,True,True,False,False,False,False,False,False,False,False,2022-12-02 19:50:27.604721+00:00,2022-12-02 19:50:27.604721+00:00
1598755888373825549,ukraine-de,True,True,False,False,False,False,False,False,False,False,2022-12-02 19:50:27.604606+00:00,2022-12-02 19:50:27.604606+00:00
1598755944632025092,ukraine-de,True,True,False,False,False,False,False,False,False,False,2022-12-02 19:50:27.604506+00:00,2022-12-02 19:50:27.604506+00:00
1598755960352276489,ukraine-de,True,True,False,False,False,False,False,False,False,False,2022-12-02 19:50:27.604398+00:00,2022-12-02 19:50:27.604398+00:00
1598755972918308865,ukraine-de,True,True,False,False,False,False,False,False,False,False,2022-12-02 19:50:27.604298+00:00,2022-12-02 19:50:27.604298+00:00
1598755992602398723,ukraine-de,True,True,False,False,False,False,False,False,False,False,2022-12-02 19:50:27.604200+00:00,2022-12-02 19:50:27.604200+00:00
1598756007479476251,ukraine-de,True,True,False,False,False,False,False,False,False,False,2022-12-02 19:50:27.604100+00:00,2022-12-02 19:50:27.604100+00:00
1598756041013006338,ukraine-de,True,True,False,False,False,False,False,False,False,False,2022-12-02 19:50:27.603997+00:00,2022-12-02 19:50:27.603997+00:00
1598756070939238400,ukraine-de,True,True,False,False,False,False,False,False,False,False,2022-12-02 19:50:27.603895+00:00,2022-12-02 19:50:27.603895+00:00
1598756077339803648,ukraine-de,True,True,False,False,False,False,False,False,False,False,2022-12-02 19:50:27.603785+00:00,2022-12-02 19:50:27.603785+00:00
1598756080586194951,ukraine-de,True,False,False,False,False,False,False,False,False,False,2022-12-03 03:40:14.833010+00:00,2022-12-03 03:40:14.833010+00:00
1598756106754457618,ukraine-de,True,True,False,False,False,False,False,False,False,False,2022-12-02 19:50:27.603668+00:00,2022-12-02 19:50:27.603668+00:00
1598756114165743616,ukraine-de,True,True,False,False,False,False,False,False,False,False,2022-12-02 19:50:27.603558+00:00,2022-12-02 19:50:27.603558+00:00
1598756117227642880,ukraine-de,True,True,False,False,False,False,False,False,False,False,2022-12-02 19:50:27.603457+00:00,2022-12-02 19:50:27.603457+00:00
1598756185720557568,ukraine-de,True,True,False,False,False,False,False,False,False,False,2022-12-02 19:50:27.603355+00:00,2022-12-02 19:50:27.603355+00:00
1598756199620841472,ukraine-de,True,True,False,False,False,False,False,False,False,False,2022-12-02 19:50:27.603253+00:00,2022-12-02 19:50:27.603253+00:00
1598756200279048202,ukraine-de,True,True,False,False,False,False,False,False,False,False,2022-12-02 19:50:27.603124+00:00,2022-12-02 19:50:27.603124+00:00
1598756210836217856,ukraine-de,True,True,False,False,False,False,False,False,False,False,2022-12-02 19:50:27.602999+00:00,2022-12-02 19:50:27.602999+00:00
1598756241966129152,ukraine-de,True,True,False,False,False,False,False,False,False,False,2022-12-02 19:50:27.602897+00:00,2022-12-02 19:50:27.602897+00:00
1598756260337385472,ukraine-de,True,True,False,False,False,False,False,False,False,False,2022-12-02 19:50:27.602788+00:00,2022-12-02 19:50:27.602788+00:00
1598756265710215169,ukraine-de,True,True,False,False,False,False,False,False,False,False,2022-12-02 19:50:27.602410+00:00,2022-12-02 19:50:27.602410+00:00
1598756276623712256,ukraine-de,True,False,False,False,False,False,False,False,False,False,2022-12-02 19:50:17.524815+00:00,2022-12-02 19:50:17.524815+00:00
1598756279563931648,ukraine-de,True,True,False,False,False,False,False,False,False,False,2022-12-02 19:50:27.602312+00:00,2022-12-02 19:50:27.602312+00:00
1598756297431711752,ukraine-de,True,False,False,False,False,False,False,False,False,False,2022-12-02 22:35:17.190349+00:00,2022-12-02 22:35:17.190349+00:00
1598756310048129025,ukraine-de,True,True,False,False,False,False,False,False,False,False,2022-12-02 19:50:27.602214+00:00,2022-12-02 19:50:27.602214+00:00
1598756327920017408,ukraine-de,True,True,False,False,False,False,False,False,False,False,2022-12-02 19:50:27.602100+00:00,2022-12-02 19:50:27.602100+00:00
1598756335151157248,ukraine-de,True,True,False,False,False,False,False,False,False,False,2022-12-02 19:50:27.601995+00:00,2022-12-02 19:50:27.601995+00:00
1598756353840906249,ukraine-de,True,True,False,False,False,False,False,False,False,False,2022-12-02 19:50:27.601862+00:00,2022-12-02 19:50:27.601862+00:00
1598756357640953858,ukraine-de,True,True,False,False,False,False,False,False,False,False,2022-12-02 19:50:27.601761+00:00,2022-12-02 19:50:27.601761+00:00
1598756358932688896,ukraine-de,True,True,False,False,False,False,False,False,False,False,2022-12-02 19:50:17.501972+00:00,2022-12-02 19:50:27.601661+00:00
1598756364343562240,ukraine-de,True,True,False,False,False,False,False,False,False,False,2022-12-02 19:50:27.601541+00:00,2022-12-02 19:50:27.601541+00:00
1598756364695773184,ukraine-de,True,True,False,False,False,False,False,False,False,False,2022-12-02 19:50:27.601440+00:00,2022-12-02 19:50:27.601440+00:00
1598756370014142468,ukraine-de,True,True,False,False,False,False,False,False,False,False,2022-12-02 19:50:27.601336+00:00,2022-12-02 19:50:27.601336+00:00
1598756371326828545,ukraine-de,True,False,False,False,False,False,False,False,False,False,2022-12-02 19:50:17.518658+00:00,2022-12-02 19:50:17.518658+00:00
1598756386388713474,ukraine-de,True,True,False,False,False,False,False,False,False,False,2022-12-02 19:50:27.601229+00:00,2022-12-02 19:50:27.601229+00:00
1598756397272834048,ukraine-de,True,True,False,False,False,False,False,False,False,False,2022-12-02 19:50:27.601113+00:00,2022-12-02 19:50:27.601113+00:00
1598756403568463873,ukraine-de,True,True,False,False,False,False,False,False,False,False,2022-12-02 19:50:27.600947+00:00,2022-12-02 19:50:27.600947+00:00
1598756406575988736,ukraine-de,True,True,False,False,False,False,False,False,False,False,2022-12-02 19:50:27.600651+00:00,2022-12-02 19:50:27.600651+00:00
1598756426041597954,ukraine-de,True,True,False,False,False,False,False,False,False,False,2022-12-02 19:50:17.497995+00:00,2022-12-02 19:50:17.497995+00:00
1598756455980535809,ukraine-de,True,True,False,False,False,False,False,False,False,False,2022-12-02 19:50:17.497895+00:00,2022-12-02 19:50:17.497895+00:00
1598756491380523039,ukraine-de,True,True,False,False,False,False,False,False,False,False,2022-12-02 19:50:17.497793+00:00,2022-12-02 19:50:17.497793+00:00
1598756508170321929,ukraine-de,True,True,False,False,False,False,False,False,False,False,2022-12-02 19:50:17.497682+00:00,2022-12-02 19:50:17.497682+00:00
1598756520677736474,ukraine-de,True,True,False,False,False,False,False,False,False,False,2022-12-02 19:50:17.497548+00:00,2022-12-02 19:50:17.497548+00:00
1598756555263967235,ukraine-de,True,True,False,False,False,False,False,False,False,False,2022-12-02 19:50:17.497445+00:00,2022-12-02 19:50:17.497445+00:00
1598756561983242243,ukraine-de,True,True,False,False,False,False,False,False,False,False,2022-12-02 19:50:17.497347+00:00,2022-12-02 19:50:17.497347+00:00
1598756580023062529,ukraine-de,True,False,False,False,False,False,False,False,False,False,2022-12-03 08:10:16.242006+00:00,2022-12-03 08:10:16.242006+00:00
1598756590831603712,ukraine-de,True,True,False,False,False,False,False,False,False,False,2022-12-02 19:50:17.497247+00:00,2022-12-02 19:50:17.497247+00:00
1598756595197935618,ukraine-de,True,True,False,False,False,False,False,False,False,False,2022-12-02 19:50:17.497149+00:00,2022-12-02 19:50:17.497149+00:00
1598756636675317760,ukraine-de,True,True,False,False,False,False,False,False,False,False,2022-12-02 19:50:17.497045+00:00,2022-12-02 19:50:17.497045+00:00
1598756639242321934,ukraine-de,True,True,False,False,False,False,False,False,False,False,2022-12-02 19:50:17.496926+00:00,2022-12-02 19:50:17.496926+00:00
1598756663682633729,ukraine-de,True,True,False,False,False,False,False,False,False,False,2022-12-02 19:50:17.496828+00:00,2022-12-02 19:50:17.496828+00:00
1598756699644493825,ukraine-de,True,True,False,False,False,False,False,False,False,False,2022-12-02 19:50:17.496726+00:00,2022-12-02 19:50:17.496726+00:00
1598756706967748620,ukraine-de,True,True,False,False,False,False,False,False,False,False,2022-12-02 19:50:17.496625+00:00,2022-12-02 19:50:17.496625+00:00
1598756736650706944,ukraine-de,True,True,False,False,False,False,False,False,False,False,2022-12-02 19:50:17.496521+00:00,2022-12-02 19:50:17.496521+00:00
1598756741335764992,ukraine-de,True,True,False,False,False,False,False,False,False,False,2022-12-02 19:50:17.496423+00:00,2022-12-02 19:50:17.496423+00:00
1598756771258040329,ukraine-de,True,True,False,False,False,False,False,False,False,False,2022-12-02 19:50:17.496323+00:00,2022-12-02 19:50:17.496323+00:00
1598756790769942556,ukraine-de,True,True,False,False,False,False,False,False,False,False,2022-12-02 19:50:17.496223+00:00,2022-12-02 19:50:17.496223+00:00
1598756798126751755,ukraine-de,True,True,False,False,False,False,False,False,False,False,2022-12-02 19:50:17.496117+00:00,2022-12-02 19:50:17.496117+00:00
1598756807647821827,ukraine-de,True,True,False,False,False,False,False,False,False,False,2022-12-02 19:50:17.495966+00:00,2022-12-02 19:50:17.495966+00:00
1598756830037016586,ukraine-de,True,True,False,False,False,False,False,False,False,False,2022-12-02 19:50:17.495766+00:00,2022-12-02 19:50:17.495766+00:00
1598756850366808067,ukraine-de,True,True,False,False,False,False,False,False,False,False,2022-12-02 19:50:17.495656+00:00,2022-12-02 19:50:17.495656+00:00
1598756856213667849,ukraine-de,True,True,False,False,False,False,False,False,False,False,2022-12-02 19:50:17.495559+00:00,2022-12-02 19:50:17.495559+00:00
1598756864526802944,ukraine-de,True,False,False,False,False,False,False,False,False,False,2022-12-02 19:50:17.501870+00:00,2022-12-02 19:50:17.501870+00:00
1598756875046092803,ukraine-de,True,True,False,False,False,False,False,False,False,False,2022-12-02 19:50:17.495458+00:00,2022-12-02 19:50:17.495458+00:00
1598756931266543620,ukraine-de,True,True,False,False,False,False,False,False,False,False,2022-12-02 19:50:17.495358+00:00,2022-12-02 19:50:17.495358+00:00
1598756939160121345,ukraine-de,True,True,False,False,False,False,False,False,False,False,2022-12-02 19:50:17.495248+00:00,2022-12-02 19:50:17.495248+00:00
1598756947322339350,ukraine-de,True,False,False,False,False,False,False,False,False,False,2022-12-02 19:50:17.525256+00:00,2022-12-02 19:50:17.525256+00:00
1598756947754352666,ukraine-de,True,True,False,False,False,False,False,False,False,False,2022-12-02 19:50:17.495147+00:00,2022-12-02 19:50:17.495147+00:00
1598756969442967552,ukraine-de,True,True,False,False,False,False,False,False,False,False,2022-12-02 19:50:17.495049+00:00,2022-12-02 19:50:17.495049+00:00
1598756981245820928,ukraine-de,True,True,False,False,False,False,False,False,False,False,2022-12-02 19:50:17.494949+00:00,2022-12-02 19:50:17.494949+00:00
1598756983716315154,ukraine-de,True,True,False,False,False,False,False,False,False,False,2022-12-02 19:50:17.494849+00:00,2022-12-02 19:50:17.494849+00:00
1598756994705301507,ukraine-de,True,True,False,False,False,False,False,False,False,False,2022-12-02 19:50:17.494733+00:00,2022-12-02 19:50:17.494733+00:00
1598756995800104964,ukraine-de,True,False,False,False,False,False,False,False,False,False,2022-12-02 19:50:17.515033+00:00,2022-12-02 19:50:17.515033+00:00
1598757005472059393,ukraine-de,True,True,False,False,False,False,False,False,False,False,2022-12-02 19:50:17.494635+00:00,2022-12-02 19:50:17.494635+00:00
1598757005518204928,ukraine-de,True,True,False,False,False,False,False,False,False,False,2022-12-02 19:50:17.494535+00:00,2022-12-02 19:50:17.494535+00:00
1598757011201687552,ukraine-de,True,False,False,False,False,False,False,False,False,False,2022-12-02 19:50:17.521921+00:00,2022-12-02 19:50:17.521921+00:00
1598757024950517760,ukraine-de,True,True,False,False,False,False,False,False,False,False,2022-12-02 19:50:17.494437+00:00,2022-12-02 19:50:17.494437+00:00
1598757056579743744,ukraine-de,True,False,False,False,False,False,False,False,False,False,2022-12-02 19:50:17.499625+00:00,2022-12-02 19:50:17.499625+00:00
1598757061994610701,ukraine-de,True,True,False,False,False,False,False,False,False,False,2022-12-02 19:50:17.494336+00:00,2022-12-02 19:50:17.494336+00:00
1598757150892883984,ukraine-de,True,True,False,False,False,False,False,False,False,False,2022-12-02 19:50:17.494236+00:00,2022-12-02 19:50:17.494236+00:00
1598757155833774101,ukraine-de,True,True,False,False,False,False,False,False,False,False,2022-12-02 19:50:17.494125+00:00,2022-12-02 19:50:17.494125+00:00
1598757224280621061,ukraine-de,True,True,False,False,False,False,False,False,False,False,2022-12-02 19:50:17.494001+00:00,2022-12-02 19:50:17.494001+00:00
1598757225756958721,ukraine-de,True,True,False,False,False,False,False,False,False,False,2022-12-02 19:50:17.493901+00:00,2022-12-02 19:50:17.493901+00:00
1598757231855534107,ukraine-de,True,True,False,False,False,False,False,False,False,False,2022-12-02 19:50:17.493801+00:00,2022-12-02 19:50:17.493801+00:00
1598757239510241281,ukraine-de,True,True,False,False,False,False,False,False,False,False,2022-12-02 19:50:17.493695+00:00,2022-12-02 19:50:17.493695+00:00
1598757245549961216,ukraine-de,True,True,False,False,False,False,False,False,False,False,2022-12-02 19:50:17.493538+00:00,2022-12-02 19:50:17.493538+00:00
1598757286670802944,ukraine-de,True,True,False,False,False,False,False,False,False,False,2022-12-02 19:50:17.493436+00:00,2022-12-02 19:50:17.493436+00:00
1598757302743466006,ukraine-de,True,True,False,False,False,False,False,False,False,False,2022-12-02 19:50:17.493337+00:00,2022-12-02 19:50:17.493337+00:00
1598757307705327622,ukraine-de,True,True,False,False,False,False,False,False,False,False,2022-12-02 19:50:17.493233+00:00,2022-12-02 19:50:17.493233+00:00
1598757337304428544,ukraine-de,True,True,False,False,False,False,False,False,False,False,2022-12-02 19:50:17.493117+00:00,2022-12-02 19:50:17.493117+00:00
1598757357894438912,ukraine-de,True,True,False,False,False,False,False,False,False,False,2022-12-02 19:50:17.493016+00:00,2022-12-02 19:50:17.493016+00:00
1598757423912669184,ukraine-de,True,True,False,False,False,False,False,False,False,False,2022-12-02 19:50:17.492917+00:00,2022-12-02 19:50:17.492917+00:00
1598757433966530560,ukraine-de,True,True,False,False,False,False,False,False,False,False,2022-12-02 19:50:17.492813+00:00,2022-12-02 19:50:17.492813+00:00
1598757461582045185,ukraine-de,True,True,False,False,False,False,False,False,False,False,2022-12-02 19:50:17.492695+00:00,2022-12-02 19:50:17.492695+00:00
1598757471794905088,ukraine-de,True,True,False,False,False,False,False,False,False,False,2022-12-02 19:50:17.492597+00:00,2022-12-02 19:50:17.492597+00:00
1598757502551719958,ukraine-de,True,True,False,False,False,False,False,False,False,False,2022-12-02 19:50:17.492485+00:00,2022-12-02 19:50:17.492485+00:00
1598757503386386441,ukraine-de,True,True,False,False,False,False,False,False,False,False,2022-12-02 19:50:17.492382+00:00,2022-12-02 19:50:17.492382+00:00
1598757503474376704,ukraine-de,True,True,False,False,False,False,False,False,False,False,2022-12-02 19:50:17.492243+00:00,2022-12-02 19:50:17.492243+00:00
1598757510726418440,ukraine-de,True,True,False,False,False,False,False,False,False,False,2022-12-02 19:50:17.492143+00:00,2022-12-02 19:50:17.492143+00:00
1598757526421504020,ukraine-de,True,True,False,False,False,False,False,False,False,False,2022-12-02 19:50:17.492021+00:00,2022-12-02 19:50:17.492021+00:00
1598757555148230657,ukraine-de,True,True,False,False,False,False,False,False,False,False,2022-12-02 19:50:17.491912+00:00,2022-12-02 19:50:17.491912+00:00
1598757560189845524,ukraine-de,True,False,False,False,False,False,False,False,False,False,2022-12-03 01:30:30.084952+00:00,2022-12-03 01:30:30.084952+00:00
1598757600241254415,ukraine-de,True,True,False,False,False,False,False,False,False,False,2022-12-02 19:50:17.491812+00:00,2022-12-02 19:50:17.491812+00:00
1598757657438928896,ukraine-de,True,True,False,False,False,False,False,False,False,False,2022-12-02 19:50:17.491710+00:00,2022-12-02 19:50:17.491710+00:00
1598757710950195200,ukraine-de,True,True,False,False,False,False,False,False,False,False,2022-12-02 19:50:17.491608+00:00,2022-12-02 19:50:17.491608+00:00
1598757727802621953,ukraine-de,True,True,False,False,False,False,False,False,False,False,2022-12-02 19:50:17.491488+00:00,2022-12-02 19:50:17.491488+00:00
1598757737080422414,ukraine-de,True,True,False,False,False,False,False,False,False,False,2022-12-02 19:50:17.491389+00:00,2022-12-02 19:50:17.491389+00:00
1598757759696125952,ukraine-de,True,True,False,False,False,False,False,False,False,False,2022-12-02 19:50:17.491289+00:00,2022-12-02 19:50:17.491289+00:00
1598757763235991552,ukraine-de,True,True,False,False,False,False,False,False,False,False,2022-12-02 19:50:17.491189+00:00,2022-12-02 19:50:17.491189+00:00
1598757797235130383,ukraine-de,True,True,False,False,False,False,False,False,False,False,2022-12-02 19:50:17.491063+00:00,2022-12-02 19:50:17.491063+00:00
1598757798854131742,ukraine-de,True,True,False,False,False,False,False,False,False,False,2022-12-02 19:50:17.490964+00:00,2022-12-02 19:50:17.490964+00:00
1598757827325186048,ukraine-de,True,True,False,False,False,False,False,False,False,False,2022-12-02 19:50:17.490843+00:00,2022-12-02 19:50:17.490843+00:00
1598757834610573321,ukraine-de,True,False,False,False,False,False,False,False,False,False,2022-12-03 01:30:30.057027+00:00,2022-12-03 01:30:30.057027+00:00
1598757904173105159,ukraine-de,True,True,False,False,False,False,False,False,False,False,2022-12-02 19:50:17.490729+00:00,2022-12-02 19:50:17.490729+00:00
1598757931490631680,ukraine-de,True,True,False,False,False,False,False,False,False,False,2022-12-02 19:50:17.490620+00:00,2022-12-02 19:50:17.490620+00:00
1598757932333731846,ukraine-de,True,True,False,False,False,False,False,False,False,False,2022-12-02 19:50:17.490519+00:00,2022-12-02 19:50:17.490519+00:00
1598757941976657920,ukraine-de,True,True,False,False,False,False,False,False,False,False,2022-12-02 19:50:17.490406+00:00,2022-12-02 19:50:17.490406+00:00
1598757951837175821,ukraine-de,True,True,False,False,False,False,False,False,False,False,2022-12-02 19:50:17.490307+00:00,2022-12-02 19:50:17.490307+00:00
1598757953946865665,ukraine-de,True,True,False,False,False,False,False,False,False,False,2022-12-02 19:50:17.490209+00:00,2022-12-02 19:50:17.490209+00:00
1598757972875698177,ukraine-de,True,True,False,False,False,False,False,False,False,False,2022-12-02 19:50:17.490108+00:00,2022-12-02 19:50:17.490108+00:00
1598757992177991690,ukraine-de,True,False,False,False,False,False,False,False,False,False,2022-12-02 19:50:17.522970+00:00,2022-12-02 19:50:17.522970+00:00
1598758012495200275,ukraine-de,True,True,False,False,False,False,False,False,False,False,2022-12-02 19:50:17.490008+00:00,2022-12-02 19:50:17.490008+00:00
1598758024847425540,ukraine-de,True,True,False,False,False,False,False,False,False,False,2022-12-02 19:50:17.489906+00:00,2022-12-02 19:50:17.489906+00:00
1598758027930337280,ukraine-de,True,True,False,False,False,False,False,False,False,False,2022-12-02 19:50:17.489796+00:00,2022-12-02 19:50:17.489796+00:00
1598758029138317312,ukraine-de,True,True,False,False,False,False,False,False,False,False,2022-12-02 19:50:17.489691+00:00,2022-12-02 19:50:17.489691+00:00
1598758060633116673,ukraine-de,True,True,False,False,False,False,False,False,False,False,2022-12-02 19:50:17.489573+00:00,2022-12-02 19:50:17.489573+00:00
1598758080715497472,ukraine-de,True,True,False,False,False,False,False,False,False,False,2022-12-02 19:50:17.489472+00:00,2022-12-02 19:50:17.489472+00:00
1598758093633990656,ukraine-de,True,True,False,False,False,False,False,False,False,False,2022-12-02 19:50:17.489347+00:00,2022-12-02 19:50:17.489347+00:00
1598758116459413523,ukraine-de,True,True,False,False,False,False,False,False,False,False,2022-12-02 19:50:17.489248+00:00,2022-12-02 19:50:17.489248+00:00
1598758183585054728,ukraine-de,True,True,False,False,False,False,False,False,False,False,2022-12-02 19:50:17.489146+00:00,2022-12-02 19:50:17.489146+00:00
1598758184541356045,ukraine-de,True,True,False,False,False,False,False,False,False,False,2022-12-02 19:50:17.489047+00:00,2022-12-02 19:50:17.489047+00:00
1598758225016328192,ukraine-de,True,True,False,False,False,False,False,False,False,False,2022-12-02 19:50:17.488949+00:00,2022-12-02 19:50:17.488949+00:00
1598758228422283265,ukraine-de,True,True,False,False,False,False,False,False,False,False,2022-12-02 19:50:17.488850+00:00,2022-12-02 19:50:17.488850+00:00
1598758232884854784,ukraine-de,True,True,False,False,False,False,False,False,False,False,2022-12-02 19:50:17.488751+00:00,2022-12-02 19:50:17.488751+00:00
1598758256125485056,ukraine-de,True,True,False,False,False,False,False,False,False,False,2022-12-02 19:50:17.488652+00:00,2022-12-02 19:50:17.488652+00:00
1598758271761887232,ukraine-de,True,True,False,False,False,False,False,False,False,False,2022-12-02 19:50:17.488546+00:00,2022-12-02 19:50:17.488546+00:00
1598758273301217293,ukraine-de,True,True,False,False,False,False,False,False,False,False,2022-12-02 19:50:17.488447+00:00,2022-12-02 19:50:17.488447+00:00
1598758276807553024,ukraine-de,True,False,False,False,False,False,False,False,False,False,2022-12-03 08:10:53.467041+00:00,2022-12-03 08:10:53.467041+00:00
1598758285468995584,ukraine-de,True,True,False,False,False,False,False,False,False,False,2022-12-02 19:50:17.488346+00:00,2022-12-02 19:50:17.488346+00:00
1598758311569997824,ukraine-de,True,True,False,False,False,False,False,False,False,False,2022-12-02 19:50:17.488245+00:00,2022-12-02 19:50:17.488245+00:00
1598758322827558920,ukraine-de,True,False,False,False,False,False,False,False,False,False,2022-12-02 19:50:17.522022+00:00,2022-12-02 19:50:17.522022+00:00
1598758325193252864,ukraine-de,True,True,False,False,False,False,False,False,False,False,2022-12-02 19:50:17.488146+00:00,2022-12-02 19:50:17.488146+00:00
1598758333137158147,ukraine-de,True,True,False,False,False,False,False,False,False,False,2022-12-02 19:50:17.488029+00:00,2022-12-02 19:50:17.488029+00:00
1598758362895745036,ukraine-de,True,True,False,False,False,False,False,False,False,False,2022-12-02 19:50:17.487908+00:00,2022-12-02 19:50:17.487908+00:00
1598758375541571586,ukraine-de,True,True,False,False,False,False,False,False,False,False,2022-12-02 19:50:17.487789+00:00,2022-12-02 19:50:17.487789+00:00
1598758382738997250,ukraine-de,True,True,False,False,False,False,False,False,False,False,2022-12-02 19:50:17.487631+00:00,2022-12-02 19:50:17.487631+00:00
1598758391370772480,ukraine-de,True,True,False,False,False,False,False,False,False,False,2022-12-02 19:50:17.487528+00:00,2022-12-02 19:50:17.487528+00:00
1598758393161850880,ukraine-de,True,True,False,False,False,False,False,False,False,False,2022-12-02 19:50:17.487398+00:00,2022-12-02 19:50:17.487398+00:00
1598758459104559104,ukraine-de,True,True,False,False,False,False,False,False,False,False,2022-12-02 19:50:17.487299+00:00,2022-12-02 19:50:17.487299+00:00
1598758465484226573,ukraine-de,True,True,False,False,False,False,False,False,False,False,2022-12-02 19:50:17.487186+00:00,2022-12-02 19:50:17.487186+00:00
1598758476662046726,ukraine-de,True,True,False,False,False,False,False,False,False,False,2022-12-02 19:50:17.487085+00:00,2022-12-02 19:50:17.487085+00:00
1598758478067036161,ukraine-de,True,True,False,False,False,False,False,False,False,False,2022-12-02 19:50:17.486975+00:00,2022-12-02 19:50:17.486975+00:00
1598758485121957907,ukraine-de,True,False,False,False,False,False,False,False,False,False,2022-12-02 19:50:17.521815+00:00,2022-12-02 19:50:17.521815+00:00
1598758501102551041,ukraine-de,True,True,False,False,False,False,False,False,False,False,2022-12-02 19:50:17.486871+00:00,2022-12-02 19:50:17.486871+00:00
1598758505623715852,ukraine-de,True,True,False,False,False,False,False,False,False,False,2022-12-02 19:50:17.486759+00:00,2022-12-02 19:50:17.486759+00:00
1598758511164391430,ukraine-de,True,True,False,False,False,False,False,False,False,False,2022-12-02 19:50:17.486655+00:00,2022-12-02 19:50:17.486655+00:00
1598758524611616768,ukraine-de,True,True,False,False,False,False,False,False,False,False,2022-12-02 19:50:17.486541+00:00,2022-12-02 19:50:17.486541+00:00
1598758553015050240,ukraine-de,True,True,False,False,False,False,False,False,False,False,2022-12-02 19:50:17.486441+00:00,2022-12-02 19:50:17.486441+00:00
1598758562012229633,ukraine-de,True,True,False,False,False,False,False,False,False,False,2022-12-02 19:50:17.486341+00:00,2022-12-02 19:50:17.486341+00:00
1598758648099926016,ukraine-de,True,True,False,False,False,False,False,False,False,False,2022-12-02 19:50:17.486220+00:00,2022-12-02 19:50:17.486220+00:00
1598758659273654311,ukraine-de,True,True,False,False,False,False,False,False,False,False,2022-12-02 19:50:17.486119+00:00,2022-12-02 19:50:17.486119+00:00
1598758669478502400,ukraine-de,True,True,False,False,False,False,False,False,False,False,2022-12-02 19:50:17.485985+00:00,2022-12-02 19:50:17.485985+00:00
1598758670413725708,ukraine-de,True,True,False,False,False,False,False,False,False,False,2022-12-02 19:50:17.485880+00:00,2022-12-02 19:50:17.485880+00:00
1598758671197970432,ukraine-de,True,True,False,False,False,False,False,False,False,False,2022-12-02 19:50:17.485668+00:00,2022-12-02 19:50:17.485668+00:00
1598758707025715201,ukraine-de,True,True,False,False,False,False,False,False,False,False,2022-12-02 19:50:17.485528+00:00,2022-12-02 19:50:17.485528+00:00
1598758720074301441,ukraine-de,True,True,False,False,False,False,False,False,False,False,2022-12-02 19:50:17.485400+00:00,2022-12-02 19:50:17.485400+00:00
1598758758779330560,ukraine-de,True,True,False,False,False,False,False,False,False,False,2022-12-02 19:50:17.485300+00:00,2022-12-02 19:50:17.485300+00:00
1598758770636619778,ukraine-de,True,True,False,False,False,False,False,False,False,False,2022-12-02 19:50:17.485201+00:00,2022-12-02 19:50:17.485201+00:00
1598758793680125969,ukraine-de,True,True,False,False,False,False,False,False,False,False,2022-12-02 19:50:17.485097+00:00,2022-12-02 19:50:17.485097+00:00
1598758808632819732,ukraine-de,True,True,False,False,False,False,False,False,False,False,2022-12-02 19:50:17.484998+00:00,2022-12-02 19:50:17.484998+00:00
1598758818921447428,ukraine-de,True,False,False,False,False,False,False,False,False,False,2022-12-02 19:50:17.498213+00:00,2022-12-02 19:50:17.498213+00:00
1598758822293667849,ukraine-de,True,True,False,False,False,False,False,False,False,False,2022-12-02 19:50:17.484896+00:00,2022-12-02 19:50:17.484896+00:00
1598758822457245703,ukraine-de,True,True,False,False,False,False,False,False,False,False,2022-12-02 19:50:17.484795+00:00,2022-12-02 19:50:17.484795+00:00
1598758826148249604,ukraine-de,True,True,False,False,False,False,False,False,False,False,2022-12-02 19:50:17.484674+00:00,2022-12-02 19:50:17.484674+00:00
1598758829394518017,ukraine-de,True,True,False,False,False,False,False,False,False,False,2022-12-02 19:50:17.484573+00:00,2022-12-02 19:50:17.484573+00:00
1598758832833843200,ukraine-de,True,True,False,False,False,False,False,False,False,False,2022-12-02 19:50:17.484476+00:00,2022-12-02 19:50:17.484476+00:00
1598758851314008064,ukraine-de,True,False,False,False,False,False,False,False,False,False,2022-12-02 19:50:17.517080+00:00,2022-12-02 19:50:17.517080+00:00
1598758854879105026,ukraine-de,True,True,False,False,False,False,False,False,False,False,2022-12-02 19:50:17.484375+00:00,2022-12-02 19:50:17.484375+00:00
1598758875636826112,ukraine-de,True,True,False,False,False,False,False,False,False,False,2022-12-02 19:50:17.484276+00:00,2022-12-02 19:50:17.484276+00:00
1598758879571365888,ukraine-de,True,True,False,False,False,False,False,False,False,False,2022-12-02 19:50:17.484174+00:00,2022-12-02 19:50:17.484174+00:00
1598758892179185665,ukraine-de,True,True,False,False,False,False,False,False,False,False,2022-12-02 19:50:17.484074+00:00,2022-12-02 19:50:17.484074+00:00
1598758911502319657,ukraine-de,True,True,False,False,False,False,False,False,False,False,2022-12-02 19:50:17.483975+00:00,2022-12-02 19:50:17.483975+00:00
1598758924810846248,ukraine-de,True,True,False,False,False,False,False,False,False,False,2022-12-02 19:50:17.483869+00:00,2022-12-02 19:50:17.483869+00:00
1598758945971109909,ukraine-de,True,True,False,False,False,False,False,False,False,False,2022-12-02 19:50:17.483704+00:00,2022-12-02 19:50:17.483704+00:00
1598758949435559936,ukraine-de,True,True,False,False,False,False,False,False,False,False,2022-12-02 19:50:17.483599+00:00,2022-12-02 19:50:17.483599+00:00
1598758989503733760,ukraine-de,True,True,False,False,False,False,False,False,False,False,2022-12-02 19:50:17.483501+00:00,2022-12-02 19:50:17.483501+00:00
1598758991571582990,ukraine-de,True,True,False,False,False,False,False,False,False,False,2022-12-02 19:50:17.483401+00:00,2022-12-02 19:50:17.483401+00:00
1598759003865088021,ukraine-de,True,True,False,False,False,False,False,False,False,False,2022-12-02 19:50:17.483300+00:00,2022-12-02 19:50:17.483300+00:00
1598759004544565250,ukraine-de,True,True,False,False,False,False,False,False,False,False,2022-12-02 19:50:17.483196+00:00,2022-12-02 19:50:17.483196+00:00
1598759053185908743,ukraine-de,True,True,False,False,False,False,False,False,False,False,2022-12-02 19:50:17.483086+00:00,2022-12-02 19:50:17.483086+00:00
1598759064560750592,ukraine-de,True,True,False,False,False,False,False,False,False,False,2022-12-02 19:50:17.482985+00:00,2022-12-02 19:50:17.482985+00:00
1598759115089666048,ukraine-de,True,True,False,False,False,False,False,False,False,False,2022-12-02 19:50:17.482883+00:00,2022-12-02 19:50:17.482883+00:00
1598759157745668096,ukraine-de,True,True,False,False,False,False,False,False,False,False,2022-12-02 19:50:17.482775+00:00,2022-12-02 19:50:17.482775+00:00
1598759179333795843,ukraine-de,True,True,False,False,False,False,False,False,False,False,2022-12-02 19:50:17.482671+00:00,2022-12-02 19:50:17.482671+00:00
1598759184660455426,ukraine-de,True,True,False,False,False,False,False,False,False,False,2022-12-02 19:50:17.482572+00:00,2022-12-02 19:50:17.482572+00:00
1598759188104085505,ukraine-de,True,True,False,False,False,False,False,False,False,False,2022-12-02 19:50:17.482470+00:00,2022-12-02 19:50:17.482470+00:00
1598759231775195136,ukraine-de,True,True,False,False,False,False,False,False,False,False,2022-12-02 19:50:17.482370+00:00,2022-12-02 19:50:17.482370+00:00
1598759244462858240,ukraine-de,True,True,False,False,False,False,False,False,False,False,2022-12-02 19:50:17.482267+00:00,2022-12-02 19:50:17.482267+00:00
1598759274150232084,ukraine-de,True,True,False,False,False,False,False,False,False,False,2022-12-02 19:50:17.482156+00:00,2022-12-02 19:50:17.482156+00:00
1598759297344733228,ukraine-de,True,True,False,False,False,False,False,False,False,False,2022-12-02 19:50:17.482034+00:00,2022-12-02 19:50:17.482034+00:00
1598759328474750976,ukraine-de,True,True,False,False,False,False,False,False,False,False,2022-12-02 19:50:17.481932+00:00,2022-12-02 19:50:17.481932+00:00
1598759331314425856,ukraine-de,True,True,False,False,False,False,False,False,False,False,2022-12-02 19:50:17.481829+00:00,2022-12-02 19:50:17.481829+00:00
1598759340919373825,ukraine-de,True,True,False,False,False,False,False,False,False,False,2022-12-02 19:50:17.481730+00:00,2022-12-02 19:50:17.481730+00:00
1598759357864325120,ukraine-de,True,False,False,False,False,False,False,False,False,False,2022-12-02 19:50:17.504334+00:00,2022-12-02 19:50:17.504334+00:00
1598759397601181698,ukraine-de,True,True,False,False,False,False,False,False,False,False,2022-12-02 19:50:17.481627+00:00,2022-12-02 19:50:17.481627+00:00
1598759407554281473,ukraine-de,True,True,False,False,False,False,False,False,False,False,2022-12-02 19:50:17.481511+00:00,2022-12-02 19:50:17.481511+00:00
1598759432552317055,ukraine-de,True,True,False,False,False,False,False,False,False,False,2022-12-02 19:50:17.481406+00:00,2022-12-02 19:50:17.481406+00:00
1598759502618034176,ukraine-de,True,False,False,False,False,False,False,False,False,False,2022-12-02 22:35:45.770914+00:00,2022-12-02 22:35:45.770914+00:00
1598759512231407616,ukraine-de,True,True,False,False,False,False,False,False,False,False,2022-12-02 19:50:17.481244+00:00,2022-12-02 19:50:17.481244+00:00
1598759512671821824,ukraine-de,True,True,False,False,False,False,False,False,False,False,2022-12-02 19:50:17.481142+00:00,2022-12-02 19:50:17.481142+00:00
1598759524390694912,ukraine-de,True,True,False,False,False,False,False,False,False,False,2022-12-02 19:50:17.481037+00:00,2022-12-02 19:50:17.481037+00:00
1598759524663726080,ukraine-de,True,True,False,False,False,False,False,False,False,False,2022-12-02 19:50:17.480835+00:00,2022-12-02 19:50:17.480835+00:00
1598759527448313857,ukraine-de,True,True,False,False,False,False,False,False,False,False,2022-12-02 19:50:17.480727+00:00,2022-12-02 19:50:17.480727+00:00
1598759528929034242,ukraine-de,True,True,False,False,False,False,False,False,False,False,2022-12-02 19:50:17.480623+00:00,2022-12-02 19:50:17.480623+00:00
1598759554392760321,ukraine-de,True,True,False,False,False,False,False,False,False,False,2022-12-02 19:50:17.480520+00:00,2022-12-02 19:50:17.480520+00:00
1598759563976638467,ukraine-de,True,True,False,False,False,False,False,False,False,False,2022-12-02 19:50:17.480417+00:00,2022-12-02 19:50:17.480417+00:00
1598759586605010944,ukraine-de,True,True,False,False,False,False,False,False,False,False,2022-12-02 19:50:17.480314+00:00,2022-12-02 19:50:17.480314+00:00
1598759631941140493,ukraine-de,True,True,False,False,False,False,False,False,False,False,2022-12-02 19:50:17.480212+00:00,2022-12-02 19:50:17.480212+00:00
1598759640480743447,ukraine-de,True,True,False,False,False,False,False,False,False,False,2022-12-02 19:50:17.480107+00:00,2022-12-02 19:50:17.480107+00:00
1598759661351669760,ukraine-de,True,True,False,False,False,False,False,False,False,False,2022-12-02 19:50:17.480000+00:00,2022-12-02 19:50:17.480000+00:00
1598759667022237701,ukraine-de,True,True,False,False,False,False,False,False,False,False,2022-12-02 19:50:17.479862+00:00,2022-12-02 19:50:17.479862+00:00
1598759690128670720,ukraine-de,True,True,False,False,False,False,False,False,False,False,2022-12-02 19:50:17.479584+00:00,2022-12-02 19:50:17.479584+00:00
1598759707321171974,ukraine-de,True,True,False,False,False,False,False,False,False,False,2022-12-02 19:50:17.479484+00:00,2022-12-02 19:50:17.479484+00:00
1598759736630865920,ukraine-de,True,True,False,False,False,False,False,False,False,False,2022-12-02 19:50:17.479385+00:00,2022-12-02 19:50:17.479385+00:00
1598759747993292802,ukraine-de,True,True,False,False,False,False,False,False,False,False,2022-12-02 19:50:17.479282+00:00,2022-12-02 19:50:17.479282+00:00
1598759750459588627,ukraine-de,True,True,False,False,False,False,False,False,False,False,2022-12-02 19:50:17.479183+00:00,2022-12-02 19:50:17.479183+00:00
1598759753877946380,ukraine-de,True,True,False,False,False,False,False,False,False,False,2022-12-02 19:50:17.479084+00:00,2022-12-02 19:50:17.479084+00:00
1598759766397943808,ukraine-de,True,True,False,False,False,False,False,False,False,False,2022-12-02 19:50:17.478984+00:00,2022-12-02 19:50:17.478984+00:00
1598759771640823842,ukraine-de,True,True,False,False,False,False,False,False,False,False,2022-12-02 19:50:17.478885+00:00,2022-12-02 19:50:17.478885+00:00
1598759782801776641,ukraine-de,True,True,False,False,False,False,False,False,False,False,2022-12-02 19:50:17.478772+00:00,2022-12-02 19:50:17.478772+00:00
1598759784777363457,ukraine-de,True,True,False,False,False,False,False,False,False,False,2022-12-02 19:50:17.478672+00:00,2022-12-02 19:50:17.478672+00:00
1598759786761269248,ukraine-de,True,True,False,False,False,False,False,False,False,False,2022-12-02 19:50:17.478569+00:00,2022-12-02 19:50:17.478569+00:00
1598759797494513664,ukraine-de,True,True,False,False,False,False,False,False,False,False,2022-12-02 19:50:17.478460+00:00,2022-12-02 19:50:17.478460+00:00
1598759798903750656,ukraine-de,True,True,False,False,False,False,False,False,False,False,2022-12-02 19:50:17.478357+00:00,2022-12-02 19:50:17.478357+00:00
1598759813604933632,ukraine-de,True,True,False,False,False,False,False,False,False,False,2022-12-02 19:50:17.478257+00:00,2022-12-02 19:50:17.478257+00:00
1598759823234957337,ukraine-de,True,True,False,False,False,False,False,False,False,False,2022-12-02 19:50:17.478156+00:00,2022-12-02 19:50:17.478156+00:00
1598759834215645205,ukraine-de,True,True,False,False,False,False,False,False,False,False,2022-12-02 19:50:17.478057+00:00,2022-12-02 19:50:17.478057+00:00
1598759837457739777,ukraine-de,True,True,False,False,False,False,False,False,False,False,2022-12-02 19:50:17.477952+00:00,2022-12-02 19:50:17.477952+00:00
1598759846286790656,ukraine-de,True,True,False,False,False,False,False,False,False,False,2022-12-02 19:50:17.477850+00:00,2022-12-02 19:50:17.477850+00:00
1598759848400736256,ukraine-de,True,True,False,False,False,False,False,False,False,False,2022-12-02 19:50:17.477749+00:00,2022-12-02 19:50:17.477749+00:00
1598759854302060545,ukraine-de,True,True,False,False,False,False,False,False,False,False,2022-12-02 19:50:17.477646+00:00,2022-12-02 19:50:17.477646+00:00
1598759856340598797,ukraine-de,True,True,False,False,False,False,False,False,False,False,2022-12-02 19:50:17.477520+00:00,2022-12-02 19:50:17.477520+00:00
1598759903522619392,ukraine-de,True,True,False,False,False,False,False,False,False,False,2022-12-02 19:50:17.477415+00:00,2022-12-02 19:50:17.477415+00:00
1598759908597383174,ukraine-de,True,True,False,False,False,False,False,False,False,False,2022-12-02 19:50:17.477224+00:00,2022-12-02 19:50:17.477224+00:00
1598759908735844395,ukraine-de,True,True,False,False,False,False,False,False,False,False,2022-12-02 19:50:17.477108+00:00,2022-12-02 19:50:17.477108+00:00
1598759911889960990,ukraine-de,True,True,False,False,False,False,False,False,False,False,2022-12-02 19:50:17.476989+00:00,2022-12-02 19:50:17.476989+00:00
1598759919162990592,ukraine-de,True,True,False,False,False,False,False,False,False,False,2022-12-02 19:50:17.476814+00:00,2022-12-02 19:50:17.476814+00:00
1598759921163567146,ukraine-de,True,True,False,False,False,False,False,False,False,False,2022-12-02 19:50:17.476689+00:00,2022-12-02 19:50:17.476689+00:00
1598759929514405888,ukraine-de,True,True,False,False,False,False,False,False,False,False,2022-12-02 19:50:17.476587+00:00,2022-12-02 19:50:17.476587+00:00
1598759964457172999,ukraine-de,True,True,False,False,False,False,False,False,False,False,2022-12-02 19:50:17.476476+00:00,2022-12-02 19:50:17.476476+00:00
1598759967170887707,ukraine-de,True,True,False,False,False,False,False,False,False,False,2022-12-02 19:50:17.476361+00:00,2022-12-02 19:50:17.476361+00:00
1598760008979709978,ukraine-de,True,True,False,False,False,False,False,False,False,False,2022-12-02 19:50:17.476238+00:00,2022-12-02 19:50:17.476238+00:00
1598760044707078145,ukraine-de,True,True,False,False,False,False,False,False,False,False,2022-12-02 19:50:17.476135+00:00,2022-12-02 19:50:17.476135+00:00
1598760052055474176,ukraine-de,True,True,False,False,False,False,False,False,False,False,2022-12-02 19:50:17.476025+00:00,2022-12-02 19:50:17.476025+00:00
1598760127544397825,ukraine-de,True,True,False,False,False,False,False,False,False,False,2022-12-02 19:50:17.475903+00:00,2022-12-02 19:50:17.475903+00:00
1598760149019131920,ukraine-de,True,True,False,False,False,False,False,False,False,False,2022-12-02 19:50:17.475775+00:00,2022-12-02 19:50:17.475775+00:00
1598760149560090624,ukraine-de,True,True,False,False,False,False,False,False,False,False,2022-12-02 19:50:17.475639+00:00,2022-12-02 19:50:17.475639+00:00
1598760155289616392,ukraine-de,True,True,False,False,False,False,False,False,False,False,2022-12-02 19:50:17.475536+00:00,2022-12-02 19:50:17.475536+00:00
1598760156875325440,ukraine-de,True,True,False,False,False,False,False,False,False,False,2022-12-02 19:50:17.475419+00:00,2022-12-02 19:50:17.475419+00:00
1598760167927005184,ukraine-de,True,True,False,False,False,False,False,False,False,False,2022-12-02 19:50:17.475318+00:00,2022-12-02 19:50:17.475318+00:00
1598760179343949852,ukraine-de,True,True,False,False,False,False,False,False,False,False,2022-12-02 19:50:17.475219+00:00,2022-12-02 19:50:17.475219+00:00
1598760187875164171,ukraine-de,True,True,False,False,False,False,False,False,False,False,2022-12-02 19:50:17.475117+00:00,2022-12-02 19:50:17.475117+00:00
1598760190077083648,ukraine-de,True,True,False,False,False,False,False,False,False,False,2022-12-02 19:50:17.475018+00:00,2022-12-02 19:50:17.475018+00:00
1598760201510785024,ukraine-de,True,True,False,False,False,False,False,False,False,False,2022-12-02 19:50:17.474915+00:00,2022-12-02 19:50:17.474915+00:00
1598760209366716416,ukraine-de,True,True,False,False,False,False,False,False,False,False,2022-12-02 19:50:17.474798+00:00,2022-12-02 19:50:17.474798+00:00
1598760210306301962,ukraine-de,True,True,False,False,False,False,False,False,False,False,2022-12-02 19:50:17.474696+00:00,2022-12-02 19:50:17.474696+00:00
1598760223556108319,ukraine-de,True,True,False,False,False,False,False,False,False,False,2022-12-02 19:50:17.474591+00:00,2022-12-02 19:50:17.474591+00:00
1598760231755972632,ukraine-de,True,False,False,False,False,False,False,False,False,False,2022-12-02 19:50:17.499727+00:00,2022-12-02 19:50:17.499727+00:00
1598760232410177536,ukraine-de,True,True,False,False,False,False,False,False,False,False,2022-12-02 19:50:17.474487+00:00,2022-12-02 19:50:17.474487+00:00
1598760240073396226,ukraine-de,True,True,False,False,False,False,False,False,False,False,2022-12-02 19:50:17.474375+00:00,2022-12-02 19:50:17.474375+00:00
1598760278975447052,ukraine-de,True,True,False,False,False,False,False,False,False,False,2022-12-02 19:50:17.474233+00:00,2022-12-02 19:50:17.474233+00:00
1598760334986072065,ukraine-de,True,True,False,False,False,False,False,False,False,False,2022-12-02 19:50:17.474099+00:00,2022-12-02 19:50:17.474099+00:00
1598760351293636629,ukraine-de,True,True,False,False,False,False,False,False,False,False,2022-12-02 19:50:17.473259+00:00,2022-12-02 19:50:17.473259+00:00
1598760361884356608,ukraine-de,True,False,False,False,False,False,False,False,False,False,2022-12-02 22:35:45.765493+00:00,2022-12-02 22:35:45.765493+00:00
1598760400463462419,ukraine-de,True,True,False,False,False,False,False,False,False,False,2022-12-02 19:50:17.473157+00:00,2022-12-02 19:50:17.473157+00:00
1598760402728386570,ukraine-de,True,False,False,False,False,False,False,False,False,False,2022-12-02 19:50:17.509316+00:00,2022-12-02 19:50:17.509316+00:00
1598760417899290624,ukraine-de,True,True,False,False,False,False,False,False,False,False,2022-12-02 19:50:17.473056+00:00,2022-12-02 19:50:17.473056+00:00
1598760461003997185,ukraine-de,True,True,False,False,False,False,False,False,False,False,2022-12-02 19:50:17.472935+00:00,2022-12-02 19:50:17.472935+00:00
1598760484987027456,ukraine-de,True,True,False,False,False,False,False,False,False,False,2022-12-02 19:50:17.472755+00:00,2022-12-02 19:50:17.472755+00:00
1598760493178552356,ukraine-de,True,True,False,False,False,False,False,False,False,False,2022-12-02 19:50:17.472654+00:00,2022-12-02 19:50:17.472654+00:00
1598760525701185536,ukraine-de,True,True,False,False,False,False,False,False,False,False,2022-12-02 19:50:17.472557+00:00,2022-12-02 19:50:17.472557+00:00
1598760531090776064,ukraine-de,True,True,False,False,False,False,False,False,False,False,2022-12-02 19:50:17.472454+00:00,2022-12-02 19:50:17.472454+00:00
1598760570768982036,ukraine-de,True,True,False,False,False,False,False,False,False,False,2022-12-02 19:50:17.472351+00:00,2022-12-02 19:50:17.472351+00:00
1598760612187643904,ukraine-de,True,False,False,False,False,False,False,False,False,False,2022-12-03 04:25:14.042164+00:00,2022-12-03 04:25:14.042164+00:00
1598760614989529099,ukraine-de,True,False,False,False,False,False,False,False,False,False,2022-12-02 19:50:17.512129+00:00,2022-12-02 19:50:17.512129+00:00
1598760646920765471,ukraine-de,True,True,False,False,False,False,False,False,False,False,2022-12-02 19:50:17.472251+00:00,2022-12-02 19:50:17.472251+00:00
1598760700800794630,ukraine-de,True,True,False,False,False,False,False,False,False,False,2022-12-02 19:50:17.472149+00:00,2022-12-02 19:50:17.472149+00:00
1598760707075473422,ukraine-de,True,True,False,False,False,False,False,False,False,False,2022-12-02 19:50:17.472048+00:00,2022-12-02 19:50:17.472048+00:00
1598760708551766016,ukraine-de,True,True,False,False,False,False,False,False,False,False,2022-12-02 19:50:17.471945+00:00,2022-12-02 19:50:17.471945+00:00
1598760727296213029,ukraine-de,True,True,False,False,False,False,False,False,False,False,2022-12-02 19:50:17.471829+00:00,2022-12-02 19:50:17.471829+00:00
1598760736615956499,ukraine-de,True,True,False,False,False,False,False,False,False,False,2022-12-02 19:50:17.471666+00:00,2022-12-02 19:50:17.471666+00:00
1598760748188155904,ukraine-de,True,True,False,False,False,False,False,False,False,False,2022-12-02 19:50:17.471564+00:00,2022-12-02 19:50:17.471564+00:00
1598760767666388993,ukraine-de,True,True,False,False,False,False,False,False,False,False,2022-12-02 19:50:17.471463+00:00,2022-12-02 19:50:17.471463+00:00
1598760808917348352,ukraine-de,True,True,False,False,False,False,False,False,False,False,2022-12-02 19:50:17.471366+00:00,2022-12-02 19:50:17.471366+00:00
1598760817242931200,ukraine-de,True,True,False,False,False,False,False,False,False,False,2022-12-02 19:50:17.471264+00:00,2022-12-02 19:50:17.471264+00:00
1598760825979797514,ukraine-de,True,True,False,False,False,False,False,False,False,False,2022-12-02 19:50:17.471163+00:00,2022-12-02 19:50:17.471163+00:00
1598760837367332879,ukraine-de,True,True,False,False,False,False,False,False,False,False,2022-12-02 19:50:17.471043+00:00,2022-12-02 19:50:17.471043+00:00
1598760839774773248,ukraine-de,True,True,False,False,False,False,False,False,False,False,2022-12-02 19:50:17.470944+00:00,2022-12-02 19:50:17.470944+00:00
1598760858829684736,ukraine-de,True,True,False,False,False,False,False,False,False,False,2022-12-02 19:50:17.470842+00:00,2022-12-02 19:50:17.470842+00:00
1598760863728648192,ukraine-de,True,False,False,False,False,False,False,False,False,False,2022-12-03 11:05:50.194083+00:00,2022-12-03 11:05:50.194083+00:00
1598760869697028124,ukraine-de,True,True,False,False,False,False,False,False,False,False,2022-12-02 19:50:17.470735+00:00,2022-12-02 19:50:17.470735+00:00
1598760891318665237,ukraine-de,True,True,False,False,False,False,False,False,False,False,2022-12-02 19:50:17.470632+00:00,2022-12-02 19:50:17.470632+00:00
1598760900407840768,ukraine-de,True,True,False,False,False,False,False,False,False,False,2022-12-02 19:50:17.470534+00:00,2022-12-02 19:50:17.470534+00:00
1598760912818683904,ukraine-de,True,True,False,False,False,False,False,False,False,False,2022-12-02 19:50:17.470434+00:00,2022-12-02 19:50:17.470434+00:00
1598760930996719616,ukraine-de,True,True,False,False,False,False,False,False,False,False,2022-12-02 19:50:17.470336+00:00,2022-12-02 19:50:17.470336+00:00
1598760963859152903,ukraine-de,True,True,False,False,False,False,False,False,False,False,2022-12-02 19:50:17.470232+00:00,2022-12-02 19:50:17.470232+00:00
1598760969722789925,ukraine-de,True,True,False,False,False,False,False,False,False,False,2022-12-02 19:50:17.470102+00:00,2022-12-02 19:50:17.470102+00:00
1598761020503117824,ukraine-de,True,True,False,False,False,False,False,False,False,False,2022-12-02 19:50:17.470002+00:00,2022-12-02 19:50:17.470002+00:00
1598761030137544704,ukraine-de,True,True,False,False,False,False,False,False,False,False,2022-12-02 19:50:17.469888+00:00,2022-12-02 19:50:17.469888+00:00
1598761037397823488,ukraine-de,True,True,False,False,False,False,False,False,False,False,2022-12-02 19:50:17.469789+00:00,2022-12-02 19:50:17.469789+00:00
1598761047107588096,ukraine-de,True,True,False,False,False,False,False,False,False,False,2022-12-02 19:50:17.469686+00:00,2022-12-02 19:50:17.469686+00:00
1598761058629320705,ukraine-de,True,True,False,False,False,False,False,False,False,False,2022-12-02 19:50:17.469570+00:00,2022-12-02 19:50:17.469570+00:00
1598761104561274926,ukraine-de,True,True,False,False,False,False,False,False,False,False,2022-12-02 19:50:17.469463+00:00,2022-12-02 19:50:17.469463+00:00
1598761106083700736,ukraine-de,True,True,False,False,False,False,False,False,False,False,2022-12-02 19:50:17.469349+00:00,2022-12-02 19:50:17.469349+00:00
1598761109665742873,ukraine-de,True,True,False,False,False,False,False,False,False,False,2022-12-02 19:50:17.469186+00:00,2022-12-02 19:50:17.469186+00:00
1598761146391068711,ukraine-de,True,True,False,False,False,False,False,False,False,False,2022-12-02 19:50:17.469086+00:00,2022-12-02 19:50:17.469086+00:00
1598761155278696449,ukraine-de,True,True,False,False,False,False,False,False,False,False,2022-12-02 19:50:17.468981+00:00,2022-12-02 19:50:17.468981+00:00
1598761187834986540,ukraine-de,True,True,False,False,False,False,False,False,False,False,2022-12-02 19:50:17.468821+00:00,2022-12-02 19:50:17.468821+00:00
1598761193069477906,ukraine-de,True,True,False,False,False,False,False,False,False,False,2022-12-02 19:50:17.468722+00:00,2022-12-02 19:50:17.468722+00:00
1598761225030074370,ukraine-de,True,True,False,False,False,False,False,False,False,False,2022-12-02 19:50:17.468622+00:00,2022-12-02 19:50:17.468622+00:00
1598761246790078464,ukraine-de,True,True,False,False,False,False,False,False,False,False,2022-12-02 19:50:17.468519+00:00,2022-12-02 19:50:17.468519+00:00
1598761309595586561,ukraine-de,True,True,False,False,False,False,False,False,False,False,2022-12-02 19:50:17.468404+00:00,2022-12-02 19:50:17.468404+00:00
1598761310191222821,ukraine-de,True,True,False,False,False,False,False,False,False,False,2022-12-02 19:50:17.468306+00:00,2022-12-02 19:50:17.468306+00:00
1598761355397431306,ukraine-de,True,True,False,False,False,False,False,False,False,False,2022-12-02 19:50:17.468204+00:00,2022-12-02 19:50:17.468204+00:00
1598761466890309632,ukraine-de,True,True,False,False,False,False,False,False,False,False,2022-12-02 19:50:17.468106+00:00,2022-12-02 19:50:17.468106+00:00
1598761485861257221,ukraine-de,True,True,False,False,False,False,False,False,False,False,2022-12-02 19:50:17.468003+00:00,2022-12-02 19:50:17.468003+00:00
1598761509101838336,ukraine-de,True,True,False,False,False,False,False,False,False,False,2022-12-02 19:50:17.467896+00:00,2022-12-02 19:50:17.467896+00:00
1598761510724980736,ukraine-de,True,True,False,False,False,False,False,False,False,False,2022-12-02 19:50:17.467724+00:00,2022-12-02 19:50:17.467724+00:00
1598761529523916801,ukraine-de,True,True,False,False,False,False,False,False,False,False,2022-12-02 19:50:17.467626+00:00,2022-12-02 19:50:17.467626+00:00
1598761545663643668,ukraine-de,True,True,False,False,False,False,False,False,False,False,2022-12-02 19:50:17.467522+00:00,2022-12-02 19:50:17.467522+00:00
1598761545952993280,ukraine-de,True,True,False,False,False,False,False,False,False,False,2022-12-02 19:50:17.467402+00:00,2022-12-02 19:50:17.467402+00:00
1598761581281673229,ukraine-de,True,True,False,False,False,False,False,False,False,False,2022-12-02 19:50:17.467302+00:00,2022-12-02 19:50:17.467302+00:00
1598761585048158229,ukraine-de,True,True,False,False,False,False,False,False,False,False,2022-12-02 19:50:17.467204+00:00,2022-12-02 19:50:17.467204+00:00
1598761611212165120,ukraine-de,True,True,False,False,False,False,False,False,False,False,2022-12-02 19:50:17.467080+00:00,2022-12-02 19:50:17.467080+00:00
1598761640735887361,ukraine-de,True,True,False,False,False,False,False,False,False,False,2022-12-02 19:50:17.466981+00:00,2022-12-02 19:50:17.466981+00:00
1598761646280802324,ukraine-de,True,True,False,False,False,False,False,False,False,False,2022-12-02 19:50:17.466882+00:00,2022-12-02 19:50:17.466882+00:00
1598761667533340683,ukraine-de,True,True,False,False,False,False,False,False,False,False,2022-12-02 19:50:17.466762+00:00,2022-12-02 19:50:17.466762+00:00
1598761670066700309,ukraine-de,True,True,False,False,False,False,False,False,False,False,2022-12-02 19:50:17.466661+00:00,2022-12-02 19:50:17.466661+00:00
1598761750156935182,ukraine-de,True,True,False,False,False,False,False,False,False,False,2022-12-02 19:50:17.466562+00:00,2022-12-02 19:50:17.466562+00:00
1598761773770805248,ukraine-de,True,True,False,False,False,False,False,False,False,False,2022-12-02 19:50:17.466457+00:00,2022-12-02 19:50:17.466457+00:00
1598761827646701587,ukraine-de,True,True,False,False,False,False,False,False,False,False,2022-12-02 19:50:17.466356+00:00,2022-12-02 19:50:17.466356+00:00
1598761884152262656,ukraine-de,True,True,False,False,False,False,False,False,False,False,2022-12-02 19:50:17.466222+00:00,2022-12-02 19:50:17.466222+00:00
1598761900870860815,ukraine-de,True,True,False,False,False,False,False,False,False,False,2022-12-02 19:50:17.466121+00:00,2022-12-02 19:50:17.466121+00:00
1598761905144958976,ukraine-de,True,True,False,False,False,False,False,False,False,False,2022-12-02 19:50:17.466018+00:00,2022-12-02 19:50:17.466018+00:00
1598761907040681997,ukraine-de,True,True,False,False,False,False,False,False,False,False,2022-12-02 19:50:17.465896+00:00,2022-12-02 19:50:17.465896+00:00
1598761939387154442,ukraine-de,True,True,False,False,False,False,False,False,False,False,2022-12-02 19:50:17.465794+00:00,2022-12-02 19:50:17.465794+00:00
1598761970454302726,ukraine-de,True,True,False,False,False,False,False,False,False,False,2022-12-02 19:50:17.465690+00:00,2022-12-02 19:50:17.465690+00:00
1598761990515658753,ukraine-de,True,False,False,False,False,False,False,False,False,False,2022-12-03 01:30:18.823950+00:00,2022-12-03 01:30:18.823950+00:00
1598761991413301257,ukraine-de,True,True,False,False,False,False,False,False,False,False,2022-12-02 19:50:17.465571+00:00,2022-12-02 19:50:17.465571+00:00
1598762022975438862,ukraine-de,True,True,False,False,False,False,False,False,False,False,2022-12-02 19:50:17.465465+00:00,2022-12-02 19:50:17.465465+00:00
1598762026834141185,ukraine-de,True,True,False,False,False,False,False,False,False,False,2022-12-02 19:50:17.465353+00:00,2022-12-02 19:50:17.465353+00:00
1598762059306618880,ukraine-de,True,True,False,False,False,False,False,False,False,False,2022-12-02 19:50:17.465196+00:00,2022-12-02 19:50:17.465196+00:00
1598762063760920576,ukraine-de,True,True,False,False,False,False,False,False,False,False,2022-12-02 19:50:17.465069+00:00,2022-12-02 19:50:17.465069+00:00
1598762064478363648,ukraine-de,True,True,False,False,False,False,False,False,False,False,2022-12-02 19:50:17.464957+00:00,2022-12-02 19:50:17.464957+00:00
1598762065463738386,ukraine-de,True,True,False,False,False,False,False,False,False,False,2022-12-02 19:50:17.464788+00:00,2022-12-02 19:50:17.464788+00:00
1598762114902114310,ukraine-de,True,True,False,False,False,False,False,False,False,False,2022-12-02 19:50:17.464680+00:00,2022-12-02 19:50:17.464680+00:00
1598762144979308544,ukraine-de,True,True,False,False,False,False,False,False,False,False,2022-12-02 19:50:17.464530+00:00,2022-12-02 19:50:17.464530+00:00
1598762198247014432,ukraine-de,True,True,False,False,False,False,False,False,False,False,2022-12-02 19:50:17.464166+00:00,2022-12-02 19:50:17.464166+00:00
1598762198733553671,ukraine-de,True,True,False,False,False,False,False,False,False,False,2022-12-02 19:50:17.464049+00:00,2022-12-02 19:50:17.464049+00:00
1598762234175422483,ukraine-de,True,True,False,False,False,False,False,False,False,False,2022-12-02 19:50:17.463920+00:00,2022-12-02 19:50:17.463920+00:00
1598762263678156817,ukraine-de,True,True,False,False,False,False,False,False,False,False,2022-12-02 19:50:17.463803+00:00,2022-12-02 19:50:17.463803+00:00
1598762267788574756,ukraine-de,True,True,False,False,False,False,False,False,False,False,2022-12-02 19:50:17.463650+00:00,2022-12-02 19:50:17.463650+00:00
1598762273983561744,ukraine-de,True,True,False,False,False,False,False,False,False,False,2022-12-02 19:50:17.463548+00:00,2022-12-02 19:50:17.463548+00:00
1598762281772650497,ukraine-de,True,True,False,False,False,False,False,False,False,False,2022-12-02 19:50:17.463448+00:00,2022-12-02 19:50:17.463448+00:00
1598762285085986817,ukraine-de,True,False,False,False,False,False,False,False,False,False,2022-12-03 08:10:46.228032+00:00,2022-12-03 08:10:46.228032+00:00
1598762293205999616,ukraine-de,True,True,False,False,False,False,False,False,False,False,2022-12-02 19:50:17.463344+00:00,2022-12-02 19:50:17.463344+00:00
1598762301489786880,ukraine-de,True,True,False,False,False,False,False,False,False,False,2022-12-02 19:50:17.463244+00:00,2022-12-02 19:50:17.463244+00:00
1598762338034647040,ukraine-de,True,True,False,False,False,False,False,False,False,False,2022-12-02 19:50:17.463139+00:00,2022-12-02 19:50:17.463139+00:00
1598762367533436928,ukraine-de,True,False,False,False,False,False,False,False,False,False,2022-12-02 19:50:17.512321+00:00,2022-12-02 19:50:17.512321+00:00
1598762368921702400,ukraine-de,True,True,False,False,False,False,False,False,False,False,2022-12-02 19:50:17.463034+00:00,2022-12-02 19:50:17.463034+00:00
1598762371110928385,ukraine-de,True,True,False,False,False,False,False,False,False,False,2022-12-02 19:50:17.462883+00:00,2022-12-02 19:50:17.462883+00:00
1598762392288055297,ukraine-de,True,True,False,False,False,False,False,False,False,False,2022-12-02 19:50:17.462692+00:00,2022-12-02 19:50:17.462692+00:00
1598762394440060928,ukraine-de,True,True,False,False,False,False,False,False,False,False,2022-12-02 19:50:17.462586+00:00,2022-12-02 19:50:17.462586+00:00
1598762404703506432,ukraine-de,True,True,False,False,False,False,False,False,False,False,2022-12-02 19:50:17.462451+00:00,2022-12-02 19:50:17.462451+00:00
1598762408985923584,ukraine-de,True,True,False,False,False,False,False,False,False,False,2022-12-02 19:50:17.462340+00:00,2022-12-02 19:50:17.462340+00:00
1598762413217677330,ukraine-de,True,True,False,False,False,False,False,False,False,False,2022-12-02 19:50:17.462095+00:00,2022-12-02 19:50:17.462095+00:00
1598762469303799808,ukraine-de,True,True,False,False,False,False,False,False,False,False,2022-12-02 19:50:17.461893+00:00,2022-12-02 19:50:17.461893+00:00
1598762473477136384,ukraine-de,True,True,False,False,False,False,False,False,False,False,2022-12-02 19:50:17.461793+00:00,2022-12-02 19:50:17.461793+00:00
1598762482960474112,ukraine-de,True,True,False,False,False,False,False,False,False,False,2022-12-02 19:50:17.461694+00:00,2022-12-02 19:50:17.461694+00:00
1598762493681205272,ukraine-de,True,True,False,False,False,False,False,False,False,False,2022-12-02 19:50:17.461574+00:00,2022-12-02 19:50:17.461574+00:00
1598762508365463576,ukraine-de,True,True,False,False,False,False,False,False,False,False,2022-12-02 19:50:17.461472+00:00,2022-12-02 19:50:17.461472+00:00
1598762512534470657,ukraine-de,True,True,False,False,False,False,False,False,False,False,2022-12-02 19:50:17.461363+00:00,2022-12-02 19:50:17.461363+00:00
1598762519186767882,ukraine-de,True,True,False,False,False,False,False,False,False,False,2022-12-02 19:50:17.461200+00:00,2022-12-02 19:50:17.461200+00:00
1598762538178875392,ukraine-de,True,True,False,False,False,False,False,False,False,False,2022-12-02 19:50:17.461098+00:00,2022-12-02 19:50:17.461098+00:00
1598762603672612864,ukraine-de,True,True,False,False,False,False,False,False,False,False,2022-12-02 19:50:17.460972+00:00,2022-12-02 19:50:17.460972+00:00
1598762633892548608,ukraine-de,True,True,False,False,False,False,False,False,False,False,2022-12-02 19:50:17.460873+00:00,2022-12-02 19:50:17.460873+00:00
1598762653563879442,ukraine-de,True,True,False,False,False,False,False,False,False,False,2022-12-02 19:50:17.460771+00:00,2022-12-02 19:50:17.460771+00:00
1598762667333787648,ukraine-de,True,True,False,False,False,False,False,False,False,False,2022-12-02 19:50:17.460672+00:00,2022-12-02 19:50:17.460672+00:00
1598762675864862720,ukraine-de,True,True,False,False,False,False,False,False,False,False,2022-12-02 19:50:17.460572+00:00,2022-12-02 19:50:17.460572+00:00
1598762692419911712,ukraine-de,True,True,False,False,False,False,False,False,False,False,2022-12-02 19:50:17.460471+00:00,2022-12-02 19:50:17.460471+00:00
1598762694764818432,ukraine-de,True,True,False,False,False,False,False,False,False,False,2022-12-02 19:50:17.460374+00:00,2022-12-02 19:50:17.460374+00:00
1598762698703085568,ukraine-de,True,False,False,False,False,False,False,False,False,False,2022-12-02 22:35:45.782176+00:00,2022-12-02 22:35:45.782176+00:00
1598762729493364736,ukraine-de,True,True,False,False,False,False,False,False,False,False,2022-12-02 19:50:17.460273+00:00,2022-12-02 19:50:17.460273+00:00
1598762744647385100,ukraine-de,True,True,False,False,False,False,False,False,False,False,2022-12-02 19:50:17.460173+00:00,2022-12-02 19:50:17.460173+00:00
1598762755892203520,ukraine-de,True,True,False,False,False,False,False,False,False,False,2022-12-02 19:50:17.460072+00:00,2022-12-02 19:50:17.460072+00:00
1598762792789704704,ukraine-de,True,True,False,False,False,False,False,False,False,False,2022-12-02 19:50:17.459970+00:00,2022-12-02 19:50:17.459970+00:00
1598762847999229962,ukraine-de,True,True,False,False,False,False,False,False,False,False,2022-12-02 19:50:17.459865+00:00,2022-12-02 19:50:17.459865+00:00
1598762853376196608,ukraine-de,True,True,False,False,False,False,False,False,False,False,2022-12-02 19:50:17.459696+00:00,2022-12-02 19:50:17.459696+00:00
1598762870384119808,ukraine-de,True,True,False,False,False,False,False,False,False,False,2022-12-02 19:50:17.459596+00:00,2022-12-02 19:50:17.459596+00:00
1598762896556687376,ukraine-de,True,True,False,False,False,False,False,False,False,False,2022-12-02 19:50:17.459495+00:00,2022-12-02 19:50:17.459495+00:00
1598762936289222657,ukraine-de,True,True,False,False,False,False,False,False,False,False,2022-12-02 19:50:17.459395+00:00,2022-12-02 19:50:17.459395+00:00
1598762942144471040,ukraine-de,True,False,False,False,False,False,False,False,False,False,2022-12-02 22:35:54.182366+00:00,2022-12-02 22:35:54.182366+00:00
1598762984926478342,ukraine-de,True,True,False,False,False,False,False,False,False,False,2022-12-02 19:50:17.459292+00:00,2022-12-02 19:50:17.459292+00:00
1598762994497880067,ukraine-de,True,True,False,False,False,False,False,False,False,False,2022-12-02 19:50:17.459172+00:00,2022-12-02 19:50:17.459172+00:00
1598763001825329166,ukraine-de,True,True,False,False,False,False,False,False,False,False,2022-12-02 19:50:17.459069+00:00,2022-12-02 19:50:17.459069+00:00
1598763024466132993,ukraine-de,True,True,False,False,False,False,False,False,False,False,2022-12-02 19:50:17.458970+00:00,2022-12-02 19:50:17.458970+00:00
1598763030271393797,ukraine-de,True,True,False,False,False,False,False,False,False,False,2022-12-02 19:50:17.458868+00:00,2022-12-02 19:50:17.458868+00:00
1598763045060214807,ukraine-de,True,True,False,False,False,False,False,False,False,False,2022-12-02 19:50:17.458755+00:00,2022-12-02 19:50:17.458755+00:00
1598763100915650560,ukraine-de,True,True,False,False,False,False,False,False,False,False,2022-12-02 19:50:17.458654+00:00,2022-12-02 19:50:17.458654+00:00
1598763116191358976,ukraine-de,True,True,False,False,False,False,False,False,False,False,2022-12-02 19:50:17.458532+00:00,2022-12-02 19:50:17.458532+00:00
1598763186622169093,ukraine-de,True,True,False,False,False,False,False,False,False,False,2022-12-02 19:50:17.458430+00:00,2022-12-02 19:50:17.458430+00:00
1598763191567147008,ukraine-de,True,True,False,False,False,False,False,False,False,False,2022-12-02 19:50:17.458326+00:00,2022-12-02 19:50:17.458326+00:00
1598763239407501313,ukraine-de,True,False,False,False,False,False,False,False,False,False,2022-12-02 22:36:01.063844+00:00,2022-12-02 22:36:01.063844+00:00
1598763265441439744,ukraine-de,True,True,False,False,False,False,False,False,False,False,2022-12-02 19:50:17.458218+00:00,2022-12-02 19:50:17.458218+00:00
1598763307430707216,ukraine-de,True,False,False,False,False,False,False,False,False,False,2022-12-03 03:40:14.814866+00:00,2022-12-03 03:40:14.814866+00:00
1598763311633297408,ukraine-de,True,False,False,False,False,False,False,False,False,False,2022-12-02 22:36:01.064157+00:00,2022-12-02 22:36:01.064157+00:00
1598763311876669446,ukraine-de,True,True,False,False,False,False,False,False,False,False,2022-12-02 19:50:17.458012+00:00,2022-12-02 19:50:17.458012+00:00
1598763314674270234,ukraine-de,True,True,False,False,False,False,False,False,False,False,2022-12-02 19:50:17.457896+00:00,2022-12-02 19:50:17.457896+00:00
1598763333527666734,ukraine-de,True,True,False,False,False,False,False,False,False,False,2022-12-02 19:50:17.457789+00:00,2022-12-02 19:50:17.457789+00:00
1598763342255882240,ukraine-de,True,True,False,False,False,False,False,False,False,False,2022-12-02 19:50:17.457679+00:00,2022-12-02 19:50:17.457679+00:00
1598763443741282304,ukraine-de,True,True,False,False,False,False,False,False,False,False,2022-12-02 19:50:17.457537+00:00,2022-12-02 19:50:17.457537+00:00
1598763447050698781,ukraine-de,True,True,False,False,False,False,False,False,False,False,2022-12-02 19:50:17.457402+00:00,2022-12-02 19:50:17.457402+00:00
1598763450792017938,ukraine-de,True,True,False,False,False,False,False,False,False,False,2022-12-02 19:50:17.457217+00:00,2022-12-02 19:50:17.457217+00:00
1598763472694673423,ukraine-de,True,True,False,False,False,False,False,False,False,False,2022-12-02 19:50:17.457096+00:00,2022-12-02 19:50:17.457096+00:00
1598763524326846465,ukraine-de,True,True,False,False,False,False,False,False,False,False,2022-12-02 19:50:17.456420+00:00,2022-12-02 19:50:17.456420+00:00
1598763541346996224,ukraine-de,True,True,False,False,False,False,False,False,False,False,2022-12-02 19:50:17.456318+00:00,2022-12-02 19:50:17.456318+00:00
1598763541472825344,ukraine-de,True,True,False,False,False,False,False,False,False,False,2022-12-02 19:50:17.456218+00:00,2022-12-02 19:50:17.456218+00:00
1598763548825382912,ukraine-de,True,True,False,False,False,False,False,False,False,False,2022-12-02 19:50:17.456115+00:00,2022-12-02 19:50:17.456115+00:00
1598763566055800832,ukraine-de,True,False,False,False,False,False,False,False,False,False,2022-12-03 01:30:18.816396+00:00,2022-12-03 01:30:18.816396+00:00
1598763603053510656,ukraine-de,True,True,False,False,False,False,False,False,False,False,2022-12-02 19:50:17.455991+00:00,2022-12-02 19:50:17.455991+00:00
1598763618065158144,ukraine-de,True,True,False,False,False,False,False,False,False,False,2022-12-02 19:50:17.455886+00:00,2022-12-02 19:50:17.455886+00:00
1598763629645529138,ukraine-de,True,True,False,False,False,False,False,False,False,False,2022-12-02 19:50:17.455699+00:00,2022-12-02 19:50:17.455699+00:00
1598763631616851974,ukraine-de,True,True,False,False,False,False,False,False,False,False,2022-12-02 19:50:17.455596+00:00,2022-12-02 19:50:17.455596+00:00
1598763675250458624,ukraine-de,True,True,False,False,False,False,False,False,False,False,2022-12-02 19:50:17.455470+00:00,2022-12-02 19:50:17.455470+00:00
1598763676269305858,ukraine-de,True,True,False,False,False,False,False,False,False,False,2022-12-02 19:50:17.455367+00:00,2022-12-02 19:50:17.455367+00:00
1598763704883073024,ukraine-de,True,True,False,False,False,False,False,False,False,False,2022-12-02 19:50:17.455264+00:00,2022-12-02 19:50:17.455264+00:00
1598763719999524864,ukraine-de,True,True,False,False,False,False,False,False,False,False,2022-12-02 19:50:17.455151+00:00,2022-12-02 19:50:17.455151+00:00
1598763732984791043,ukraine-de,True,True,False,False,False,False,False,False,False,False,2022-12-02 19:50:17.455038+00:00,2022-12-02 19:50:17.455038+00:00
1598763738760347663,ukraine-de,True,True,False,False,False,False,False,False,False,False,2022-12-02 19:50:17.454920+00:00,2022-12-02 19:50:17.454920+00:00
1598763762894315520,ukraine-de,True,True,False,False,False,False,False,False,False,False,2022-12-02 19:50:17.454783+00:00,2022-12-02 19:50:17.454783+00:00
1598763764613988352,ukraine-de,True,True,False,False,False,False,False,False,False,False,2022-12-02 19:50:17.454673+00:00,2022-12-02 19:50:17.454673+00:00
1598763765545173007,ukraine-de,True,True,False,False,False,False,False,False,False,False,2022-12-02 19:50:17.454522+00:00,2022-12-02 19:50:17.454522+00:00
1598763772671193089,ukraine-de,True,True,False,False,False,False,False,False,False,False,2022-12-02 19:50:17.454374+00:00,2022-12-02 19:50:17.454374+00:00
1598763795463143462,ukraine-de,True,True,False,False,False,False,False,False,False,False,2022-12-02 19:50:17.454265+00:00,2022-12-02 19:50:17.454265+00:00
1598763801783959556,ukraine-de,True,False,False,False,False,False,False,False,False,False,2022-12-02 22:36:01.064854+00:00,2022-12-02 22:36:01.064854+00:00
1598763810747138048,ukraine-de,True,True,False,False,False,False,False,False,False,False,2022-12-02 19:50:17.454147+00:00,2022-12-02 19:50:17.454147+00:00
1598763811887980544,ukraine-de,True,False,False,False,False,False,False,False,False,False,2022-12-02 19:50:17.503198+00:00,2022-12-02 19:50:17.503198+00:00
1598763866372046853,ukraine-de,True,True,False,False,False,False,False,False,False,False,2022-12-02 19:50:17.454028+00:00,2022-12-02 19:50:17.454028+00:00
1598763920277241920,ukraine-de,True,True,False,False,False,False,False,False,False,False,2022-12-02 19:50:17.453850+00:00,2022-12-02 19:50:17.453850+00:00
1598763953772933120,ukraine-de,True,True,False,False,False,False,False,False,False,False,2022-12-02 19:50:17.452094+00:00,2022-12-02 19:50:17.452094+00:00
1598763989869400064,ukraine-de,True,True,False,False,False,False,False,False,False,False,2022-12-02 19:50:17.451995+00:00,2022-12-02 19:50:17.451995+00:00
1598763993480429585,ukraine-de,True,False,False,False,False,False,False,False,False,False,2022-12-02 19:50:17.502736+00:00,2022-12-02 19:50:17.502736+00:00
1598764009825632264,ukraine-de,True,True,False,False,False,False,False,False,False,False,2022-12-02 19:50:17.451898+00:00,2022-12-02 19:50:17.451898+00:00
1598764010505109516,ukraine-de,True,True,False,False,False,False,False,False,False,False,2022-12-02 19:50:17.451797+00:00,2022-12-02 19:50:17.451797+00:00
1598764017459265568,ukraine-de,True,True,False,False,False,False,False,False,False,False,2022-12-02 19:50:17.451680+00:00,2022-12-02 19:50:17.451680+00:00
1598764028452487168,ukraine-de,True,True,False,False,False,False,False,False,False,False,2022-12-02 19:50:17.451581+00:00,2022-12-02 19:50:17.451581+00:00
1598764052599144460,ukraine-de,True,True,False,False,False,False,False,False,False,False,2022-12-02 19:50:17.451481+00:00,2022-12-02 19:50:17.451481+00:00
1598764072069103631,ukraine-de,True,False,False,False,False,False,False,False,False,False,2022-12-02 19:50:17.503908+00:00,2022-12-02 19:50:17.503908+00:00
1598764073629335552,ukraine-de,True,True,False,False,False,False,False,False,False,False,2022-12-02 19:50:17.451382+00:00,2022-12-02 19:50:17.451382+00:00
1598764094005264385,ukraine-de,True,True,False,False,False,False,False,False,False,False,2022-12-02 19:50:17.451260+00:00,2022-12-02 19:50:17.451260+00:00
1598764135986102276,ukraine-de,True,True,False,False,False,False,False,False,False,False,2022-12-02 19:50:17.451162+00:00,2022-12-02 19:50:17.451162+00:00
1598764184631640070,ukraine-de,True,True,False,False,False,False,False,False,False,False,2022-12-02 19:50:17.451060+00:00,2022-12-02 19:50:17.451060+00:00
1598764200448229376,ukraine-de,True,True,False,False,False,False,False,False,False,False,2022-12-02 19:50:17.450960+00:00,2022-12-02 19:50:17.450960+00:00
1598764202197323776,ukraine-de,True,True,False,False,False,False,False,False,False,False,2022-12-02 19:50:17.450856+00:00,2022-12-02 19:50:17.450856+00:00
1598764206307909632,ukraine-de,True,True,False,False,False,False,False,False,False,False,2022-12-02 19:50:17.450730+00:00,2022-12-02 19:50:17.450730+00:00
1598764237970583553,ukraine-de,True,True,False,False,False,False,False,False,False,False,2022-12-02 19:50:17.450629+00:00,2022-12-02 19:50:17.450629+00:00
1598764256807223303,ukraine-de,True,True,False,False,False,False,False,False,False,False,2022-12-02 19:50:17.450529+00:00,2022-12-02 19:50:17.450529+00:00
1598764287530455040,ukraine-de,True,True,False,False,False,False,False,False,False,False,2022-12-02 19:50:17.450430+00:00,2022-12-02 19:50:17.450430+00:00
1598764309638574081,ukraine-de,True,True,False,False,False,False,False,False,False,False,2022-12-02 19:50:17.450327+00:00,2022-12-02 19:50:17.450327+00:00
1598764326080466944,ukraine-de,True,True,False,False,False,False,False,False,False,False,2022-12-02 19:50:17.450226+00:00,2022-12-02 19:50:17.450226+00:00
1598764411241496583,ukraine-de,True,True,False,False,False,False,False,False,False,False,2022-12-02 19:50:17.450107+00:00,2022-12-02 19:50:17.450107+00:00
1598764413300793345,ukraine-de,True,True,False,False,False,False,False,False,False,False,2022-12-02 19:50:17.449999+00:00,2022-12-02 19:50:17.449999+00:00
1598764439817183232,ukraine-de,True,True,False,False,False,False,False,False,False,False,2022-12-02 19:50:17.449807+00:00,2022-12-02 19:50:17.449807+00:00
1598764442723942420,ukraine-de,True,False,False,False,False,False,False,False,False,False,2022-12-02 19:50:17.506452+00:00,2022-12-02 19:50:17.506452+00:00
1598764443004960804,ukraine-de,True,True,False,False,False,False,False,False,False,False,2022-12-02 19:50:17.449694+00:00,2022-12-02 19:50:17.449694+00:00
1598764443558608920,ukraine-de,True,True,False,False,False,False,False,False,False,False,2022-12-02 19:50:17.449548+00:00,2022-12-02 19:50:17.449548+00:00
1598764445479550977,ukraine-de,True,True,False,False,False,False,False,False,False,False,2022-12-02 19:50:17.449446+00:00,2022-12-02 19:50:17.449446+00:00
1598764448566607876,ukraine-de,True,True,False,False,False,False,False,False,False,False,2022-12-02 19:50:17.449332+00:00,2022-12-02 19:50:17.449332+00:00
1598764464781680640,ukraine-de,True,True,False,False,False,False,False,False,False,False,2022-12-02 19:50:17.449199+00:00,2022-12-02 19:50:17.449199+00:00
1598764467948486692,ukraine-de,True,False,False,False,False,False,False,False,False,False,2022-12-03 08:10:16.245765+00:00,2022-12-03 08:10:16.245765+00:00
1598764476026716184,ukraine-de,True,True,False,False,False,False,False,False,False,False,2022-12-02 19:50:17.449100+00:00,2022-12-02 19:50:17.449100+00:00
1598764492300525573,ukraine-de,True,True,False,False,False,False,False,False,False,False,2022-12-02 19:50:17.448998+00:00,2022-12-02 19:50:17.448998+00:00
1598764508994220034,ukraine-de,True,True,False,False,False,False,False,False,False,False,2022-12-02 19:50:17.448896+00:00,2022-12-02 19:50:17.448896+00:00
1598764509895700480,ukraine-de,True,True,False,False,False,False,False,False,False,False,2022-12-02 19:50:17.448789+00:00,2022-12-02 19:50:17.448789+00:00
1598764550907625475,ukraine-de,True,True,False,False,False,False,False,False,False,False,2022-12-02 19:50:17.448662+00:00,2022-12-02 19:50:17.448662+00:00
1598764558469955587,ukraine-de,True,True,False,False,False,False,False,False,False,False,2022-12-02 19:50:17.448560+00:00,2022-12-02 19:50:17.448560+00:00
1598764593567891471,ukraine-de,True,True,False,False,False,False,False,False,False,False,2022-12-02 19:50:17.448445+00:00,2022-12-02 19:50:17.448445+00:00
1598764599767052288,ukraine-de,True,False,False,False,False,False,False,False,False,False,2022-12-02 19:50:17.503626+00:00,2022-12-02 19:50:17.503626+00:00
1598764602103300096,ukraine-de,True,True,False,False,False,False,False,False,False,False,2022-12-02 19:50:17.448341+00:00,2022-12-02 19:50:17.448341+00:00
1598764623339061258,ukraine-de,True,False,False,False,False,False,False,False,False,False,2022-12-02 19:50:17.502948+00:00,2022-12-02 19:50:17.502948+00:00
1598764633023709206,ukraine-de,True,True,False,False,False,False,False,False,False,False,2022-12-02 19:50:17.448212+00:00,2022-12-02 19:50:17.448212+00:00
1598764674425683989,ukraine-de,True,False,False,False,False,False,False,False,False,False,2022-12-02 19:50:17.505663+00:00,2022-12-02 19:50:17.505663+00:00
1598764689919442949,ukraine-de,True,True,False,False,False,False,False,False,False,False,2022-12-02 19:50:17.448111+00:00,2022-12-02 19:50:17.448111+00:00
1598764739168915457,ukraine-de,True,True,False,False,False,False,False,False,False,False,2022-12-02 19:50:17.448008+00:00,2022-12-02 19:50:17.448008+00:00
1598764804558159872,ukraine-de,True,True,False,False,False,False,False,False,False,False,2022-12-02 19:50:17.447867+00:00,2022-12-02 19:50:17.447867+00:00
1598764804864344088,ukraine-de,True,True,False,False,False,False,False,False,False,False,2022-12-02 19:50:17.447769+00:00,2022-12-02 19:50:17.447769+00:00
1598764826137796608,ukraine-de,True,True,False,False,False,False,False,False,False,False,2022-12-02 19:50:17.447664+00:00,2022-12-02 19:50:17.447664+00:00
1598764837642829832,ukraine-de,True,True,False,False,False,False,False,False,False,False,2022-12-02 19:50:17.447564+00:00,2022-12-02 19:50:17.447564+00:00
1598764838704095232,ukraine-de,True,True,False,False,False,False,False,False,False,False,2022-12-02 19:50:17.447465+00:00,2022-12-02 19:50:17.447465+00:00
1598764842164289549,ukraine-de,True,True,False,False,False,False,False,False,False,False,2022-12-02 19:50:17.447366+00:00,2022-12-02 19:50:17.447366+00:00
1598764859700674571,ukraine-de,True,True,False,False,False,False,False,False,False,False,2022-12-02 19:50:17.447265+00:00,2022-12-02 19:50:17.447265+00:00
1598764912469213205,ukraine-de,True,True,False,False,False,False,False,False,False,False,2022-12-02 19:50:17.447150+00:00,2022-12-02 19:50:17.447150+00:00
1598764979120787456,ukraine-de,True,True,False,False,False,False,False,False,False,False,2022-12-02 19:50:17.447048+00:00,2022-12-02 19:50:17.447048+00:00
1598764994081873920,ukraine-de,True,True,False,False,False,False,False,False,False,False,2022-12-02 19:50:17.446909+00:00,2022-12-02 19:50:17.446909+00:00
1598765005733756959,ukraine-de,True,True,False,False,False,False,False,False,False,False,2022-12-02 19:50:17.446799+00:00,2022-12-02 19:50:17.446799+00:00
1598765014696984580,ukraine-de,True,True,False,False,False,False,False,False,False,False,2022-12-02 19:50:17.446696+00:00,2022-12-02 19:50:17.446696+00:00
1598765029783896084,ukraine-de,True,True,False,False,False,False,False,False,False,False,2022-12-02 19:50:17.446588+00:00,2022-12-02 19:50:17.446588+00:00
1598765049874612236,ukraine-de,True,True,False,False,False,False,False,False,False,False,2022-12-02 19:50:17.446488+00:00,2022-12-02 19:50:17.446488+00:00
1598765071408148480,ukraine-de,True,True,False,False,False,False,False,False,False,False,2022-12-02 19:50:17.446388+00:00,2022-12-02 19:50:17.446388+00:00
1598765071924006912,ukraine-de,True,True,False,False,False,False,False,False,False,False,2022-12-02 19:50:17.446284+00:00,2022-12-02 19:50:17.446284+00:00
1598765089901142016,ukraine-de,True,True,False,False,False,False,False,False,False,False,2022-12-02 19:50:17.446160+00:00,2022-12-02 19:50:17.446160+00:00
1598765128702361612,ukraine-de,True,True,False,False,False,False,False,False,False,False,2022-12-02 19:50:17.446052+00:00,2022-12-02 19:50:17.446052+00:00
1598765134180016128,ukraine-de,True,True,False,False,False,False,False,False,False,False,2022-12-02 19:50:17.445861+00:00,2022-12-02 19:50:17.445861+00:00
1598765144800055298,ukraine-de,True,True,False,False,False,False,False,False,False,False,2022-12-02 19:50:17.445749+00:00,2022-12-02 19:50:17.445749+00:00
1598765168531472400,ukraine-de,True,True,False,False,False,False,False,False,False,False,2022-12-02 19:50:17.445531+00:00,2022-12-02 19:50:17.445531+00:00
1598765178106978304,ukraine-de,True,True,False,False,False,False,False,False,False,False,2022-12-02 19:50:17.445431+00:00,2022-12-02 19:50:17.445431+00:00
1598765188571750401,ukraine-de,True,True,False,False,False,False,False,False,False,False,2022-12-02 19:50:17.445332+00:00,2022-12-02 19:50:17.445332+00:00
1598765194263416832,ukraine-de,True,True,False,False,False,False,False,False,False,False,2022-12-02 19:50:17.445227+00:00,2022-12-02 19:50:17.445227+00:00
1598765199183720448,ukraine-de,True,True,False,False,False,False,False,False,False,False,2022-12-02 19:50:17.445127+00:00,2022-12-02 19:50:17.445127+00:00
1598765201871994911,ukraine-de,True,True,False,False,False,False,False,False,False,False,2022-12-02 19:50:17.445024+00:00,2022-12-02 19:50:17.445024+00:00
1598765208478023689,ukraine-de,True,True,False,False,False,False,False,False,False,False,2022-12-02 19:50:17.444906+00:00,2022-12-02 19:50:17.444906+00:00
1598765215750856704,ukraine-de,True,True,False,False,False,False,False,False,False,False,2022-12-02 19:50:17.444797+00:00,2022-12-02 19:50:17.444797+00:00
1598765219592867840,ukraine-de,True,True,False,False,False,False,False,False,False,False,2022-12-02 19:50:17.444547+00:00,2022-12-02 19:50:17.444547+00:00
1598765242112147461,ukraine-de,True,True,False,False,False,False,False,False,False,False,2022-12-02 19:50:17.444452+00:00,2022-12-02 19:50:17.444452+00:00
1598765250584621056,ukraine-de,True,True,False,False,False,False,False,False,False,False,2022-12-02 19:50:17.444354+00:00,2022-12-02 19:50:17.444354+00:00
1598765277449158682,ukraine-de,True,True,False,False,False,False,False,False,False,False,2022-12-02 19:50:17.444257+00:00,2022-12-02 19:50:17.444257+00:00
1598765322349183005,ukraine-de,True,True,False,False,False,False,False,False,False,False,2022-12-02 19:50:17.444157+00:00,2022-12-02 19:50:17.444157+00:00
1598765323754184704,ukraine-de,True,True,False,False,False,False,False,False,False,False,2022-12-02 19:50:17.444058+00:00,2022-12-02 19:50:17.444058+00:00
1598765336781680640,ukraine-de,True,True,False,False,False,False,False,False,False,False,2022-12-02 19:50:17.443961+00:00,2022-12-02 19:50:17.443961+00:00
1598765340422438948,ukraine-de,True,True,False,False,False,False,False,False,False,False,2022-12-02 19:50:17.443859+00:00,2022-12-02 19:50:17.443859+00:00
1598765364447412235,ukraine-de,True,False,False,False,False,False,False,False,False,False,2022-12-02 22:35:54.190473+00:00,2022-12-02 22:35:54.190473+00:00
1598765368687808512,ukraine-de,True,True,False,False,False,False,False,False,False,False,2022-12-02 19:50:17.443762+00:00,2022-12-02 19:50:17.443762+00:00
1598765384508792832,ukraine-de,True,True,False,False,False,False,False,False,False,False,2022-12-02 19:50:17.443661+00:00,2022-12-02 19:50:17.443661+00:00
1598765387318890497,ukraine-de,True,True,False,False,False,False,False,False,False,False,2022-12-02 19:50:17.443562+00:00,2022-12-02 19:50:17.443562+00:00
1598765407573200896,ukraine-de,True,False,False,False,False,False,False,False,False,False,2022-12-02 22:36:01.075618+00:00,2022-12-02 22:36:01.075618+00:00
1598765425512177665,ukraine-de,True,False,False,False,False,False,False,False,False,False,2022-12-02 22:35:45.781189+00:00,2022-12-02 22:35:45.781189+00:00
1598765434932981760,ukraine-de,True,False,False,False,False,False,False,False,False,False,2022-12-02 19:50:17.502621+00:00,2022-12-02 19:50:17.502621+00:00
1598765437499887616,ukraine-de,True,True,False,False,False,False,False,False,False,False,2022-12-02 19:50:17.443461+00:00,2022-12-02 19:50:17.443461+00:00
1598765479157432324,ukraine-de,True,False,False,False,False,False,False,False,False,False,2022-12-02 22:35:54.195795+00:00,2022-12-02 22:35:54.195795+00:00
1598765490318364673,ukraine-de,True,True,False,False,False,False,False,False,False,False,2022-12-02 19:50:17.443360+00:00,2022-12-02 19:50:17.443360+00:00
1598765503283068944,ukraine-de,True,True,False,False,False,False,False,False,False,False,2022-12-02 19:50:17.443244+00:00,2022-12-02 19:50:17.443244+00:00
1598765528994152456,ukraine-de,True,True,False,False,False,False,False,False,False,False,2022-12-02 19:50:17.443124+00:00,2022-12-02 19:50:17.443124+00:00
1598765542709436416,ukraine-de,True,True,False,False,False,False,False,False,False,False,2022-12-02 19:50:17.443027+00:00,2022-12-02 19:50:17.443027+00:00
1598765554239578112,ukraine-de,True,True,False,False,False,False,False,False,False,False,2022-12-02 19:50:17.442925+00:00,2022-12-02 19:50:17.442925+00:00
1598765563123322881,ukraine-de,True,True,False,False,False,False,False,False,False,False,2022-12-02 19:50:17.442824+00:00,2022-12-02 19:50:17.442824+00:00
1598765610984407054,ukraine-de,True,True,False,False,False,False,False,False,False,False,2022-12-02 19:50:17.442716+00:00,2022-12-02 19:50:17.442716+00:00
1598765623324049424,ukraine-de,True,False,False,False,False,False,False,False,False,False,2022-12-02 22:35:45.784613+00:00,2022-12-02 22:35:45.784613+00:00
1598765632920510465,ukraine-de,True,True,False,False,False,False,False,False,False,False,2022-12-02 19:50:17.442617+00:00,2022-12-02 19:50:17.442617+00:00
1598765642525573124,ukraine-de,True,False,False,False,False,False,False,False,False,False,2022-12-02 22:35:45.779978+00:00,2022-12-02 22:35:45.779978+00:00
1598765647474794496,ukraine-de,True,True,False,False,False,False,False,False,False,False,2022-12-02 19:50:17.442514+00:00,2022-12-02 19:50:17.442514+00:00
1598765694073458688,ukraine-de,True,True,False,False,False,False,False,False,False,False,2022-12-02 19:50:17.442410+00:00,2022-12-02 19:50:17.442410+00:00
1598765712721735680,ukraine-de,True,True,False,False,False,False,False,False,False,False,2022-12-02 19:50:17.442286+00:00,2022-12-02 19:50:17.442286+00:00
1598765725769834496,ukraine-de,True,True,False,False,False,False,False,False,False,False,2022-12-02 19:50:17.442170+00:00,2022-12-02 19:50:17.442170+00:00
1598765726461984798,ukraine-de,True,False,False,False,False,False,False,False,False,False,2022-12-02 19:50:17.500077+00:00,2022-12-02 19:50:17.500077+00:00
1598765808016031774,ukraine-de,True,True,False,False,False,False,False,False,False,False,2022-12-02 19:50:17.442058+00:00,2022-12-02 19:50:17.442058+00:00
1598765841830518784,ukraine-de,True,True,False,False,False,False,False,False,False,False,2022-12-02 19:50:17.441890+00:00,2022-12-02 19:50:17.441890+00:00
1598765864605581315,ukraine-de,True,True,False,False,False,False,False,False,False,False,2022-12-02 19:50:17.441789+00:00,2022-12-02 19:50:17.441789+00:00
1598765870225846272,ukraine-de,True,True,False,False,False,False,False,False,False,False,2022-12-02 19:50:17.441690+00:00,2022-12-02 19:50:17.441690+00:00
1598765876173737985,ukraine-de,True,True,False,False,False,False,False,False,False,False,2022-12-02 19:50:17.441571+00:00,2022-12-02 19:50:17.441571+00:00
1598765901184106498,ukraine-de,True,True,False,False,False,False,False,False,False,False,2022-12-02 19:50:17.441472+00:00,2022-12-02 19:50:17.441472+00:00
1598765940971167744,ukraine-de,True,True,False,False,False,False,False,False,False,False,2022-12-02 19:50:17.441373+00:00,2022-12-02 19:50:17.441373+00:00
1598765942841933840,ukraine-de,True,True,False,False,False,False,False,False,False,False,2022-12-02 19:50:17.441272+00:00,2022-12-02 19:50:17.441272+00:00
1598765943181672473,ukraine-de,True,False,False,False,False,False,False,False,False,False,2022-12-03 11:05:26.642661+00:00,2022-12-03 11:05:26.642661+00:00
1598765958083985408,ukraine-de,True,True,False,False,False,False,False,False,False,False,2022-12-02 19:50:17.441175+00:00,2022-12-02 19:50:17.441175+00:00
1598765961665970211,ukraine-de,True,True,False,False,False,False,False,False,False,False,2022-12-02 19:50:17.441075+00:00,2022-12-02 19:50:17.441075+00:00
1598765980037021723,ukraine-de,True,False,False,False,False,False,False,False,False,False,2022-12-03 11:05:57.680372+00:00,2022-12-03 11:05:57.680372+00:00
1598765996419973120,ukraine-de,True,True,False,False,False,False,False,False,False,False,2022-12-02 19:50:17.440977+00:00,2022-12-02 19:50:17.440977+00:00
1598766009715916851,ukraine-de,True,True,False,False,False,False,False,False,False,False,2022-12-02 19:50:17.440878+00:00,2022-12-02 19:50:17.440878+00:00
1598766022517215233,ukraine-de,True,False,False,False,False,False,False,False,False,False,2022-12-02 19:50:17.499256+00:00,2022-12-02 19:50:17.499256+00:00
1598766035234062372,ukraine-de,True,True,False,False,False,False,False,False,False,False,2022-12-02 19:50:17.440781+00:00,2022-12-02 19:50:17.440781+00:00
1598766039818436627,ukraine-de,True,True,False,False,False,False,False,False,False,False,2022-12-02 19:50:17.440673+00:00,2022-12-02 19:50:17.440673+00:00
1598766040929927200,ukraine-de,True,True,False,False,False,False,False,False,False,False,2022-12-02 19:50:17.440562+00:00,2022-12-02 19:50:17.440562+00:00
1598766043970748418,ukraine-de,True,True,False,False,False,False,False,False,False,False,2022-12-02 19:50:17.440463+00:00,2022-12-02 19:50:17.440463+00:00
1598766049444274178,ukraine-de,True,True,False,False,False,False,False,False,False,False,2022-12-02 19:50:17.440361+00:00,2022-12-02 19:50:17.440361+00:00
1598766054532337664,ukraine-de,True,True,False,False,False,False,False,False,False,False,2022-12-02 19:50:17.440257+00:00,2022-12-02 19:50:17.440257+00:00
1598766113122312192,ukraine-de,True,True,False,False,False,False,False,False,False,False,2022-12-02 19:50:17.440138+00:00,2022-12-02 19:50:17.440138+00:00
1598766136232771584,ukraine-de,True,True,False,False,False,False,False,False,False,False,2022-12-02 19:50:17.440016+00:00,2022-12-02 19:50:17.440016+00:00
1598766150724505600,ukraine-de,True,False,False,False,False,False,False,False,False,False,2022-12-03 05:35:06.060977+00:00,2022-12-03 05:35:06.060977+00:00
1598766187189399552,ukraine-de,True,False,False,False,False,False,False,False,False,False,2022-12-03 01:30:30.073162+00:00,2022-12-03 01:30:30.073162+00:00
1598766208450428941,ukraine-de,True,True,False,False,False,False,False,False,False,False,2022-12-02 19:50:17.439908+00:00,2022-12-02 19:50:17.439908+00:00
1598766208584671232,ukraine-de,True,True,False,False,False,False,False,False,False,False,2022-12-02 19:50:17.439772+00:00,2022-12-02 19:50:17.439772+00:00
1598766249676345345,ukraine-de,True,False,False,False,False,False,False,False,False,False,2022-12-02 22:36:01.070451+00:00,2022-12-02 22:36:01.070451+00:00
1598766317594898433,ukraine-de,True,False,False,False,False,False,False,False,False,False,2022-12-02 22:36:01.064660+00:00,2022-12-02 22:36:01.064660+00:00
1598766328705318943,ukraine-de,True,True,False,False,False,False,False,False,False,False,2022-12-02 19:50:17.439622+00:00,2022-12-02 19:50:17.439622+00:00
1598766339522428943,ukraine-de,True,True,False,False,False,False,False,False,False,False,2022-12-02 19:50:17.439523+00:00,2022-12-02 19:50:17.439523+00:00
1598766378282274816,ukraine-de,True,True,False,False,False,False,False,False,False,False,2022-12-02 19:50:17.439421+00:00,2022-12-02 19:50:17.439421+00:00
1598766392592957444,ukraine-de,True,True,False,False,False,False,False,False,False,False,2022-12-02 19:50:17.439321+00:00,2022-12-02 19:50:17.439321+00:00
1598766412889063424,ukraine-de,True,True,False,False,False,False,False,False,False,False,2022-12-02 19:50:17.439221+00:00,2022-12-02 19:50:17.439221+00:00
1598766426944258049,ukraine-de,True,True,False,False,False,False,False,False,False,False,2022-12-02 19:50:17.439119+00:00,2022-12-02 19:50:17.439119+00:00
1598766427204644864,ukraine-de,True,True,False,False,False,False,False,False,False,False,2022-12-02 19:50:17.439015+00:00,2022-12-02 19:50:17.439015+00:00
1598766444812021760,ukraine-de,True,True,False,False,False,False,False,False,False,False,2022-12-02 19:50:17.438906+00:00,2022-12-02 19:50:17.438906+00:00
1598766452730798080,ukraine-de,True,True,False,False,False,False,False,False,False,False,2022-12-02 19:50:17.438760+00:00,2022-12-02 19:50:17.438760+00:00
1598766456694484993,ukraine-de,True,True,False,False,False,False,False,False,False,False,2022-12-02 19:50:17.438433+00:00,2022-12-02 22:36:01.058519+00:00
1598766484175585290,ukraine-de,True,False,False,False,False,False,False,False,False,False,2022-12-02 22:35:17.177225+00:00,2022-12-02 22:35:17.177225+00:00
1598766491201044491,ukraine-de,True,False,False,False,False,False,False,False,False,False,2022-12-02 22:35:45.784401+00:00,2022-12-02 22:35:45.784401+00:00
1598766509521764371,ukraine-de,True,True,False,False,False,False,False,False,False,False,2022-12-02 22:36:01.058419+00:00,2022-12-02 22:36:01.058419+00:00
1598766578526453772,ukraine-de,True,True,False,False,False,False,False,False,False,False,2022-12-02 22:36:01.058321+00:00,2022-12-02 22:36:01.058321+00:00
1598766581391101952,ukraine-de,True,True,False,False,False,False,False,False,False,False,2022-12-02 22:36:01.058222+00:00,2022-12-02 22:36:01.058222+00:00
1598766597304352784,ukraine-de,True,True,False,False,False,False,False,False,False,False,2022-12-02 22:36:01.058125+00:00,2022-12-02 22:36:01.058125+00:00
1598766603436531712,ukraine-de,True,True,False,False,False,False,False,False,False,False,2022-12-02 22:36:01.058027+00:00,2022-12-02 22:36:01.058027+00:00
1598766642997100546,ukraine-de,True,True,False,False,False,False,False,False,False,False,2022-12-02 22:36:01.057928+00:00,2022-12-02 22:36:01.057928+00:00
1598766652065292288,ukraine-de,True,True,False,False,False,False,False,False,False,False,2022-12-02 22:36:01.057817+00:00,2022-12-02 22:36:01.057817+00:00
1598766655508811779,ukraine-de,True,True,False,False,False,False,False,False,False,False,2022-12-02 22:36:01.057716+00:00,2022-12-02 22:36:01.057716+00:00
1598766704603037703,ukraine-de,True,True,False,False,False,False,False,False,False,False,2022-12-02 22:36:01.057610+00:00,2022-12-02 22:36:01.057610+00:00
1598766707945897985,ukraine-de,True,True,False,False,False,False,False,False,False,False,2022-12-02 22:36:01.057491+00:00,2022-12-02 22:36:01.057491+00:00
1598766711444017155,ukraine-de,True,True,False,False,False,False,False,False,False,False,2022-12-02 22:36:01.057367+00:00,2022-12-02 22:36:01.057367+00:00
1598766768222138369,ukraine-de,True,True,False,False,False,False,False,False,False,False,2022-12-02 22:35:45.781758+00:00,2022-12-02 22:36:01.057265+00:00
1598766810190548992,ukraine-de,True,True,False,False,False,False,False,False,False,False,2022-12-02 22:36:01.057161+00:00,2022-12-02 22:36:01.057161+00:00
1598766828116852736,ukraine-de,True,True,False,False,False,False,False,False,False,False,2022-12-02 22:36:01.057024+00:00,2022-12-02 22:36:01.057024+00:00
1598766836341886976,ukraine-de,True,True,False,False,False,False,False,False,False,False,2022-12-02 22:36:01.056589+00:00,2022-12-02 22:36:01.056589+00:00
1598766838187720705,ukraine-de,True,True,False,False,False,False,False,False,False,False,2022-12-02 22:36:01.056359+00:00,2022-12-02 22:36:01.056359+00:00
1598766865156870173,ukraine-de,True,True,False,False,False,False,False,False,False,False,2022-12-02 22:36:01.056195+00:00,2022-12-02 22:36:01.056195+00:00
1598766927991934976,ukraine-de,True,True,False,False,False,False,False,False,False,False,2022-12-02 22:36:01.056051+00:00,2022-12-02 22:36:01.056051+00:00
1598766943141384193,ukraine-de,True,True,False,False,False,False,False,False,False,False,2022-12-02 22:36:01.055951+00:00,2022-12-02 22:36:01.055951+00:00
1598766953631338497,ukraine-de,True,True,False,False,False,False,False,False,False,False,2022-12-02 22:36:01.055850+00:00,2022-12-02 22:36:01.055850+00:00
1598766962229841934,ukraine-de,True,True,False,False,False,False,False,False,False,False,2022-12-02 22:36:01.055748+00:00,2022-12-02 22:36:01.055748+00:00
1598766982916198400,ukraine-de,True,False,False,False,False,False,False,False,False,False,2022-12-02 22:36:01.066736+00:00,2022-12-02 22:36:01.066736+00:00
1598767025031041024,ukraine-de,True,True,False,False,False,False,False,False,False,False,2022-12-02 22:36:01.055630+00:00,2022-12-02 22:36:01.055630+00:00
1598767029409882112,ukraine-de,True,True,False,False,False,False,False,False,False,False,2022-12-02 22:36:01.055500+00:00,2022-12-02 22:36:01.055500+00:00
1598767030877843456,ukraine-de,True,True,False,False,False,False,False,False,False,False,2022-12-02 22:36:01.055304+00:00,2022-12-02 22:36:01.055304+00:00
1598767047827197971,ukraine-de,True,True,False,False,False,False,False,False,False,False,2022-12-02 22:36:01.055206+00:00,2022-12-02 22:36:01.055206+00:00
1598767063677472774,ukraine-de,True,True,False,False,False,False,False,False,False,False,2022-12-02 22:36:01.055107+00:00,2022-12-02 22:36:01.055107+00:00
1598767085479464979,ukraine-de,True,True,False,False,False,False,False,False,False,False,2022-12-02 22:36:01.055007+00:00,2022-12-02 22:36:01.055007+00:00
1598767104093671424,ukraine-de,True,True,False,False,False,False,False,False,False,False,2022-12-02 22:36:01.054907+00:00,2022-12-02 22:36:01.054907+00:00
1598767116093689879,ukraine-de,True,True,False,False,False,False,False,False,False,False,2022-12-02 22:36:01.054801+00:00,2022-12-02 22:36:01.054801+00:00
1598767129414668288,ukraine-de,True,True,False,False,False,False,False,False,False,False,2022-12-02 22:36:01.054580+00:00,2022-12-02 22:36:01.054580+00:00
1598767161488470016,ukraine-de,True,True,False,False,False,False,False,False,False,False,2022-12-02 22:36:01.054480+00:00,2022-12-02 22:36:01.054480+00:00
1598767180593696790,ukraine-de,True,True,False,False,False,False,False,False,False,False,2022-12-02 22:36:01.054380+00:00,2022-12-02 22:36:01.054380+00:00
1598767202085220352,ukraine-de,True,True,False,False,False,False,False,False,False,False,2022-12-02 22:36:01.054265+00:00,2022-12-02 22:36:01.054265+00:00
1598767221307850752,ukraine-de,True,True,False,False,False,False,False,False,False,False,2022-12-02 22:36:01.054164+00:00,2022-12-02 22:36:01.054164+00:00
1598767245353750546,ukraine-de,True,True,False,False,False,False,False,False,False,False,2022-12-02 22:36:01.054050+00:00,2022-12-02 22:36:01.054050+00:00
1598767255101517824,ukraine-de,True,False,False,False,False,False,False,False,False,False,2022-12-02 22:36:01.061339+00:00,2022-12-02 22:36:01.061339+00:00
1598767320767336451,ukraine-de,True,True,False,False,False,False,False,False,False,False,2022-12-02 22:36:01.053953+00:00,2022-12-02 22:36:01.053953+00:00
1598767342917337089,ukraine-de,True,True,False,False,False,False,False,False,False,False,2022-12-02 22:36:01.053838+00:00,2022-12-02 22:36:01.053838+00:00
1598767377365204993,ukraine-de,True,True,False,False,False,False,False,False,False,False,2022-12-02 22:36:01.053737+00:00,2022-12-02 22:36:01.053737+00:00
1598767379579867157,ukraine-de,True,True,False,False,False,False,False,False,False,False,2022-12-02 22:36:01.053624+00:00,2022-12-02 22:36:01.053624+00:00
1598767385388978180,ukraine-de,True,True,False,False,False,False,False,False,False,False,2022-12-02 22:36:01.053509+00:00,2022-12-02 22:36:01.053509+00:00
1598767393395904525,ukraine-de,True,True,False,False,False,False,False,False,False,False,2022-12-02 22:36:01.053411+00:00,2022-12-02 22:36:01.053411+00:00
1598767451008864262,ukraine-de,True,True,False,False,False,False,False,False,False,False,2022-12-02 22:36:01.053313+00:00,2022-12-02 22:36:01.053313+00:00
1598767463725879301,ukraine-de,True,False,False,False,False,False,False,False,False,False,2022-12-03 11:05:26.643970+00:00,2022-12-03 11:05:26.643970+00:00
1598767468092133376,ukraine-de,True,True,False,False,False,False,False,False,False,False,2022-12-02 22:36:01.053208+00:00,2022-12-02 22:36:01.053208+00:00
1598767476602507282,ukraine-de,True,True,False,False,False,False,False,False,False,False,2022-12-02 22:36:01.053110+00:00,2022-12-02 22:36:01.053110+00:00
1598767478628356111,ukraine-de,True,True,False,False,False,False,False,False,False,False,2022-12-02 22:36:01.053011+00:00,2022-12-02 22:36:01.053011+00:00
1598767495023890453,ukraine-de,True,True,False,False,False,False,False,False,False,False,2022-12-02 22:36:01.052910+00:00,2022-12-02 22:36:01.052910+00:00
1598767502879768576,ukraine-de,True,True,False,False,False,False,False,False,False,False,2022-12-02 22:36:01.052770+00:00,2022-12-02 22:36:01.052770+00:00
1598767508743331840,ukraine-de,True,True,False,False,False,False,False,False,False,False,2022-12-02 22:36:01.052657+00:00,2022-12-02 22:36:01.052657+00:00
1598767520864997404,ukraine-de,True,False,False,False,False,False,False,False,False,False,2022-12-02 22:36:01.072054+00:00,2022-12-02 22:36:01.072054+00:00
1598767527567376384,ukraine-de,True,False,False,False,False,False,False,False,False,False,2022-12-02 22:36:01.068854+00:00,2022-12-02 22:36:01.068854+00:00
1598767547263770624,ukraine-de,True,True,False,False,False,False,False,False,False,False,2022-12-02 22:36:01.052558+00:00,2022-12-02 22:36:01.052558+00:00
1598767615228448782,ukraine-de,True,False,False,False,False,False,False,False,False,False,2022-12-02 22:36:01.060923+00:00,2022-12-02 22:36:01.060923+00:00
1598767624149553152,ukraine-de,True,True,False,False,False,False,False,False,False,False,2022-12-02 22:36:01.052443+00:00,2022-12-02 22:36:01.052443+00:00
1598767628352426001,ukraine-de,True,True,False,False,False,False,False,False,False,False,2022-12-02 22:36:01.052348+00:00,2022-12-02 22:36:01.052348+00:00
1598767675798392846,ukraine-de,True,False,False,False,False,False,False,False,False,False,2022-12-03 01:30:18.828165+00:00,2022-12-03 01:30:18.828165+00:00
1598767701006209024,ukraine-de,True,True,False,False,False,False,False,False,False,False,2022-12-02 22:36:01.052254+00:00,2022-12-02 22:36:01.052254+00:00
1598767727564320768,ukraine-de,True,True,False,False,False,False,False,False,False,False,2022-12-02 22:36:01.052158+00:00,2022-12-02 22:36:01.052158+00:00
1598767764130435072,ukraine-de,True,True,False,False,False,False,False,False,False,False,2022-12-02 22:36:01.052062+00:00,2022-12-02 22:36:01.052062+00:00
1598767765220954122,ukraine-de,True,False,False,False,False,False,False,False,False,False,2022-12-02 22:35:54.183604+00:00,2022-12-02 22:35:54.183604+00:00
1598767767024504848,ukraine-de,True,False,False,False,False,False,False,False,False,False,2022-12-03 01:30:18.796703+00:00,2022-12-03 01:30:18.796703+00:00
1598767772644872209,ukraine-de,True,True,False,False,False,False,False,False,False,False,2022-12-02 22:36:01.051965+00:00,2022-12-02 22:36:01.051965+00:00
1598767853871763462,ukraine-de,True,True,False,False,False,False,False,False,False,False,2022-12-02 22:36:01.051868+00:00,2022-12-02 22:36:01.051868+00:00
1598767868648296471,ukraine-de,True,True,False,False,False,False,False,False,False,False,2022-12-02 22:36:01.051752+00:00,2022-12-02 22:36:01.051752+00:00
1598767897035169792,ukraine-de,True,True,False,False,False,False,False,False,False,False,2022-12-02 22:36:01.051574+00:00,2022-12-02 22:36:01.051574+00:00
1598767928933027867,ukraine-de,True,True,False,False,False,False,False,False,False,False,2022-12-02 22:36:01.051477+00:00,2022-12-02 22:36:01.051477+00:00
1598767939447975937,ukraine-de,True,True,False,False,False,False,False,False,False,False,2022-12-02 22:36:01.051378+00:00,2022-12-02 22:36:01.051378+00:00
1598767948319150080,ukraine-de,True,True,False,False,False,False,False,False,False,False,2022-12-02 22:36:01.051277+00:00,2022-12-02 22:36:01.051277+00:00
1598767964215468033,ukraine-de,True,True,False,False,False,False,False,False,False,False,2022-12-02 22:36:01.051179+00:00,2022-12-02 22:36:01.051179+00:00
1598768042481225732,ukraine-de,True,True,False,False,False,False,False,False,False,False,2022-12-02 22:36:01.051079+00:00,2022-12-02 22:36:01.051079+00:00
1598768060189577227,ukraine-de,True,True,False,False,False,False,False,False,False,False,2022-12-02 22:36:01.050979+00:00,2022-12-02 22:36:01.050979+00:00
1598768061653299200,ukraine-de,True,True,False,False,False,False,False,False,False,False,2022-12-02 22:36:01.050880+00:00,2022-12-02 22:36:01.050880+00:00
1598768064899649536,ukraine-de,True,True,False,False,False,False,False,False,False,False,2022-12-02 22:36:01.050779+00:00,2022-12-02 22:36:01.050779+00:00
1598768112781955086,ukraine-de,True,True,False,False,False,False,False,False,False,False,2022-12-02 22:36:01.050654+00:00,2022-12-02 22:36:01.050654+00:00
1598768144889389058,ukraine-de,True,True,False,False,False,False,False,False,False,False,2022-12-02 22:36:01.050474+00:00,2022-12-02 22:36:01.050474+00:00
1598768183837532160,ukraine-de,True,True,False,False,False,False,False,False,False,False,2022-12-02 22:36:01.050373+00:00,2022-12-02 22:36:01.050373+00:00
1598768210903552001,ukraine-de,True,True,False,False,False,False,False,False,False,False,2022-12-02 22:36:01.050270+00:00,2022-12-02 22:36:01.050270+00:00
1598768219216830465,ukraine-de,True,True,False,False,False,False,False,False,False,False,2022-12-02 22:36:01.050157+00:00,2022-12-02 22:36:01.050157+00:00
1598768230109040641,ukraine-de,True,True,False,False,False,False,False,False,False,False,2022-12-02 22:36:01.050054+00:00,2022-12-02 22:36:01.050054+00:00
1598768236979490818,ukraine-de,True,True,False,False,False,False,False,False,False,False,2022-12-02 22:36:01.049935+00:00,2022-12-02 22:36:01.049935+00:00
1598768291912114176,ukraine-de,True,False,False,False,False,False,False,False,False,False,2022-12-03 03:40:14.836076+00:00,2022-12-03 03:40:14.836076+00:00
1598768300439257088,ukraine-de,True,True,False,False,False,False,False,False,False,False,2022-12-02 22:35:54.185688+00:00,2022-12-02 22:36:01.049825+00:00
1598768310052655114,ukraine-de,True,True,False,False,False,False,False,False,False,False,2022-12-02 22:36:01.049708+00:00,2022-12-02 22:36:01.049708+00:00
1598768318319628292,ukraine-de,True,True,False,False,False,False,False,False,False,False,2022-12-02 22:36:01.049576+00:00,2022-12-02 22:36:01.049576+00:00
1598768337932021760,ukraine-de,True,True,False,False,False,False,False,False,False,False,2022-12-02 22:36:01.049476+00:00,2022-12-02 22:36:01.049476+00:00
1598768338280161280,ukraine-de,True,True,False,False,False,False,False,False,False,False,2022-12-02 22:36:01.049350+00:00,2022-12-02 22:36:01.049350+00:00
1598768346886963200,ukraine-de,True,True,False,False,False,False,False,False,False,False,2022-12-02 22:36:01.049251+00:00,2022-12-02 22:36:01.049251+00:00
1598768361281753088,ukraine-de,True,True,False,False,False,False,False,False,False,False,2022-12-02 22:35:17.178857+00:00,2022-12-02 22:36:01.049156+00:00
1598768362787684352,ukraine-de,True,True,False,False,False,False,False,False,False,False,2022-12-02 22:36:01.049059+00:00,2022-12-02 22:36:01.049059+00:00
1598768392910999552,ukraine-de,True,True,False,False,False,False,False,False,False,False,2022-12-02 22:36:01.048962+00:00,2022-12-02 22:36:01.048962+00:00
1598768469796962307,ukraine-de,True,False,False,False,False,False,False,False,False,False,2022-12-02 22:36:01.066002+00:00,2022-12-02 22:36:01.066002+00:00
1598768477711781888,ukraine-de,True,True,False,False,False,False,False,False,False,False,2022-12-02 22:36:01.048863+00:00,2022-12-02 22:36:01.048863+00:00
1598768561383960576,ukraine-de,True,True,False,False,False,False,False,False,False,False,2022-12-02 22:36:01.048741+00:00,2022-12-02 22:36:01.048741+00:00
1598768568316854272,ukraine-de,True,True,False,False,False,False,False,False,False,False,2022-12-02 22:36:01.048644+00:00,2022-12-02 22:36:01.048644+00:00
1598768580853567488,ukraine-de,True,True,False,False,False,False,False,False,False,False,2022-12-02 22:36:01.048528+00:00,2022-12-02 22:36:01.048528+00:00
1598768590760681472,ukraine-de,True,True,False,False,False,False,False,False,False,False,2022-12-02 22:35:54.175180+00:00,2022-12-02 22:36:01.048418+00:00
1598768648403009536,ukraine-de,True,True,False,False,False,False,False,False,False,False,2022-12-02 22:36:01.048307+00:00,2022-12-02 22:36:01.048307+00:00
1598768698646532097,ukraine-de,True,True,False,False,False,False,False,False,False,False,2022-12-02 22:36:01.048181+00:00,2022-12-02 22:36:01.048181+00:00
1598768700332527616,ukraine-de,True,True,False,False,False,False,False,False,False,False,2022-12-02 22:36:01.048084+00:00,2022-12-02 22:36:01.048084+00:00
1598768743152132096,ukraine-de,True,True,False,False,False,False,False,False,False,False,2022-12-02 22:36:01.047986+00:00,2022-12-02 22:36:01.047986+00:00
1598768836500926465,ukraine-de,True,True,False,False,False,False,False,False,False,False,2022-12-02 22:36:01.047886+00:00,2022-12-02 22:36:01.047886+00:00
1598768842242723863,ukraine-de,True,True,False,False,False,False,False,False,False,False,2022-12-02 22:36:01.047771+00:00,2022-12-02 22:36:01.047771+00:00
1598768859724779520,ukraine-de,True,True,False,False,False,False,False,False,False,False,2022-12-02 22:36:01.047673+00:00,2022-12-02 22:36:01.047673+00:00
1598768863176368128,ukraine-de,True,True,False,False,False,False,False,False,False,False,2022-12-02 22:36:01.047576+00:00,2022-12-02 22:36:01.047576+00:00
1598768895510315008,ukraine-de,True,True,False,False,False,False,False,False,False,False,2022-12-02 22:36:01.047478+00:00,2022-12-02 22:36:01.047478+00:00
1598768940951474194,ukraine-de,True,True,False,False,False,False,False,False,False,False,2022-12-02 22:36:01.047379+00:00,2022-12-02 22:36:01.047379+00:00
1598768968516268032,ukraine-de,True,True,False,False,False,False,False,False,False,False,2022-12-02 22:35:45.779691+00:00,2022-12-02 22:36:01.047282+00:00
1598768968931676174,ukraine-de,True,True,False,False,False,False,False,False,False,False,2022-12-02 22:36:01.047154+00:00,2022-12-02 22:36:01.047154+00:00
1598768969787314178,ukraine-de,True,True,False,False,False,False,False,False,False,False,2022-12-02 22:36:01.047058+00:00,2022-12-02 22:36:01.047058+00:00
1598768982311305216,ukraine-de,True,True,False,False,False,False,False,False,False,False,2022-12-02 22:36:01.046960+00:00,2022-12-02 22:36:01.046960+00:00
1598768991765696512,ukraine-de,True,True,False,False,False,False,False,False,False,False,2022-12-02 22:36:01.046848+00:00,2022-12-02 22:36:01.046848+00:00
1598768999055167513,ukraine-de,True,True,False,False,False,False,False,False,False,False,2022-12-02 22:36:01.046751+00:00,2022-12-02 22:36:01.046751+00:00
1598769008123191297,ukraine-de,True,False,False,False,False,False,False,False,False,False,2022-12-02 22:35:45.771236+00:00,2022-12-02 22:35:45.771236+00:00
1598769009406738432,ukraine-de,True,True,False,False,False,False,False,False,False,False,2022-12-02 22:36:01.046645+00:00,2022-12-02 22:36:01.046645+00:00
1598769017308725250,ukraine-de,True,True,False,False,False,False,False,False,False,False,2022-12-02 22:36:01.046536+00:00,2022-12-02 22:36:01.046536+00:00
1598769018462212109,ukraine-de,True,True,False,False,False,False,False,False,False,False,2022-12-02 22:36:01.046421+00:00,2022-12-02 22:36:01.046421+00:00
1598769018470645760,ukraine-de,True,True,False,False,False,False,False,False,False,False,2022-12-02 22:36:01.046328+00:00,2022-12-02 22:36:01.046328+00:00
1598769018642440192,ukraine-de,True,True,False,False,False,False,False,False,False,False,2022-12-02 22:36:01.046237+00:00,2022-12-02 22:36:01.046237+00:00
1598769047813820416,ukraine-de,True,True,False,False,False,False,False,False,False,False,2022-12-02 22:36:01.046144+00:00,2022-12-02 22:36:01.046144+00:00
1598769087672422414,ukraine-de,True,False,False,False,False,False,False,False,False,False,2022-12-03 11:05:17.132247+00:00,2022-12-03 11:05:17.132247+00:00
1598769131398086658,ukraine-de,True,True,False,False,False,False,False,False,False,False,2022-12-02 22:36:01.046050+00:00,2022-12-02 22:36:01.046050+00:00
1598769184250466331,ukraine-de,True,True,False,False,False,False,False,False,False,False,2022-12-02 22:36:01.045942+00:00,2022-12-02 22:36:01.045942+00:00
1598769205733576704,ukraine-de,True,False,False,False,False,False,False,False,False,False,2022-12-02 22:36:01.066100+00:00,2022-12-02 22:36:01.066100+00:00
1598769215514648577,ukraine-de,True,True,False,False,False,False,False,False,False,False,2022-12-02 22:36:01.045843+00:00,2022-12-02 22:36:01.045843+00:00
1598769223983153152,ukraine-de,True,False,False,False,False,False,False,False,False,False,2022-12-02 22:36:01.060435+00:00,2022-12-02 22:36:01.060435+00:00
1598769233005092864,ukraine-de,True,True,False,False,False,False,False,False,False,False,2022-12-02 22:36:01.045745+00:00,2022-12-02 22:36:01.045745+00:00
1598769242547097603,ukraine-de,True,True,False,False,False,False,False,False,False,False,2022-12-02 22:36:01.045645+00:00,2022-12-02 22:36:01.045645+00:00
1598769252273573888,ukraine-de,True,True,False,False,False,False,False,False,False,False,2022-12-02 22:36:01.045529+00:00,2022-12-02 22:36:01.045529+00:00
1598769311547621378,ukraine-de,True,True,False,False,False,False,False,False,False,False,2022-12-02 22:36:01.045430+00:00,2022-12-02 22:36:01.045430+00:00
1598769345303236609,ukraine-de,True,False,False,False,False,False,False,False,False,False,2022-12-02 22:35:45.768118+00:00,2022-12-02 22:35:45.768118+00:00
1598769354530729985,ukraine-de,True,True,False,False,False,False,False,False,False,False,2022-12-02 22:36:01.045331+00:00,2022-12-02 22:36:01.045331+00:00
1598769355214491650,ukraine-de,True,True,False,False,False,False,False,False,False,False,2022-12-02 22:36:01.045232+00:00,2022-12-02 22:36:01.045232+00:00
1598769361157820421,ukraine-de,True,True,False,False,False,False,False,False,False,False,2022-12-02 22:35:17.177914+00:00,2022-12-02 22:36:01.045134+00:00
1598769374608998400,ukraine-de,True,True,False,False,False,False,False,False,False,False,2022-12-02 22:36:01.045035+00:00,2022-12-02 22:36:01.045035+00:00
1598769401548849152,ukraine-de,True,True,False,False,False,False,False,False,False,False,2022-12-02 22:36:01.044935+00:00,2022-12-02 22:36:01.044935+00:00
1598769446688067590,ukraine-de,True,True,False,False,False,False,False,False,False,False,2022-12-02 22:36:01.044833+00:00,2022-12-02 22:36:01.044833+00:00
1598769467445727232,ukraine-de,True,False,False,False,False,False,False,False,False,False,2022-12-03 08:10:46.241057+00:00,2022-12-03 08:10:46.241057+00:00
1598769470511644673,ukraine-de,True,True,False,False,False,False,False,False,False,False,2022-12-02 22:36:01.044726+00:00,2022-12-02 22:36:01.044726+00:00
1598769504011567109,ukraine-de,True,False,False,False,False,False,False,False,False,False,2022-12-03 05:35:06.056694+00:00,2022-12-03 05:35:06.056694+00:00
1598769505081106433,ukraine-de,True,True,False,False,False,False,False,False,False,False,2022-12-02 22:36:01.044626+00:00,2022-12-02 22:36:01.044626+00:00
1598769515524984847,ukraine-de,True,True,False,False,False,False,False,False,False,False,2022-12-02 22:36:01.044526+00:00,2022-12-02 22:36:01.044526+00:00
1598769524827779073,ukraine-de,True,True,False,False,False,False,False,False,False,False,2022-12-02 22:36:01.044423+00:00,2022-12-02 22:36:01.044423+00:00
1598769529441624064,ukraine-de,True,True,False,False,False,False,False,False,False,False,2022-12-02 22:36:01.044212+00:00,2022-12-02 22:36:01.044212+00:00
1598769551621005312,ukraine-de,True,True,False,False,False,False,False,False,False,False,2022-12-02 22:36:01.044017+00:00,2022-12-02 22:36:01.044017+00:00
1598769565655351296,ukraine-de,True,False,False,False,False,False,False,False,False,False,2022-12-02 22:36:01.062553+00:00,2022-12-02 22:36:01.062553+00:00
1598769584978513920,ukraine-de,True,True,False,False,False,False,False,False,False,False,2022-12-02 22:36:01.043909+00:00,2022-12-02 22:36:01.043909+00:00
1598769631598153741,ukraine-de,True,True,False,False,False,False,False,False,False,False,2022-12-02 22:36:01.043797+00:00,2022-12-02 22:36:01.043797+00:00
1598769674358906880,ukraine-de,True,True,False,False,False,False,False,False,False,False,2022-12-02 22:36:01.043690+00:00,2022-12-02 22:36:01.043690+00:00
1598769694508359681,ukraine-de,True,True,False,False,False,False,False,False,False,False,2022-12-02 22:36:01.043578+00:00,2022-12-02 22:36:01.043578+00:00
1598769720831799296,ukraine-de,True,True,False,False,False,False,False,False,False,False,2022-12-02 22:36:01.043479+00:00,2022-12-02 22:36:01.043479+00:00
1598769820417212418,ukraine-de,True,False,False,False,False,False,False,False,False,False,2022-12-02 22:36:01.064753+00:00,2022-12-02 22:36:01.064753+00:00
1598769822820667418,ukraine-de,True,True,False,False,False,False,False,False,False,False,2022-12-02 22:36:01.043382+00:00,2022-12-02 22:36:01.043382+00:00
1598769825060425735,ukraine-de,True,True,False,False,False,False,False,False,False,False,2022-12-02 22:36:01.043284+00:00,2022-12-02 22:36:01.043284+00:00
1598769834241961984,ukraine-de,True,True,False,False,False,False,False,False,False,False,2022-12-02 22:36:01.043184+00:00,2022-12-02 22:36:01.043184+00:00
1598769869352275968,ukraine-de,True,True,False,False,False,False,False,False,False,False,2022-12-02 22:36:01.043084+00:00,2022-12-02 22:36:01.043084+00:00
1598769884292255744,ukraine-de,True,True,False,False,False,False,False,False,False,False,2022-12-02 22:36:01.042986+00:00,2022-12-02 22:36:01.042986+00:00
1598769888725721088,ukraine-de,True,True,False,False,False,False,False,False,False,False,2022-12-02 22:36:01.042889+00:00,2022-12-02 22:36:01.042889+00:00
1598769904764784646,ukraine-de,True,False,False,False,False,False,False,False,False,False,2022-12-02 22:36:01.059757+00:00,2022-12-02 22:36:01.059757+00:00
1598769926860378118,ukraine-de,True,True,False,False,False,False,False,False,False,False,2022-12-02 22:36:01.042791+00:00,2022-12-02 22:36:01.042791+00:00
1598769945436979200,ukraine-de,True,True,False,False,False,False,False,False,False,False,2022-12-02 22:36:01.042693+00:00,2022-12-02 22:36:01.042693+00:00
1598769963220680704,ukraine-de,True,True,False,False,False,False,False,False,False,False,2022-12-02 22:36:01.042595+00:00,2022-12-02 22:36:01.042595+00:00
1598769964688605185,ukraine-de,True,True,False,False,False,False,False,False,False,False,2022-12-02 22:36:01.042495+00:00,2022-12-02 22:36:01.042495+00:00
1598769973773668372,ukraine-de,True,True,False,False,False,False,False,False,False,False,2022-12-02 22:36:01.042393+00:00,2022-12-02 22:36:01.042393+00:00
1598769983223345153,ukraine-de,True,True,False,False,False,False,False,False,False,False,2022-12-02 22:36:01.042268+00:00,2022-12-02 22:36:01.042268+00:00
1598770017671163904,ukraine-de,True,True,False,False,False,False,False,False,False,False,2022-12-02 22:36:01.042069+00:00,2022-12-02 22:36:01.042069+00:00
1598770033630609408,ukraine-de,True,True,False,False,False,False,False,False,False,False,2022-12-02 22:36:01.041964+00:00,2022-12-02 22:36:01.041964+00:00
1598770083756752896,ukraine-de,True,True,False,False,False,False,False,False,False,False,2022-12-02 22:36:01.041845+00:00,2022-12-02 22:36:01.041845+00:00
1598770108951732224,ukraine-de,True,False,False,False,False,False,False,False,False,False,2022-12-02 22:35:54.193415+00:00,2022-12-02 22:35:54.193415+00:00
1598770123623477248,ukraine-de,True,True,False,False,False,False,False,False,False,False,2022-12-02 22:36:01.041745+00:00,2022-12-02 22:36:01.041745+00:00
1598770157375131657,ukraine-de,True,True,False,False,False,False,False,False,False,False,2022-12-02 22:35:54.192582+00:00,2022-12-02 22:36:01.041633+00:00
1598770197816492032,ukraine-de,True,True,False,False,False,False,False,False,False,False,2022-12-02 22:36:01.041478+00:00,2022-12-02 22:36:01.041478+00:00
1598770217093828608,ukraine-de,True,True,False,False,False,False,False,False,False,False,2022-12-02 22:36:01.041375+00:00,2022-12-02 22:36:01.041375+00:00
1598770217525485569,ukraine-de,True,True,False,False,False,False,False,False,False,False,2022-12-02 22:36:01.041273+00:00,2022-12-02 22:36:01.041273+00:00
1598770331371667457,ukraine-de,True,True,False,False,False,False,False,False,False,False,2022-12-02 22:36:01.041165+00:00,2022-12-02 22:36:01.041165+00:00
1598770359125278721,ukraine-de,True,True,False,False,False,False,False,False,False,False,2022-12-02 22:36:01.040989+00:00,2022-12-02 22:36:01.040989+00:00
1598770360564027394,ukraine-de,True,True,False,False,False,False,False,False,False,False,2022-12-02 22:36:01.040868+00:00,2022-12-02 22:36:01.040868+00:00
1598770365513097216,ukraine-de,True,True,False,False,False,False,False,False,False,False,2022-12-02 22:36:01.040738+00:00,2022-12-02 22:36:01.040738+00:00
1598770369518833671,ukraine-de,True,True,False,False,False,False,False,False,False,False,2022-12-02 22:36:01.040640+00:00,2022-12-02 22:36:01.040640+00:00
1598770384601550855,ukraine-de,True,True,False,False,False,False,False,False,False,False,2022-12-02 22:36:01.040541+00:00,2022-12-02 22:36:01.040541+00:00
1598770384781934592,ukraine-de,True,True,False,False,False,False,False,False,False,False,2022-12-02 22:36:01.040441+00:00,2022-12-02 22:36:01.040441+00:00
1598770401101897728,ukraine-de,True,True,False,False,False,False,False,False,False,False,2022-12-02 22:36:01.040339+00:00,2022-12-02 22:36:01.040339+00:00
1598770405220749326,ukraine-de,True,True,False,False,False,False,False,False,False,False,2022-12-02 22:36:01.040233+00:00,2022-12-02 22:36:01.040233+00:00
1598770426137743362,ukraine-de,True,True,False,False,False,False,False,False,False,False,2022-12-02 22:36:01.040083+00:00,2022-12-02 22:36:01.040083+00:00
1598770452280709120,ukraine-de,True,True,False,False,False,False,False,False,False,False,2022-12-02 22:36:01.039965+00:00,2022-12-02 22:36:01.039965+00:00
1598770456500342784,ukraine-de,True,False,False,False,False,False,False,False,False,False,2022-12-03 11:05:26.639544+00:00,2022-12-03 11:05:26.639544+00:00
1598770460401238016,ukraine-de,True,True,False,False,False,False,False,False,False,False,2022-12-02 22:36:01.039843+00:00,2022-12-02 22:36:01.039843+00:00
1598770502008545280,ukraine-de,True,True,False,False,False,False,False,False,False,False,2022-12-02 22:35:45.758132+00:00,2022-12-02 22:36:01.039740+00:00
1598770521574875136,ukraine-de,True,True,False,False,False,False,False,False,False,False,2022-12-02 22:36:01.039608+00:00,2022-12-02 22:36:01.039608+00:00
1598770527417602061,ukraine-de,True,False,False,False,False,False,False,False,False,False,2022-12-02 22:35:54.184910+00:00,2022-12-02 22:35:54.184910+00:00
1598770547953111040,ukraine-de,True,True,False,False,False,False,False,False,False,False,2022-12-02 22:36:01.039443+00:00,2022-12-02 22:36:01.039443+00:00
1598770590864662528,ukraine-de,True,True,False,False,False,False,False,False,False,False,2022-12-02 22:36:01.039199+00:00,2022-12-02 22:36:01.039199+00:00
1598770604337164288,ukraine-de,True,True,False,False,False,False,False,False,False,False,2022-12-02 22:36:01.039036+00:00,2022-12-02 22:36:01.039036+00:00
1598770626214232066,ukraine-de,True,True,False,False,False,False,False,False,False,False,2022-12-02 22:36:01.038872+00:00,2022-12-02 22:36:01.038872+00:00
1598770677112348673,ukraine-de,True,True,False,False,False,False,False,False,False,False,2022-12-02 22:36:01.038728+00:00,2022-12-02 22:36:01.038728+00:00
1598770711857750016,ukraine-de,True,True,False,False,False,False,False,False,False,False,2022-12-02 22:36:01.038627+00:00,2022-12-02 22:36:01.038627+00:00
1598770728387678210,ukraine-de,True,True,False,False,False,False,False,False,False,False,2022-12-02 22:36:01.038495+00:00,2022-12-02 22:36:01.038495+00:00
1598770749438709760,ukraine-de,True,False,False,False,False,False,False,False,False,False,2022-12-03 11:05:50.192816+00:00,2022-12-03 11:05:50.192816+00:00
1598770752626589697,ukraine-de,True,True,False,False,False,False,False,False,False,False,2022-12-02 22:36:01.038394+00:00,2022-12-02 22:36:01.038394+00:00
1598770763833741314,ukraine-de,True,True,False,False,False,False,False,False,False,False,2022-12-02 22:36:01.038279+00:00,2022-12-02 22:36:01.038279+00:00
1598770781575684096,ukraine-de,True,True,False,False,False,False,False,False,False,False,2022-12-02 22:36:01.038104+00:00,2022-12-02 22:36:01.038104+00:00
1598770801645441024,ukraine-de,True,True,False,False,False,False,False,False,False,False,2022-12-02 22:36:01.038007+00:00,2022-12-02 22:36:01.038007+00:00
1598770808016736256,ukraine-de,True,True,False,False,False,False,False,False,False,False,2022-12-02 22:36:01.037908+00:00,2022-12-02 22:36:01.037908+00:00
1598770817600405504,ukraine-de,True,True,False,False,False,False,False,False,False,False,2022-12-02 22:36:01.037806+00:00,2022-12-02 22:36:01.037806+00:00
1598770824772583425,ukraine-de,True,True,False,False,False,False,False,False,False,False,2022-12-02 22:36:01.037624+00:00,2022-12-02 22:36:01.037624+00:00
1598770826836381702,ukraine-de,True,True,False,False,False,False,False,False,False,False,2022-12-02 22:36:01.037510+00:00,2022-12-02 22:36:01.037510+00:00
1598770879097409543,ukraine-de,True,True,False,False,False,False,False,False,False,False,2022-12-02 22:36:01.037413+00:00,2022-12-02 22:36:01.037413+00:00
1598770918699966464,ukraine-de,True,True,False,False,False,False,False,False,False,False,2022-12-02 22:36:01.037315+00:00,2022-12-02 22:36:01.037315+00:00
1598770919287115776,ukraine-de,True,True,False,False,False,False,False,False,False,False,2022-12-02 22:36:01.037216+00:00,2022-12-02 22:36:01.037216+00:00
1598770987083841536,ukraine-de,True,True,False,False,False,False,False,False,False,False,2022-12-02 22:36:01.037118+00:00,2022-12-02 22:36:01.037118+00:00
1598770994709233664,ukraine-de,True,True,False,False,False,False,False,False,False,False,2022-12-02 22:36:01.037017+00:00,2022-12-02 22:36:01.037017+00:00
1598770995585638400,ukraine-de,True,True,False,False,False,False,False,False,False,False,2022-12-02 22:36:01.036917+00:00,2022-12-02 22:36:01.036917+00:00
1598771019413655556,ukraine-de,True,True,False,False,False,False,False,False,False,False,2022-12-02 22:36:01.036804+00:00,2022-12-02 22:36:01.036804+00:00
1598771028133486592,ukraine-de,True,True,False,False,False,False,False,False,False,False,2022-12-02 22:36:01.036702+00:00,2022-12-02 22:36:01.036702+00:00
1598771037705015296,ukraine-de,True,True,False,False,False,False,False,False,False,False,2022-12-02 22:36:01.036570+00:00,2022-12-02 22:36:01.036570+00:00
1598771054448631811,ukraine-de,True,True,False,False,False,False,False,False,False,False,2022-12-02 22:36:01.036456+00:00,2022-12-02 22:36:01.036456+00:00
1598771065043488771,ukraine-de,True,True,False,False,False,False,False,False,False,False,2022-12-02 22:36:01.036354+00:00,2022-12-02 22:36:01.036354+00:00
1598771098077655040,ukraine-de,True,True,False,False,False,False,False,False,False,False,2022-12-02 22:35:54.174245+00:00,2022-12-02 22:36:01.036251+00:00
1598771103039569920,ukraine-de,True,True,False,False,False,False,False,False,False,False,2022-12-02 22:36:01.036124+00:00,2022-12-02 22:36:01.036124+00:00
1598771110471876608,ukraine-de,True,True,False,False,False,False,False,False,False,False,2022-12-02 22:36:01.036005+00:00,2022-12-02 22:36:01.036005+00:00
1598771126238253056,ukraine-de,True,True,False,False,False,False,False,False,False,False,2022-12-02 22:36:01.035891+00:00,2022-12-02 22:36:01.035891+00:00
1598771134463414284,ukraine-de,True,True,False,False,False,False,False,False,False,False,2022-12-02 22:36:01.035662+00:00,2022-12-02 22:36:01.035662+00:00
1598771164830212097,ukraine-de,True,False,False,False,False,False,False,False,False,False,2022-12-03 05:35:06.054866+00:00,2022-12-03 05:35:06.054866+00:00
1598771194748018689,ukraine-de,True,True,False,False,False,False,False,False,False,False,2022-12-02 22:36:01.035548+00:00,2022-12-02 22:36:01.035548+00:00
1598771203958706176,ukraine-de,True,True,False,False,False,False,False,False,False,False,2022-12-02 22:36:01.035452+00:00,2022-12-02 22:36:01.035452+00:00
1598771262557396993,ukraine-de,True,True,False,False,False,False,False,False,False,False,2022-12-02 22:36:01.035355+00:00,2022-12-02 22:36:01.035355+00:00
1598771279762530306,ukraine-de,True,True,False,False,False,False,False,False,False,False,2022-12-02 22:36:01.035251+00:00,2022-12-02 22:36:01.035251+00:00
1598771285022105602,ukraine-de,True,True,False,False,False,False,False,False,False,False,2022-12-02 22:36:01.035043+00:00,2022-12-02 22:36:01.035043+00:00
1598771290692788224,ukraine-de,True,True,False,False,False,False,False,False,False,False,2022-12-02 22:36:01.034947+00:00,2022-12-02 22:36:01.034947+00:00
1598771302801805327,ukraine-de,True,True,False,False,False,False,False,False,False,False,2022-12-02 22:36:01.034848+00:00,2022-12-02 22:36:01.034848+00:00
1598771304630341632,ukraine-de,True,True,False,False,False,False,False,False,False,False,2022-12-02 22:36:01.034735+00:00,2022-12-02 22:36:01.034735+00:00
1598771309936316429,ukraine-de,True,True,False,False,False,False,False,False,False,False,2022-12-02 22:36:01.034637+00:00,2022-12-02 22:36:01.034637+00:00
1598771345994571776,ukraine-de,True,True,False,False,False,False,False,False,False,False,2022-12-02 22:36:01.034524+00:00,2022-12-02 22:36:01.034524+00:00
1598771373739888640,ukraine-de,True,True,False,False,False,False,False,False,False,False,2022-12-02 22:35:54.193795+00:00,2022-12-02 22:36:01.034427+00:00
1598771388495630345,ukraine-de,True,True,False,False,False,False,False,False,False,False,2022-12-02 22:36:01.034329+00:00,2022-12-02 22:36:01.034329+00:00
1598771397211394051,ukraine-de,True,True,False,False,False,False,False,False,False,False,2022-12-02 22:35:54.194841+00:00,2022-12-02 22:36:01.034213+00:00
1598771404094156800,ukraine-de,True,True,False,False,False,False,False,False,False,False,2022-12-02 22:35:54.190375+00:00,2022-12-02 22:36:01.034114+00:00
1598771416396357633,ukraine-de,True,True,False,False,False,False,False,False,False,False,2022-12-02 22:36:01.033981+00:00,2022-12-02 22:36:01.033981+00:00
1598771455667232768,ukraine-de,True,True,False,False,False,False,False,False,False,False,2022-12-02 22:36:01.033879+00:00,2022-12-02 22:36:01.033879+00:00
1598771460796928000,ukraine-de,True,True,False,False,False,False,False,False,False,False,2022-12-02 22:36:01.033718+00:00,2022-12-02 22:36:01.033718+00:00
1598771474344464384,ukraine-de,True,True,False,False,False,False,False,False,False,False,2022-12-02 22:36:01.033618+00:00,2022-12-02 22:36:01.033618+00:00
1598771501364219904,ukraine-de,True,True,False,False,False,False,False,False,False,False,2022-12-02 22:36:01.033504+00:00,2022-12-02 22:36:01.033504+00:00
1598771533064810496,ukraine-de,True,True,False,False,False,False,False,False,False,False,2022-12-02 22:36:01.033405+00:00,2022-12-02 22:36:01.033405+00:00
1598771617102192640,ukraine-de,True,True,False,False,False,False,False,False,False,False,2022-12-02 22:36:01.033307+00:00,2022-12-02 22:36:01.033307+00:00
1598771617634652163,ukraine-de,True,True,False,False,False,False,False,False,False,False,2022-12-02 22:36:01.033209+00:00,2022-12-02 22:36:01.033209+00:00
1598771643685523456,ukraine-de,True,True,False,False,False,False,False,False,False,False,2022-12-02 22:36:01.033109+00:00,2022-12-02 22:36:01.033109+00:00
1598771647074471950,ukraine-de,True,True,False,False,False,False,False,False,False,False,2022-12-02 22:35:54.194744+00:00,2022-12-02 22:36:01.033008+00:00
1598771652711616520,ukraine-de,True,True,False,False,False,False,False,False,False,False,2022-12-02 22:36:01.032901+00:00,2022-12-02 22:36:01.032901+00:00
1598771664388558848,ukraine-de,True,False,False,False,False,False,False,False,False,False,2022-12-03 01:30:30.063034+00:00,2022-12-03 01:30:30.063034+00:00
1598771667701968897,ukraine-de,True,True,False,False,False,False,False,False,False,False,2022-12-02 22:36:01.032627+00:00,2022-12-02 22:36:01.032627+00:00
1598771705140240385,ukraine-de,True,True,False,False,False,False,False,False,False,False,2022-12-02 22:36:01.032508+00:00,2022-12-02 22:36:01.032508+00:00
1598771714065895425,ukraine-de,True,True,False,False,False,False,False,False,False,False,2022-12-02 22:36:01.032409+00:00,2022-12-02 22:36:01.032409+00:00
1598771717731586048,ukraine-de,True,False,False,False,False,False,False,False,False,False,2022-12-02 22:35:54.195595+00:00,2022-12-02 22:35:54.195595+00:00
1598771721791684608,ukraine-de,True,True,False,False,False,False,False,False,False,False,2022-12-02 22:36:01.032309+00:00,2022-12-02 22:36:01.032309+00:00
1598771754498940930,ukraine-de,True,False,False,False,False,False,False,False,False,False,2022-12-02 22:35:54.192070+00:00,2022-12-02 22:35:54.192070+00:00
1598771769568989186,ukraine-de,True,True,False,False,False,False,False,False,False,False,2022-12-02 22:36:01.032141+00:00,2022-12-02 22:36:01.032141+00:00
1598771795888410624,ukraine-de,True,True,False,False,False,False,False,False,False,False,2022-12-02 22:36:01.032044+00:00,2022-12-02 22:36:01.032044+00:00
1598771891249872896,ukraine-de,True,True,False,False,False,False,False,False,False,False,2022-12-02 22:35:45.789349+00:00,2022-12-02 22:36:01.031947+00:00
1598771905221300233,ukraine-de,True,True,False,False,False,False,False,False,False,False,2022-12-02 22:36:01.031849+00:00,2022-12-02 22:36:01.031849+00:00
1598771908186611712,ukraine-de,True,True,False,False,False,False,False,False,False,False,2022-12-02 22:36:01.031751+00:00,2022-12-02 22:36:01.031751+00:00
1598771956182093841,ukraine-de,True,True,False,False,False,False,False,False,False,False,2022-12-02 22:36:01.031653+00:00,2022-12-02 22:36:01.031653+00:00
1598771986527883286,ukraine-de,True,True,False,False,False,False,False,False,False,False,2022-12-02 22:36:01.031556+00:00,2022-12-02 22:36:01.031556+00:00
1598772111140474880,ukraine-de,True,True,False,False,False,False,False,False,False,False,2022-12-02 22:36:01.031456+00:00,2022-12-02 22:36:01.031456+00:00
1598772135148650496,ukraine-de,True,True,False,False,False,False,False,False,False,False,2022-12-02 22:36:01.031355+00:00,2022-12-02 22:36:01.031355+00:00
1598772156078428169,ukraine-de,True,True,False,False,False,False,False,False,False,False,2022-12-02 22:36:01.031252+00:00,2022-12-02 22:36:01.031252+00:00
1598772182531842052,ukraine-de,True,False,False,False,False,False,False,False,False,False,2022-12-02 22:35:54.195269+00:00,2022-12-02 22:35:54.195269+00:00
1598772195802628097,ukraine-de,True,True,False,False,False,False,False,False,False,False,2022-12-02 22:36:01.031131+00:00,2022-12-02 22:36:01.031131+00:00
1598772199107661824,ukraine-de,True,True,False,False,False,False,False,False,False,False,2022-12-02 22:36:01.030999+00:00,2022-12-02 22:36:01.030999+00:00
1598772199564771329,ukraine-de,True,True,False,False,False,False,False,False,False,False,2022-12-02 22:36:01.030891+00:00,2022-12-02 22:36:01.030891+00:00
1598772216170041346,ukraine-de,True,False,False,False,False,False,False,False,False,False,2022-12-02 22:35:54.193903+00:00,2022-12-02 22:35:54.193903+00:00
1598772257777938433,ukraine-de,True,True,False,False,False,False,False,False,False,False,2022-12-02 22:36:01.030775+00:00,2022-12-02 22:36:01.030775+00:00
1598772283295686657,ukraine-de,True,True,False,False,False,False,False,False,False,False,2022-12-02 22:36:01.030645+00:00,2022-12-02 22:36:01.030645+00:00
1598772286529671183,ukraine-de,True,True,False,False,False,False,False,False,False,False,2022-12-02 22:36:01.030412+00:00,2022-12-02 22:36:01.030412+00:00
1598772318272163845,ukraine-de,True,True,False,False,False,False,False,False,False,False,2022-12-02 22:35:54.167184+00:00,2022-12-02 22:35:54.167184+00:00
1598772344847273992,ukraine-de,True,True,False,False,False,False,False,False,False,False,2022-12-02 22:35:54.167057+00:00,2022-12-02 22:35:54.167057+00:00
1598772372177268736,ukraine-de,True,True,False,False,False,False,False,False,False,False,2022-12-02 22:35:54.166877+00:00,2022-12-02 22:35:54.166877+00:00
1598772379055837184,ukraine-de,True,True,False,False,False,False,False,False,False,False,2022-12-02 22:35:54.166776+00:00,2022-12-02 22:35:54.166776+00:00
1598772418390392832,ukraine-de,True,True,False,False,False,False,False,False,False,False,2022-12-02 22:35:54.166678+00:00,2022-12-02 22:35:54.166678+00:00
1598772477601075203,ukraine-de,True,True,False,False,False,False,False,False,False,False,2022-12-02 22:35:54.166577+00:00,2022-12-02 22:35:54.166577+00:00
1598772483322220549,ukraine-de,True,True,False,False,False,False,False,False,False,False,2022-12-02 22:35:54.166475+00:00,2022-12-02 22:35:54.166475+00:00
1598772497662545926,ukraine-de,True,True,False,False,False,False,False,False,False,False,2022-12-02 22:35:54.166376+00:00,2022-12-02 22:35:54.166376+00:00
1598772546945441792,ukraine-de,True,True,False,False,False,False,False,False,False,False,2022-12-02 22:35:54.166276+00:00,2022-12-02 22:35:54.166276+00:00
1598772566163918858,ukraine-de,True,True,False,False,False,False,False,False,False,False,2022-12-02 22:35:54.166176+00:00,2022-12-02 22:35:54.166176+00:00
1598772569351589898,ukraine-de,True,False,False,False,False,False,False,False,False,False,2022-12-02 22:35:54.191954+00:00,2022-12-02 22:35:54.191954+00:00
1598772571322843137,ukraine-de,True,True,False,False,False,False,False,False,False,False,2022-12-02 22:35:54.166077+00:00,2022-12-02 22:35:54.166077+00:00
1598772637274185728,ukraine-de,True,True,False,False,False,False,False,False,False,False,2022-12-02 22:35:54.165974+00:00,2022-12-02 22:35:54.165974+00:00
1598772678373957632,ukraine-de,True,True,False,False,False,False,False,False,False,False,2022-12-02 22:35:54.165867+00:00,2022-12-02 22:35:54.165867+00:00
1598772682220339200,ukraine-de,True,True,False,False,False,False,False,False,False,False,2022-12-02 22:35:54.165683+00:00,2022-12-02 22:35:54.165683+00:00
1598772748100243466,ukraine-de,True,True,False,False,False,False,False,False,False,False,2022-12-02 22:35:54.165562+00:00,2022-12-02 22:35:54.165562+00:00
1598772778034810882,ukraine-de,True,True,False,False,False,False,False,False,False,False,2022-12-02 22:35:54.165464+00:00,2022-12-02 22:35:54.165464+00:00
1598772810523893760,ukraine-de,True,False,False,False,False,False,False,False,False,False,2022-12-02 22:35:45.784257+00:00,2022-12-02 22:35:45.784257+00:00
1598772811522535424,ukraine-de,True,True,False,False,False,False,False,False,False,False,2022-12-02 22:35:54.165363+00:00,2022-12-02 22:35:54.165363+00:00
1598772816878473217,ukraine-de,True,True,False,False,False,False,False,False,False,False,2022-12-02 22:35:54.165263+00:00,2022-12-02 22:35:54.165263+00:00
1598772863019888640,ukraine-de,True,True,False,False,False,False,False,False,False,False,2022-12-02 22:35:54.165162+00:00,2022-12-02 22:35:54.165162+00:00
1598772876638916608,ukraine-de,True,True,False,False,False,False,False,False,False,False,2022-12-02 22:35:54.165060+00:00,2022-12-02 22:35:54.165060+00:00
1598772887221067777,ukraine-de,True,False,False,False,False,False,False,False,False,False,2022-12-02 22:35:54.192169+00:00,2022-12-02 22:35:54.192169+00:00
1598772888068591617,ukraine-de,True,True,False,False,False,False,False,False,False,False,2022-12-02 22:35:54.164933+00:00,2022-12-02 22:35:54.164933+00:00
1598772911631802368,ukraine-de,True,True,False,False,False,False,False,False,False,False,2022-12-02 22:35:54.164829+00:00,2022-12-02 22:35:54.164829+00:00
1598772934004379657,ukraine-de,True,True,False,False,False,False,False,False,False,False,2022-12-02 22:35:54.164699+00:00,2022-12-02 22:35:54.164699+00:00
1598772965792829442,ukraine-de,True,True,False,False,False,False,False,False,False,False,2022-12-02 22:35:54.164597+00:00,2022-12-02 22:35:54.164597+00:00
1598773055626432513,ukraine-de,True,True,False,False,False,False,False,False,False,False,2022-12-02 22:35:54.164492+00:00,2022-12-02 22:35:54.164492+00:00
1598773101684293632,ukraine-de,True,True,False,False,False,False,False,False,False,False,2022-12-02 22:35:54.164386+00:00,2022-12-02 22:35:54.164386+00:00
1598773111058579457,ukraine-de,True,True,False,False,False,False,False,False,False,False,2022-12-02 22:35:54.164262+00:00,2022-12-02 22:35:54.164262+00:00
1598773112748679170,ukraine-de,True,True,False,False,False,False,False,False,False,False,2022-12-02 22:35:54.163968+00:00,2022-12-02 22:35:54.163968+00:00
1598773119157645313,ukraine-de,True,True,False,False,False,False,False,False,False,False,2022-12-02 22:35:54.163869+00:00,2022-12-02 22:35:54.163869+00:00
1598773148673245186,ukraine-de,True,True,False,False,False,False,False,False,False,False,2022-12-02 22:35:54.163770+00:00,2022-12-02 22:35:54.163770+00:00
1598773201659535361,ukraine-de,True,True,False,False,False,False,False,False,False,False,2022-12-02 22:35:54.163671+00:00,2022-12-02 22:35:54.163671+00:00
1598773213516992517,ukraine-de,True,True,False,False,False,False,False,False,False,False,2022-12-02 22:35:54.163567+00:00,2022-12-02 22:35:54.163567+00:00
1598773232525402113,ukraine-de,True,True,False,False,False,False,False,False,False,False,2022-12-02 22:35:54.163406+00:00,2022-12-02 22:35:54.163406+00:00
1598773233981001733,ukraine-de,True,True,False,False,False,False,False,False,False,False,2022-12-02 22:35:45.767142+00:00,2022-12-02 22:35:54.163305+00:00
1598773265119514629,ukraine-de,True,True,False,False,False,False,False,False,False,False,2022-12-02 22:35:54.163197+00:00,2022-12-02 22:35:54.163197+00:00
1598773267392655360,ukraine-de,True,False,False,False,False,False,False,False,False,False,2022-12-02 22:35:54.175400+00:00,2022-12-02 22:35:54.175400+00:00
1598773280558575616,ukraine-de,True,True,False,False,False,False,False,False,False,False,2022-12-02 22:35:54.163068+00:00,2022-12-02 22:35:54.163068+00:00
1598773281212968960,ukraine-de,True,False,False,False,False,False,False,False,False,False,2022-12-02 22:35:45.787773+00:00,2022-12-02 22:35:45.787773+00:00
1598773289815576578,ukraine-de,True,False,False,False,False,False,False,False,False,False,2022-12-02 22:35:54.189950+00:00,2022-12-02 22:35:54.189950+00:00
1598773319595339776,ukraine-de,True,True,False,False,False,False,False,False,False,False,2022-12-02 22:35:54.162857+00:00,2022-12-02 22:35:54.162857+00:00
1598773342529589280,ukraine-de,True,True,False,False,False,False,False,False,False,False,2022-12-02 22:35:54.162741+00:00,2022-12-02 22:35:54.162741+00:00
1598773389295878144,ukraine-de,True,True,False,False,False,False,False,False,False,False,2022-12-02 22:35:54.160076+00:00,2022-12-02 22:35:54.160076+00:00
1598773412817666056,ukraine-de,True,True,False,False,False,False,False,False,False,False,2022-12-02 22:35:54.159893+00:00,2022-12-02 22:35:54.159893+00:00
1598773415992709120,ukraine-de,True,True,False,False,False,False,False,False,False,False,2022-12-02 22:35:54.159699+00:00,2022-12-02 22:35:54.159699+00:00
1598773465405919234,ukraine-de,True,True,False,False,False,False,False,False,False,False,2022-12-02 22:35:54.159592+00:00,2022-12-02 22:35:54.159592+00:00
1598773480278966275,ukraine-de,True,True,False,False,False,False,False,False,False,False,2022-12-02 22:35:54.159479+00:00,2022-12-02 22:35:54.159479+00:00
1598773528228003840,ukraine-de,True,True,False,False,False,False,False,False,False,False,2022-12-02 22:35:54.159319+00:00,2022-12-02 22:35:54.159319+00:00
1598773529628983296,ukraine-de,True,True,False,False,False,False,False,False,False,False,2022-12-02 22:35:54.158292+00:00,2022-12-02 22:35:54.158292+00:00
1598773556678115328,ukraine-de,True,True,False,False,False,False,False,False,False,False,2022-12-02 22:35:54.158189+00:00,2022-12-02 22:35:54.158189+00:00
1598773570938839041,ukraine-de,True,True,False,False,False,False,False,False,False,False,2022-12-02 22:35:54.158076+00:00,2022-12-02 22:35:54.158076+00:00
1598773665587466245,ukraine-de,True,True,False,False,False,False,False,False,False,False,2022-12-02 22:35:54.157913+00:00,2022-12-02 22:35:54.157913+00:00
1598773691113824258,ukraine-de,True,True,False,False,False,False,False,False,False,False,2022-12-02 22:35:54.157812+00:00,2022-12-02 22:35:54.157812+00:00
1598773696402890752,ukraine-de,True,True,False,False,False,False,False,False,False,False,2022-12-02 22:35:54.157706+00:00,2022-12-02 22:35:54.157706+00:00
1598773697959104547,ukraine-de,True,True,False,False,False,False,False,False,False,False,2022-12-02 22:35:54.157574+00:00,2022-12-02 22:35:54.157574+00:00
1598773738870345730,ukraine-de,True,True,False,False,False,False,False,False,False,False,2022-12-02 22:35:54.157459+00:00,2022-12-02 22:35:54.157459+00:00
1598773755303583744,ukraine-de,True,True,False,False,False,False,False,False,False,False,2022-12-02 22:35:54.157359+00:00,2022-12-02 22:35:54.157359+00:00
1598773786039685120,ukraine-de,True,True,False,False,False,False,False,False,False,False,2022-12-02 22:35:54.157249+00:00,2022-12-02 22:35:54.157249+00:00
1598773791013801985,ukraine-de,True,False,False,False,False,False,False,False,False,False,2022-12-02 22:35:54.173916+00:00,2022-12-02 22:35:54.173916+00:00
1598773802111934464,ukraine-de,True,True,False,False,False,False,False,False,False,False,2022-12-02 22:35:54.157149+00:00,2022-12-02 22:35:54.157149+00:00
1598773832025710592,ukraine-de,True,True,False,False,False,False,False,False,False,False,2022-12-02 22:35:54.157045+00:00,2022-12-02 22:35:54.157045+00:00
1598773881040678913,ukraine-de,True,True,False,False,False,False,False,False,False,False,2022-12-02 22:35:54.156928+00:00,2022-12-02 22:35:54.156928+00:00
1598773881531146241,ukraine-de,True,True,False,False,False,False,False,False,False,False,2022-12-02 22:35:54.156822+00:00,2022-12-02 22:35:54.156822+00:00
1598773945842409474,ukraine-de,True,False,False,False,False,False,False,False,False,False,2022-12-02 22:35:17.197260+00:00,2022-12-02 22:35:17.197260+00:00
1598773953824100353,ukraine-de,True,True,False,False,False,False,False,False,False,False,2022-12-02 22:35:54.156723+00:00,2022-12-02 22:35:54.156723+00:00
1598773961369669632,ukraine-de,True,True,False,False,False,False,False,False,False,False,2022-12-02 22:35:54.156621+00:00,2022-12-02 22:35:54.156621+00:00
1598773963030761472,ukraine-de,True,True,False,False,False,False,False,False,False,False,2022-12-02 22:35:54.156499+00:00,2022-12-02 22:35:54.156499+00:00
1598774004353011736,ukraine-de,True,True,False,False,False,False,False,False,False,False,2022-12-02 22:35:54.156389+00:00,2022-12-02 22:35:54.156389+00:00
1598774035701284866,ukraine-de,True,True,False,False,False,False,False,False,False,False,2022-12-02 22:35:54.156206+00:00,2022-12-02 22:35:54.156206+00:00
1598774089212215297,ukraine-de,True,True,False,False,False,False,False,False,False,False,2022-12-02 22:35:54.156104+00:00,2022-12-02 22:35:54.156104+00:00
1598774090088665089,ukraine-de,True,True,False,False,False,False,False,False,False,False,2022-12-02 22:35:54.155987+00:00,2022-12-02 22:35:54.155987+00:00
1598774158627934208,ukraine-de,True,True,False,False,False,False,False,False,False,False,2022-12-02 22:35:54.155885+00:00,2022-12-02 22:35:54.155885+00:00
1598774175522557953,ukraine-de,True,True,False,False,False,False,False,False,False,False,2022-12-02 22:35:54.155782+00:00,2022-12-02 22:35:54.155782+00:00
1598774181285576704,ukraine-de,True,False,False,False,False,False,False,False,False,False,2022-12-03 08:10:53.450270+00:00,2022-12-03 08:10:53.450270+00:00
1598774192459157511,ukraine-de,True,True,False,False,False,False,False,False,False,False,2022-12-02 22:35:54.155662+00:00,2022-12-02 22:35:54.155662+00:00
1598774194208120832,ukraine-de,True,True,False,False,False,False,False,False,False,False,2022-12-02 22:35:54.155549+00:00,2022-12-02 22:35:54.155549+00:00
1598774221764640768,ukraine-de,True,True,False,False,False,False,False,False,False,False,2022-12-02 22:35:54.155359+00:00,2022-12-02 22:35:54.155359+00:00
1598774281768472581,ukraine-de,True,True,False,False,False,False,False,False,False,False,2022-12-02 22:35:54.155254+00:00,2022-12-02 22:35:54.155254+00:00
1598774305344684032,ukraine-de,True,True,False,False,False,False,False,False,False,False,2022-12-02 22:35:54.155109+00:00,2022-12-02 22:35:54.155109+00:00
1598774305386598407,ukraine-de,True,True,False,False,False,False,False,False,False,False,2022-12-02 22:35:54.154788+00:00,2022-12-02 22:35:54.154788+00:00
1598774312818786304,ukraine-de,True,True,False,False,False,False,False,False,False,False,2022-12-02 22:35:54.154684+00:00,2022-12-02 22:35:54.154684+00:00
1598774330237849605,ukraine-de,True,False,False,False,False,False,False,False,False,False,2022-12-02 22:35:54.187942+00:00,2022-12-02 22:35:54.187942+00:00
1598774365251727361,ukraine-de,True,True,False,False,False,False,False,False,False,False,2022-12-02 22:35:54.154550+00:00,2022-12-02 22:35:54.154550+00:00
1598774365755215878,ukraine-de,True,True,False,False,False,False,False,False,False,False,2022-12-02 22:35:54.154452+00:00,2022-12-02 22:35:54.154452+00:00
1598774380292583424,ukraine-de,True,True,False,False,False,False,False,False,False,False,2022-12-02 22:35:54.154352+00:00,2022-12-02 22:35:54.154352+00:00
1598774404867100674,ukraine-de,True,True,False,False,False,False,False,False,False,False,2022-12-02 22:35:54.154252+00:00,2022-12-02 22:35:54.154252+00:00
1598774410294530055,ukraine-de,True,True,False,False,False,False,False,False,False,False,2022-12-02 22:35:54.154147+00:00,2022-12-02 22:35:54.154147+00:00
1598774438664830976,ukraine-de,True,True,False,False,False,False,False,False,False,False,2022-12-02 22:35:54.153975+00:00,2022-12-02 22:35:54.153975+00:00
1598774490640502784,ukraine-de,True,True,False,False,False,False,False,False,False,False,2022-12-02 22:35:54.153876+00:00,2022-12-02 22:35:54.153876+00:00
1598774494109192192,ukraine-de,True,True,False,False,False,False,False,False,False,False,2022-12-02 22:35:54.153777+00:00,2022-12-02 22:35:54.153777+00:00
1598774550329556992,ukraine-de,True,True,False,False,False,False,False,False,False,False,2022-12-02 22:35:54.153678+00:00,2022-12-02 22:35:54.153678+00:00
1598774594931859456,ukraine-de,True,True,False,False,False,False,False,False,False,False,2022-12-02 22:35:54.153560+00:00,2022-12-02 22:35:54.153560+00:00
1598774610895556608,ukraine-de,True,True,False,False,False,False,False,False,False,False,2022-12-02 22:35:54.153458+00:00,2022-12-02 22:35:54.153458+00:00
1598774627513163776,ukraine-de,True,True,False,False,False,False,False,False,False,False,2022-12-02 22:35:54.153347+00:00,2022-12-02 22:35:54.153347+00:00
1598774640750362624,ukraine-de,True,True,False,False,False,False,False,False,False,False,2022-12-02 22:35:54.153249+00:00,2022-12-02 22:35:54.153249+00:00
1598774646861664266,ukraine-de,True,True,False,False,False,False,False,False,False,False,2022-12-02 22:35:54.153150+00:00,2022-12-02 22:35:54.153150+00:00
1598774675559002113,ukraine-de,True,True,False,False,False,False,False,False,False,False,2022-12-02 22:35:54.153048+00:00,2022-12-02 22:35:54.153048+00:00
1598774696001998848,ukraine-de,True,True,False,False,False,False,False,False,False,False,2022-12-02 22:35:54.152933+00:00,2022-12-02 22:35:54.152933+00:00
1598774709339897856,ukraine-de,True,True,False,False,False,False,False,False,False,False,2022-12-02 22:35:54.152833+00:00,2022-12-02 22:35:54.152833+00:00
1598774747940196357,ukraine-de,True,True,False,False,False,False,False,False,False,False,2022-12-02 22:35:54.152729+00:00,2022-12-02 22:35:54.152729+00:00
1598774770707083264,ukraine-de,True,True,False,False,False,False,False,False,False,False,2022-12-02 22:35:54.152630+00:00,2022-12-02 22:35:54.152630+00:00
1598774774850850828,ukraine-de,True,True,False,False,False,False,False,False,False,False,2022-12-02 22:35:54.152532+00:00,2022-12-02 22:35:54.152532+00:00
1598774775295320064,ukraine-de,True,True,False,False,False,False,False,False,False,False,2022-12-02 22:35:54.152431+00:00,2022-12-02 22:35:54.152431+00:00
1598774788113240084,ukraine-de,True,True,False,False,False,False,False,False,False,False,2022-12-02 22:35:54.152333+00:00,2022-12-02 22:35:54.152333+00:00
1598774793532280853,ukraine-de,True,True,False,False,False,False,False,False,False,False,2022-12-02 22:35:54.152234+00:00,2022-12-02 22:35:54.152234+00:00
1598774886767464461,ukraine-de,True,True,False,False,False,False,False,False,False,False,2022-12-02 22:35:54.152133+00:00,2022-12-02 22:35:54.152133+00:00
1598774916383477761,ukraine-de,True,True,False,False,False,False,False,False,False,False,2022-12-02 22:35:54.152031+00:00,2022-12-02 22:35:54.152031+00:00
1598774917100494855,ukraine-de,True,True,False,False,False,False,False,False,False,False,2022-12-02 22:35:54.151921+00:00,2022-12-02 22:35:54.151921+00:00
1598774935161344007,ukraine-de,True,True,False,False,False,False,False,False,False,False,2022-12-02 22:35:54.151633+00:00,2022-12-02 22:35:54.151633+00:00
1598774967289712645,ukraine-de,True,True,False,False,False,False,False,False,False,False,2022-12-02 22:35:54.151534+00:00,2022-12-02 22:35:54.151534+00:00
1598774973589377024,ukraine-de,True,True,False,False,False,False,False,False,False,False,2022-12-02 22:35:54.151419+00:00,2022-12-02 22:35:54.151419+00:00
1598774979209924611,ukraine-de,True,True,False,False,False,False,False,False,False,False,2022-12-02 22:35:54.151321+00:00,2022-12-02 22:35:54.151321+00:00
1598774981999136780,ukraine-de,True,True,False,False,False,False,False,False,False,False,2022-12-02 22:35:54.151223+00:00,2022-12-02 22:35:54.151223+00:00
1598775022541119488,ukraine-de,True,True,False,False,False,False,False,False,False,False,2022-12-02 22:35:54.151123+00:00,2022-12-02 22:35:54.151123+00:00
1598775047312707584,ukraine-de,True,True,False,False,False,False,False,False,False,False,2022-12-02 22:35:54.151022+00:00,2022-12-02 22:35:54.151022+00:00
1598775071308390400,ukraine-de,True,True,False,False,False,False,False,False,False,False,2022-12-02 22:35:54.150921+00:00,2022-12-02 22:35:54.150921+00:00
1598775074248458241,ukraine-de,True,True,False,False,False,False,False,False,False,False,2022-12-02 22:35:54.150804+00:00,2022-12-02 22:35:54.150804+00:00
1598775122013392906,ukraine-de,True,True,False,False,False,False,False,False,False,False,2022-12-02 22:35:54.150704+00:00,2022-12-02 22:35:54.150704+00:00
1598775125394001930,ukraine-de,True,True,False,False,False,False,False,False,False,False,2022-12-02 22:35:54.150604+00:00,2022-12-02 22:35:54.150604+00:00
1598775132956262400,ukraine-de,True,True,False,False,False,False,False,False,False,False,2022-12-02 22:35:54.150499+00:00,2022-12-02 22:35:54.150499+00:00
1598775164509990913,ukraine-de,True,True,False,False,False,False,False,False,False,False,2022-12-02 22:35:54.150395+00:00,2022-12-02 22:35:54.150395+00:00
1598775176610578433,ukraine-de,True,True,False,False,False,False,False,False,False,False,2022-12-02 22:35:54.150273+00:00,2022-12-02 22:35:54.150273+00:00
1598775186458701824,ukraine-de,True,True,False,False,False,False,False,False,False,False,2022-12-02 22:35:54.150169+00:00,2022-12-02 22:35:54.150169+00:00
1598775192813154304,ukraine-de,True,True,False,False,False,False,False,False,False,False,2022-12-02 22:35:54.150009+00:00,2022-12-02 22:35:54.150009+00:00
1598775225738530819,ukraine-de,True,True,False,False,False,False,False,False,False,False,2022-12-02 22:35:54.149729+00:00,2022-12-02 22:35:54.149729+00:00
1598775247930621952,ukraine-de,True,True,False,False,False,False,False,False,False,False,2022-12-02 22:35:54.149628+00:00,2022-12-02 22:35:54.149628+00:00
1598775338594705408,ukraine-de,True,True,False,False,False,False,False,False,False,False,2022-12-02 22:35:54.149511+00:00,2022-12-02 22:35:54.149511+00:00
1598775361977782272,ukraine-de,True,True,False,False,False,False,False,False,False,False,2022-12-02 22:35:54.149413+00:00,2022-12-02 22:35:54.149413+00:00
1598775411949056001,ukraine-de,True,True,False,False,False,False,False,False,False,False,2022-12-02 22:35:54.149311+00:00,2022-12-02 22:35:54.149311+00:00
1598775437387341824,ukraine-de,True,True,False,False,False,False,False,False,False,False,2022-12-02 22:35:54.149190+00:00,2022-12-02 22:35:54.149190+00:00
1598775479334449152,ukraine-de,True,True,False,False,False,False,False,False,False,False,2022-12-02 22:35:54.149085+00:00,2022-12-02 22:35:54.149085+00:00
1598775504898703360,ukraine-de,True,True,False,False,False,False,False,False,False,False,2022-12-02 22:35:54.148958+00:00,2022-12-02 22:35:54.148958+00:00
1598775510540197888,ukraine-de,True,True,False,False,False,False,False,False,False,False,2022-12-02 22:35:54.148837+00:00,2022-12-02 22:35:54.148837+00:00
1598775518207188992,ukraine-de,True,True,False,False,False,False,False,False,False,False,2022-12-02 22:35:54.148736+00:00,2022-12-02 22:35:54.148736+00:00
1598775537350082560,ukraine-de,True,False,False,False,False,False,False,False,False,False,2022-12-03 11:05:57.675818+00:00,2022-12-03 11:05:57.675818+00:00
1598775587719430144,ukraine-de,True,True,False,False,False,False,False,False,False,False,2022-12-02 22:35:54.148633+00:00,2022-12-02 22:35:54.148633+00:00
1598775588696821762,ukraine-de,True,True,False,False,False,False,False,False,False,False,2022-12-02 22:35:54.148516+00:00,2022-12-02 22:35:54.148516+00:00
1598775592781942784,ukraine-de,True,True,False,False,False,False,False,False,False,False,2022-12-02 22:35:54.148416+00:00,2022-12-02 22:35:54.148416+00:00
1598775597253246976,ukraine-de,True,True,False,False,False,False,False,False,False,False,2022-12-02 22:35:54.148314+00:00,2022-12-02 22:35:54.148314+00:00
1598775666781978624,ukraine-de,True,True,False,False,False,False,False,False,False,False,2022-12-02 22:35:54.148217+00:00,2022-12-02 22:35:54.148217+00:00
1598775668229214216,ukraine-de,True,True,False,False,False,False,False,False,False,False,2022-12-02 22:35:54.148118+00:00,2022-12-02 22:35:54.148118+00:00
1598775680069734407,ukraine-de,True,True,False,False,False,False,False,False,False,False,2022-12-02 22:35:54.148015+00:00,2022-12-02 22:35:54.148015+00:00
1598775701511016455,ukraine-de,True,True,False,False,False,False,False,False,False,False,2022-12-02 22:35:45.763282+00:00,2022-12-02 22:35:54.147916+00:00
1598775703616557071,ukraine-de,True,False,False,False,False,False,False,False,False,False,2022-12-02 22:35:54.189081+00:00,2022-12-02 22:35:54.189081+00:00
1598775767051079681,ukraine-de,True,True,False,False,False,False,False,False,False,False,2022-12-02 22:35:54.147808+00:00,2022-12-02 22:35:54.147808+00:00
1598775774378659862,ukraine-de,True,True,False,False,False,False,False,False,False,False,2022-12-02 22:35:54.147710+00:00,2022-12-02 22:35:54.147710+00:00
1598775782716936192,ukraine-de,True,True,False,False,False,False,False,False,False,False,2022-12-02 22:35:54.147612+00:00,2022-12-02 22:35:54.147612+00:00
1598775835145781248,ukraine-de,True,True,False,False,False,False,False,False,False,False,2022-12-02 22:35:54.147512+00:00,2022-12-02 22:35:54.147512+00:00
1598775844817625088,ukraine-de,True,True,False,False,False,False,False,False,False,False,2022-12-02 22:35:54.147411+00:00,2022-12-02 22:35:54.147411+00:00
1598775849389592581,ukraine-de,True,True,False,False,False,False,False,False,False,False,2022-12-02 22:35:54.147312+00:00,2022-12-02 22:35:54.147312+00:00
1598775881014468608,ukraine-de,True,True,False,False,False,False,False,False,False,False,2022-12-02 22:35:54.147201+00:00,2022-12-02 22:35:54.147201+00:00
1598775881798979586,ukraine-de,True,True,False,False,False,False,False,False,False,False,2022-12-02 22:35:54.147101+00:00,2022-12-02 22:35:54.147101+00:00
1598775925386072065,ukraine-de,True,True,False,False,False,False,False,False,False,False,2022-12-02 22:35:54.147000+00:00,2022-12-02 22:35:54.147000+00:00
1598775968163766272,ukraine-de,True,True,False,False,False,False,False,False,False,False,2022-12-02 22:35:17.187185+00:00,2022-12-02 22:35:54.146882+00:00
1598775971557031937,ukraine-de,True,False,False,False,False,False,False,False,False,False,2022-12-02 22:35:54.183507+00:00,2022-12-02 22:35:54.183507+00:00
1598775979379343360,ukraine-de,True,True,False,False,False,False,False,False,False,False,2022-12-02 22:35:54.146763+00:00,2022-12-02 22:35:54.146763+00:00
1598775980482564098,ukraine-de,True,True,False,False,False,False,False,False,False,False,2022-12-02 22:35:54.146657+00:00,2022-12-02 22:35:54.146657+00:00
1598776015387443200,ukraine-de,True,False,False,False,False,False,False,False,False,False,2022-12-02 22:35:17.193048+00:00,2022-12-02 22:35:17.193048+00:00
1598776015924465664,ukraine-de,True,True,False,False,False,False,False,False,False,False,2022-12-02 22:35:54.146551+00:00,2022-12-02 22:35:54.146551+00:00
1598776022094303233,ukraine-de,True,True,False,False,False,False,False,False,False,False,2022-12-02 22:35:54.146418+00:00,2022-12-02 22:35:54.146418+00:00
1598776022111227904,ukraine-de,True,True,False,False,False,False,False,False,False,False,2022-12-02 22:35:54.146184+00:00,2022-12-02 22:35:54.146184+00:00
1598776029333852160,ukraine-de,True,True,False,False,False,False,False,False,False,False,2022-12-02 22:35:54.145968+00:00,2022-12-02 22:35:54.145968+00:00
1598776033058037760,ukraine-de,True,True,False,False,False,False,False,False,False,False,2022-12-02 22:35:54.145744+00:00,2022-12-02 22:35:54.145744+00:00
1598776059234754560,ukraine-de,True,True,False,False,False,False,False,False,False,False,2022-12-02 22:35:54.145641+00:00,2022-12-02 22:35:54.145641+00:00
1598776067715629056,ukraine-de,True,True,False,False,False,False,False,False,False,False,2022-12-02 22:35:54.145513+00:00,2022-12-02 22:35:54.145513+00:00
1598776087294529536,ukraine-de,True,False,False,False,False,False,False,False,False,False,2022-12-02 22:35:17.210289+00:00,2022-12-02 22:35:17.210289+00:00
1598776092591939584,ukraine-de,True,True,False,False,False,False,False,False,False,False,2022-12-02 22:35:54.145413+00:00,2022-12-02 22:35:54.145413+00:00
1598776100456316928,ukraine-de,True,True,False,False,False,False,False,False,False,False,2022-12-02 22:35:54.145312+00:00,2022-12-02 22:35:54.145312+00:00
1598776109918785545,ukraine-de,True,False,False,False,False,False,False,False,False,False,2022-12-02 22:35:54.173382+00:00,2022-12-02 22:35:54.173382+00:00
1598776116612939778,ukraine-de,True,True,False,False,False,False,False,False,False,False,2022-12-02 22:35:54.145210+00:00,2022-12-02 22:35:54.145210+00:00
1598776135419981825,ukraine-de,True,True,False,False,False,False,False,False,False,False,2022-12-02 22:35:54.145105+00:00,2022-12-02 22:35:54.145105+00:00
1598776170027356166,ukraine-de,True,True,False,False,False,False,False,False,False,False,2022-12-02 22:35:54.144938+00:00,2022-12-02 22:35:54.144938+00:00
1598776224154669056,ukraine-de,True,False,False,False,False,False,False,False,False,False,2022-12-02 22:35:45.781654+00:00,2022-12-02 22:35:45.781654+00:00
1598776229670297601,ukraine-de,True,True,False,False,False,False,False,False,False,False,2022-12-02 22:35:54.144809+00:00,2022-12-02 22:35:54.144809+00:00
1598776247340961796,ukraine-de,True,True,False,False,False,False,False,False,False,False,2022-12-02 22:35:54.144615+00:00,2022-12-02 22:35:54.144615+00:00
1598776249999990784,ukraine-de,True,False,False,False,False,False,False,False,False,False,2022-12-02 22:35:54.186891+00:00,2022-12-02 22:35:54.186891+00:00
1598776252503949312,ukraine-de,True,True,False,False,False,False,False,False,False,False,2022-12-02 22:35:54.144516+00:00,2022-12-02 22:35:54.144516+00:00
1598776290814922758,ukraine-de,True,True,False,False,False,False,False,False,False,False,2022-12-02 22:35:54.144417+00:00,2022-12-02 22:35:54.144417+00:00
1598776300986109974,ukraine-de,True,True,False,False,False,False,False,False,False,False,2022-12-02 22:35:54.144317+00:00,2022-12-02 22:35:54.144317+00:00
1598776316375040001,ukraine-de,True,True,False,False,False,False,False,False,False,False,2022-12-02 22:35:54.144201+00:00,2022-12-02 22:35:54.144201+00:00
1598776318166007810,ukraine-de,True,True,False,False,False,False,False,False,False,False,2022-12-02 22:35:54.144103+00:00,2022-12-02 22:35:54.144103+00:00
1598776348767834112,ukraine-de,True,True,False,False,False,False,False,False,False,False,2022-12-02 22:35:54.144006+00:00,2022-12-02 22:35:54.144006+00:00
1598776352911540224,ukraine-de,True,True,False,False,False,False,False,False,False,False,2022-12-02 22:35:54.143906+00:00,2022-12-02 22:35:54.143906+00:00
1598776395559104513,ukraine-de,True,True,False,False,False,False,False,False,False,False,2022-12-02 22:35:54.143805+00:00,2022-12-02 22:35:54.143805+00:00
1598776442078212096,ukraine-de,True,True,False,False,False,False,False,False,False,False,2022-12-02 22:35:54.143701+00:00,2022-12-02 22:35:54.143701+00:00
1598776442929692673,ukraine-de,True,True,False,False,False,False,False,False,False,False,2022-12-02 22:35:54.143597+00:00,2022-12-02 22:35:54.143597+00:00
1598776451343568896,ukraine-de,True,False,False,False,False,False,False,False,False,False,2022-12-02 22:35:54.184782+00:00,2022-12-02 22:35:54.184782+00:00
1598776462533922820,ukraine-de,True,True,False,False,False,False,False,False,False,False,2022-12-02 22:35:54.143479+00:00,2022-12-02 22:35:54.143479+00:00
1598776469924286469,ukraine-de,True,True,False,False,False,False,False,False,False,False,2022-12-02 22:35:54.143376+00:00,2022-12-02 22:35:54.143376+00:00
1598776477125906446,ukraine-de,True,False,False,False,False,False,False,False,False,False,2022-12-03 01:30:30.091281+00:00,2022-12-03 01:30:30.091281+00:00
1598776479369908227,ukraine-de,True,True,False,False,False,False,False,False,False,False,2022-12-02 22:35:54.143154+00:00,2022-12-02 22:35:54.143154+00:00
1598776502832795657,ukraine-de,True,False,False,False,False,False,False,False,False,False,2022-12-02 22:35:54.187244+00:00,2022-12-02 22:35:54.187244+00:00
1598776536815046663,ukraine-de,True,True,False,False,False,False,False,False,False,False,2022-12-02 22:35:17.195446+00:00,2022-12-02 22:35:54.143051+00:00
1598776545270763533,ukraine-de,True,True,False,False,False,False,False,False,False,False,2022-12-02 22:35:54.142918+00:00,2022-12-02 22:35:54.142918+00:00
1598776590078513163,ukraine-de,True,False,False,False,False,False,False,False,False,False,2022-12-02 22:35:54.186365+00:00,2022-12-02 22:35:54.186365+00:00
1598776592960049155,ukraine-de,True,True,False,False,False,False,False,False,False,False,2022-12-02 22:35:54.142798+00:00,2022-12-02 22:35:54.142798+00:00
1598776648316424205,ukraine-de,True,True,False,False,False,False,False,False,False,False,2022-12-02 22:35:54.142684+00:00,2022-12-02 22:35:54.142684+00:00
1598776659695411201,ukraine-de,True,True,False,False,False,False,False,False,False,False,2022-12-02 22:35:54.142421+00:00,2022-12-02 22:35:54.142421+00:00
1598776681145061376,ukraine-de,True,True,False,False,False,False,False,False,False,False,2022-12-02 22:35:54.142315+00:00,2022-12-02 22:35:54.142315+00:00
1598776690016194563,ukraine-de,True,True,False,False,False,False,False,False,False,False,2022-12-02 22:35:54.142214+00:00,2022-12-02 22:35:54.142214+00:00
1598776721867767809,ukraine-de,True,True,False,False,False,False,False,False,False,False,2022-12-02 22:35:54.142026+00:00,2022-12-02 22:35:54.142026+00:00
1598776735897505792,ukraine-de,True,True,False,False,False,False,False,False,False,False,2022-12-02 22:35:54.141926+00:00,2022-12-02 22:35:54.141926+00:00
1598776738590253056,ukraine-de,True,True,False,False,False,False,False,False,False,False,2022-12-02 22:35:54.141818+00:00,2022-12-02 22:35:54.141818+00:00
1598776762074337291,ukraine-de,True,True,False,False,False,False,False,False,False,False,2022-12-02 22:35:54.141718+00:00,2022-12-02 22:35:54.141718+00:00
1598776783876284417,ukraine-de,True,True,False,False,False,False,False,False,False,False,2022-12-02 22:35:54.141614+00:00,2022-12-02 22:35:54.141614+00:00
1598776796148862978,ukraine-de,True,True,False,False,False,False,False,False,False,False,2022-12-02 22:35:54.141488+00:00,2022-12-02 22:35:54.141488+00:00
1598776821201440782,ukraine-de,True,True,False,False,False,False,False,False,False,False,2022-12-02 22:35:54.141386+00:00,2022-12-02 22:35:54.141386+00:00
1598776825278242816,ukraine-de,True,True,False,False,False,False,False,False,False,False,2022-12-02 22:35:54.141286+00:00,2022-12-02 22:35:54.141286+00:00
1598776835134918672,ukraine-de,True,True,False,False,False,False,False,False,False,False,2022-12-02 22:35:54.141185+00:00,2022-12-02 22:35:54.141185+00:00
1598776900100448257,ukraine-de,True,True,False,False,False,False,False,False,False,False,2022-12-02 22:35:54.141072+00:00,2022-12-02 22:35:54.141072+00:00
1598776908371599361,ukraine-de,True,True,False,False,False,False,False,False,False,False,2022-12-02 22:35:54.140961+00:00,2022-12-02 22:35:54.140961+00:00
1598776914096922626,ukraine-de,True,False,False,False,False,False,False,False,False,False,2022-12-03 04:25:14.048808+00:00,2022-12-03 04:25:14.048808+00:00
1598776971747414016,ukraine-de,True,True,False,False,False,False,False,False,False,False,2022-12-02 22:35:54.140859+00:00,2022-12-02 22:35:54.140859+00:00
1598776989841661954,ukraine-de,True,True,False,False,False,False,False,False,False,False,2022-12-02 22:35:54.140761+00:00,2022-12-02 22:35:54.140761+00:00
1598776998469505024,ukraine-de,True,True,False,False,False,False,False,False,False,False,2022-12-02 22:35:54.140654+00:00,2022-12-02 22:35:54.140654+00:00
1598777014843908096,ukraine-de,True,False,False,False,False,False,False,False,False,False,2022-12-02 22:35:54.186680+00:00,2022-12-02 22:35:54.186680+00:00
1598777030098751507,ukraine-de,True,True,False,False,False,False,False,False,False,False,2022-12-02 22:35:54.140556+00:00,2022-12-02 22:35:54.140556+00:00
1598777030811783187,ukraine-de,True,True,False,False,False,False,False,False,False,False,2022-12-02 22:35:54.140457+00:00,2022-12-02 22:35:54.140457+00:00
1598777059760689152,ukraine-de,True,True,False,False,False,False,False,False,False,False,2022-12-02 22:35:54.140358+00:00,2022-12-02 22:35:54.140358+00:00
1598777167571480576,ukraine-de,True,True,False,False,False,False,False,False,False,False,2022-12-02 22:35:17.181192+00:00,2022-12-02 22:35:54.140258+00:00
1598777216107618304,ukraine-de,True,False,False,False,False,False,False,False,False,False,2022-12-03 11:05:50.203943+00:00,2022-12-03 11:05:50.203943+00:00
1598777216413728768,ukraine-de,True,True,False,False,False,False,False,False,False,False,2022-12-02 22:35:54.140144+00:00,2022-12-02 22:35:54.140144+00:00
1598777236219432988,ukraine-de,True,True,False,False,False,False,False,False,False,False,2022-12-02 22:35:54.140031+00:00,2022-12-02 22:35:54.140031+00:00
1598777238417440768,ukraine-de,True,True,False,False,False,False,False,False,False,False,2022-12-02 22:35:54.139936+00:00,2022-12-02 22:35:54.139936+00:00
1598777274311974913,ukraine-de,True,True,False,False,False,False,False,False,False,False,2022-12-02 22:35:54.139839+00:00,2022-12-02 22:35:54.139839+00:00
1598777283665338368,ukraine-de,True,False,False,False,False,False,False,False,False,False,2022-12-02 22:35:17.179619+00:00,2022-12-02 22:35:17.179619+00:00
1598777292745977858,ukraine-de,True,False,False,False,False,False,False,False,False,False,2022-12-02 22:35:54.176380+00:00,2022-12-02 22:35:54.176380+00:00
1598777306641735683,ukraine-de,True,True,False,False,False,False,False,False,False,False,2022-12-02 22:35:17.207521+00:00,2022-12-02 22:35:54.139742+00:00
1598777334009630738,ukraine-de,True,False,False,False,False,False,False,False,False,False,2022-12-02 22:35:54.179099+00:00,2022-12-02 22:35:54.179099+00:00
1598777347007709185,ukraine-de,True,True,False,False,False,False,False,False,False,False,2022-12-02 22:35:54.139636+00:00,2022-12-02 22:35:54.139636+00:00
1598777348391837697,ukraine-de,True,True,False,False,False,False,False,False,False,False,2022-12-02 22:35:54.139539+00:00,2022-12-02 22:35:54.139539+00:00
1598777364866953216,ukraine-de,True,True,False,False,False,False,False,False,False,False,2022-12-02 22:35:54.139441+00:00,2022-12-02 22:35:54.139441+00:00
1598777371917680641,ukraine-de,True,True,False,False,False,False,False,False,False,False,2022-12-02 22:35:54.139292+00:00,2022-12-02 22:35:54.139292+00:00
1598777377965936644,ukraine-de,True,True,False,False,False,False,False,False,False,False,2022-12-02 22:35:54.139190+00:00,2022-12-02 22:35:54.139190+00:00
1598777413122592784,ukraine-de,True,False,False,False,False,False,False,False,False,False,2022-12-02 22:35:54.184118+00:00,2022-12-02 22:35:54.184118+00:00
1598777443648737281,ukraine-de,True,True,False,False,False,False,False,False,False,False,2022-12-02 22:35:54.139082+00:00,2022-12-02 22:35:54.139082+00:00
1598777473063391253,ukraine-de,True,True,False,False,False,False,False,False,False,False,2022-12-02 22:35:54.138923+00:00,2022-12-02 22:35:54.138923+00:00
1598777494319951873,ukraine-de,True,True,False,False,False,False,False,False,False,False,2022-12-02 22:35:54.138822+00:00,2022-12-02 22:35:54.138822+00:00
1598777498870767616,ukraine-de,True,True,False,False,False,False,False,False,False,False,2022-12-02 22:35:54.138707+00:00,2022-12-02 22:35:54.138707+00:00
1598777499919519763,ukraine-de,True,False,False,False,False,False,False,False,False,False,2022-12-03 04:25:14.041922+00:00,2022-12-03 04:25:14.041922+00:00
1598777512997179393,ukraine-de,True,True,False,False,False,False,False,False,False,False,2022-12-02 22:35:54.138608+00:00,2022-12-02 22:35:54.138608+00:00
1598777520693747713,ukraine-de,True,True,False,False,False,False,False,False,False,False,2022-12-02 22:35:54.138509+00:00,2022-12-02 22:35:54.138509+00:00
1598777555015897125,ukraine-de,True,True,False,False,False,False,False,False,False,False,2022-12-02 22:35:54.138391+00:00,2022-12-02 22:35:54.138391+00:00
1598777563324813330,ukraine-de,True,False,False,False,False,False,False,False,False,False,2022-12-03 08:10:53.458269+00:00,2022-12-03 08:10:53.458269+00:00
1598777577602134017,ukraine-de,True,True,False,False,False,False,False,False,False,False,2022-12-02 22:35:54.138287+00:00,2022-12-02 22:35:54.138287+00:00
1598777590671675423,ukraine-de,True,True,False,False,False,False,False,False,False,False,2022-12-02 22:35:54.138164+00:00,2022-12-02 22:35:54.138164+00:00
1598777596346454016,ukraine-de,True,False,False,False,False,False,False,False,False,False,2022-12-02 22:35:54.185021+00:00,2022-12-02 22:35:54.185021+00:00
1598777651111469056,ukraine-de,True,True,False,False,False,False,False,False,False,False,2022-12-02 22:35:54.137940+00:00,2022-12-02 22:35:54.137940+00:00
1598777677149708288,ukraine-de,True,True,False,False,False,False,False,False,False,False,2022-12-02 22:35:54.137840+00:00,2022-12-02 22:35:54.137840+00:00
1598777699849338880,ukraine-de,True,True,False,False,False,False,False,False,False,False,2022-12-02 22:35:54.137742+00:00,2022-12-02 22:35:54.137742+00:00
1598777739175235584,ukraine-de,True,True,False,False,False,False,False,False,False,False,2022-12-02 22:35:54.137639+00:00,2022-12-02 22:35:54.137639+00:00
1598777741301714953,ukraine-de,True,True,False,False,False,False,False,False,False,False,2022-12-02 22:35:54.137518+00:00,2022-12-02 22:35:54.137518+00:00
1598777773295747072,ukraine-de,True,True,False,False,False,False,False,False,False,False,2022-12-02 22:35:54.137389+00:00,2022-12-02 22:35:54.137389+00:00
1598777788173062176,ukraine-de,True,True,False,False,False,False,False,False,False,False,2022-12-02 22:35:17.197364+00:00,2022-12-02 22:35:54.137290+00:00
1598777795152412675,ukraine-de,True,True,False,False,False,False,False,False,False,False,2022-12-02 22:35:54.137178+00:00,2022-12-02 22:35:54.137178+00:00
1598777805180964876,ukraine-de,True,True,False,False,False,False,False,False,False,False,2022-12-02 22:35:54.137075+00:00,2022-12-02 22:35:54.137075+00:00
1598777830732492801,ukraine-de,True,True,False,False,False,False,False,False,False,False,2022-12-02 22:35:54.136957+00:00,2022-12-02 22:35:54.136957+00:00
1598777835719720960,ukraine-de,True,True,False,False,False,False,False,False,False,False,2022-12-02 22:35:54.136846+00:00,2022-12-02 22:35:54.136846+00:00
1598777841272750081,ukraine-de,True,True,False,False,False,False,False,False,False,False,2022-12-02 22:35:54.136548+00:00,2022-12-02 22:35:54.136548+00:00
1598777878438871040,ukraine-de,True,True,False,False,False,False,False,False,False,False,2022-12-02 22:35:54.136450+00:00,2022-12-02 22:35:54.136450+00:00
1598777924726972416,ukraine-de,True,True,False,False,False,False,False,False,False,False,2022-12-02 22:35:54.136351+00:00,2022-12-02 22:35:54.136351+00:00
1598777954753863681,ukraine-de,True,True,False,False,False,False,False,False,False,False,2022-12-02 22:35:54.136253+00:00,2022-12-02 22:35:54.136253+00:00
1598777960579928068,ukraine-de,True,False,False,False,False,False,False,False,False,False,2022-12-03 11:05:26.624579+00:00,2022-12-03 11:05:26.624579+00:00
1598777981090074637,ukraine-de,True,True,False,False,False,False,False,False,False,False,2022-12-02 22:35:54.136153+00:00,2022-12-02 22:35:54.136153+00:00
1598777985045303302,ukraine-de,True,True,False,False,False,False,False,False,False,False,2022-12-02 22:35:54.136054+00:00,2022-12-02 22:35:54.136054+00:00
1598778010181677057,ukraine-de,True,True,False,False,False,False,False,False,False,False,2022-12-02 22:35:54.135954+00:00,2022-12-02 22:35:54.135954+00:00
1598778017941069824,ukraine-de,True,True,False,False,False,False,False,False,False,False,2022-12-02 22:35:54.135855+00:00,2022-12-02 22:35:54.135855+00:00
1598778039156240384,ukraine-de,True,True,False,False,False,False,False,False,False,False,2022-12-02 22:35:54.135757+00:00,2022-12-02 22:35:54.135757+00:00
1598778062581207051,ukraine-de,True,False,False,False,False,False,False,False,False,False,2022-12-02 22:35:54.182686+00:00,2022-12-02 22:35:54.182686+00:00
1598778066259611648,ukraine-de,True,True,False,False,False,False,False,False,False,False,2022-12-02 22:35:54.135657+00:00,2022-12-02 22:35:54.135657+00:00
1598778073956114432,ukraine-de,True,True,False,False,False,False,False,False,False,False,2022-12-02 22:35:54.135545+00:00,2022-12-02 22:35:54.135545+00:00
1598778169317855255,ukraine-de,True,True,False,False,False,False,False,False,False,False,2022-12-02 22:35:54.135448+00:00,2022-12-02 22:35:54.135448+00:00
1598778201978847233,ukraine-de,True,True,False,False,False,False,False,False,False,False,2022-12-02 22:35:54.135348+00:00,2022-12-02 22:35:54.135348+00:00
1598778205791522824,ukraine-de,True,True,False,False,False,False,False,False,False,False,2022-12-02 22:35:54.135247+00:00,2022-12-02 22:35:54.135247+00:00
1598778213123039233,ukraine-de,True,True,False,False,False,False,False,False,False,False,2022-12-02 22:35:54.135141+00:00,2022-12-02 22:35:54.135141+00:00
1598778217329983489,ukraine-de,True,True,False,False,False,False,False,False,False,False,2022-12-02 22:35:17.180735+00:00,2022-12-02 22:35:54.135038+00:00
1598778226809180174,ukraine-de,True,True,False,False,False,False,False,False,False,False,2022-12-02 22:35:54.134893+00:00,2022-12-02 22:35:54.134893+00:00
1598778232651714561,ukraine-de,True,True,False,False,False,False,False,False,False,False,2022-12-02 22:35:54.134786+00:00,2022-12-02 22:35:54.134786+00:00
1598778251417100288,ukraine-de,True,True,False,False,False,False,False,False,False,False,2022-12-02 22:35:54.134653+00:00,2022-12-02 22:35:54.134653+00:00
1598778255779057664,ukraine-de,True,True,False,False,False,False,False,False,False,False,2022-12-02 22:35:54.134410+00:00,2022-12-02 22:35:54.134410+00:00
1598778283532820480,ukraine-de,True,True,False,False,False,False,False,False,False,False,2022-12-02 22:35:54.134312+00:00,2022-12-02 22:35:54.134312+00:00
1598778299211075584,ukraine-de,True,True,False,False,False,False,False,False,False,False,2022-12-02 22:35:54.134214+00:00,2022-12-02 22:35:54.134214+00:00
1598778300695986176,ukraine-de,True,True,False,False,False,False,False,False,False,False,2022-12-02 22:35:54.134115+00:00,2022-12-02 22:35:54.134115+00:00
1598778304588353549,ukraine-de,True,True,False,False,False,False,False,False,False,False,2022-12-02 22:35:54.134015+00:00,2022-12-02 22:35:54.134015+00:00
1598778310422429696,ukraine-de,True,False,False,False,False,False,False,False,False,False,2022-12-02 22:35:45.785784+00:00,2022-12-02 22:35:45.785784+00:00
1598778331528368129,ukraine-de,True,True,False,False,False,False,False,False,False,False,2022-12-02 22:35:54.133913+00:00,2022-12-02 22:35:54.133913+00:00
1598778333554216982,ukraine-de,True,True,False,False,False,False,False,False,False,False,2022-12-02 22:35:54.133813+00:00,2022-12-02 22:35:54.133813+00:00
1598778375765737474,ukraine-de,True,True,False,False,False,False,False,False,False,False,2022-12-02 22:35:54.133711+00:00,2022-12-02 22:35:54.133711+00:00
1598778376801513472,ukraine-de,True,True,False,False,False,False,False,False,False,False,2022-12-02 22:35:54.133577+00:00,2022-12-02 22:35:54.133577+00:00
1598778414433013760,ukraine-de,True,True,False,False,False,False,False,False,False,False,2022-12-02 22:35:54.133478+00:00,2022-12-02 22:35:54.133478+00:00
1598778428467007489,ukraine-de,True,True,False,False,False,False,False,False,False,False,2022-12-02 22:35:54.133379+00:00,2022-12-02 22:35:54.133379+00:00
1598778461799256093,ukraine-de,True,True,False,False,False,False,False,False,False,False,2022-12-02 22:35:54.133278+00:00,2022-12-02 22:35:54.133278+00:00
1598778479197138944,ukraine-de,True,True,False,False,False,False,False,False,False,False,2022-12-02 22:35:54.133169+00:00,2022-12-02 22:35:54.133169+00:00
1598778493948506112,ukraine-de,True,True,False,False,False,False,False,False,False,False,2022-12-02 22:35:54.133067+00:00,2022-12-02 22:35:54.133067+00:00
1598778506212651009,ukraine-de,True,True,False,False,False,False,False,False,False,False,2022-12-02 22:35:54.132954+00:00,2022-12-02 22:35:54.132954+00:00
1598778523912704007,ukraine-de,True,True,False,False,False,False,False,False,False,False,2022-12-02 22:35:54.132835+00:00,2022-12-02 22:35:54.132835+00:00
1598778524491358209,ukraine-de,True,True,False,False,False,False,False,False,False,False,2022-12-02 22:35:54.132737+00:00,2022-12-02 22:35:54.132737+00:00
1598778536587890701,ukraine-de,True,True,False,False,False,False,False,False,False,False,2022-12-02 22:35:54.132635+00:00,2022-12-02 22:35:54.132635+00:00
1598778574785236992,ukraine-de,True,True,False,False,False,False,False,False,False,False,2022-12-02 22:35:45.780179+00:00,2022-12-02 22:35:54.132533+00:00
1598778582188249088,ukraine-de,True,True,False,False,False,False,False,False,False,False,2022-12-02 22:35:54.132423+00:00,2022-12-02 22:35:54.132423+00:00
1598778584457482254,ukraine-de,True,True,False,False,False,False,False,False,False,False,2022-12-02 22:35:54.132323+00:00,2022-12-02 22:35:54.132323+00:00
1598778602857779200,ukraine-de,True,True,False,False,False,False,False,False,False,False,2022-12-02 22:35:54.132222+00:00,2022-12-02 22:35:54.132222+00:00
1598778689981861888,ukraine-de,True,True,False,False,False,False,False,False,False,False,2022-12-02 22:35:54.132109+00:00,2022-12-02 22:35:54.132109+00:00
1598778702145327104,ukraine-de,True,True,False,False,False,False,False,False,False,False,2022-12-02 22:35:54.132012+00:00,2022-12-02 22:35:54.132012+00:00
1598778737503653888,ukraine-de,True,True,False,False,False,False,False,False,False,False,2022-12-02 22:35:54.131914+00:00,2022-12-02 22:35:54.131914+00:00
1598778737570586625,ukraine-de,True,True,False,False,False,False,False,False,False,False,2022-12-02 22:35:54.131816+00:00,2022-12-02 22:35:54.131816+00:00
1598778746064015382,ukraine-de,True,True,False,False,False,False,False,False,False,False,2022-12-02 22:35:54.131714+00:00,2022-12-02 22:35:54.131714+00:00
1598778750141071360,ukraine-de,True,True,False,False,False,False,False,False,False,False,2022-12-02 22:35:54.131614+00:00,2022-12-02 22:35:54.131614+00:00
1598778789479165954,ukraine-de,True,True,False,False,False,False,False,False,False,False,2022-12-02 22:35:54.131512+00:00,2022-12-02 22:35:54.131512+00:00
1598778810916343809,ukraine-de,True,True,False,False,False,False,False,False,False,False,2022-12-02 22:35:54.131405+00:00,2022-12-02 22:35:54.131405+00:00
1598778817031479296,ukraine-de,True,True,False,False,False,False,False,False,False,False,2022-12-02 22:35:54.131305+00:00,2022-12-02 22:35:54.131305+00:00
1598778835633377280,ukraine-de,True,True,False,False,False,False,False,False,False,False,2022-12-02 22:35:54.131202+00:00,2022-12-02 22:35:54.131202+00:00
1598778886107430912,ukraine-de,True,True,False,False,False,False,False,False,False,False,2022-12-02 22:35:54.131091+00:00,2022-12-02 22:35:54.131091+00:00
1598778890390016011,ukraine-de,True,True,False,False,False,False,False,False,False,False,2022-12-02 22:35:54.130901+00:00,2022-12-02 22:35:54.130901+00:00
1598778943364075531,ukraine-de,True,True,False,False,False,False,False,False,False,False,2022-12-02 22:35:54.130802+00:00,2022-12-02 22:35:54.130802+00:00
1598778967997042688,ukraine-de,True,True,False,False,False,False,False,False,False,False,2022-12-02 22:35:54.130701+00:00,2022-12-02 22:35:54.130701+00:00
1598778968299249665,ukraine-de,True,True,False,False,False,False,False,False,False,False,2022-12-02 22:35:54.130601+00:00,2022-12-02 22:35:54.130601+00:00
1598778972384464907,ukraine-de,True,True,False,False,False,False,False,False,False,False,2022-12-02 22:35:54.130501+00:00,2022-12-02 22:35:54.130501+00:00
1598778974666035200,ukraine-de,True,False,False,False,False,False,False,False,False,False,2022-12-02 22:35:54.181078+00:00,2022-12-02 22:35:54.181078+00:00
1598779002210029571,ukraine-de,True,True,False,False,False,False,False,False,False,False,2022-12-02 22:35:54.130395+00:00,2022-12-02 22:35:54.130395+00:00
1598779037257764864,ukraine-de,True,True,False,False,False,False,False,False,False,False,2022-12-02 22:35:54.130296+00:00,2022-12-02 22:35:54.130296+00:00
1598779047894519834,ukraine-de,True,True,False,False,False,False,False,False,False,False,2022-12-02 22:35:54.130197+00:00,2022-12-02 22:35:54.130197+00:00
1598779054580240385,ukraine-de,True,True,False,False,False,False,False,False,False,False,2022-12-02 22:35:54.130096+00:00,2022-12-02 22:35:54.130096+00:00
1598779071286038529,ukraine-de,True,True,False,False,False,False,False,False,False,False,2022-12-02 22:35:54.129978+00:00,2022-12-02 22:35:54.129978+00:00
1598779098611953664,ukraine-de,True,False,False,False,False,False,False,False,False,False,2022-12-02 22:35:54.178851+00:00,2022-12-02 22:35:54.178851+00:00
1598779107491254273,ukraine-de,True,True,False,False,False,False,False,False,False,False,2022-12-02 22:35:54.129861+00:00,2022-12-02 22:35:54.129861+00:00
1598779108330065920,ukraine-de,True,True,False,False,False,False,False,False,False,False,2022-12-02 22:35:54.129759+00:00,2022-12-02 22:35:54.129759+00:00
1598779111303876608,ukraine-de,True,True,False,False,False,False,False,False,False,False,2022-12-02 22:35:54.129650+00:00,2022-12-02 22:35:54.129650+00:00
1598779114697199641,ukraine-de,True,True,False,False,False,False,False,False,False,False,2022-12-02 22:35:54.129529+00:00,2022-12-02 22:35:54.129529+00:00
1598779142983585798,ukraine-de,True,True,False,False,False,False,False,False,False,False,2022-12-02 22:35:54.129427+00:00,2022-12-02 22:35:54.129427+00:00
1598779210117562369,ukraine-de,True,False,False,False,False,False,False,False,False,False,2022-12-03 11:06:05.447395+00:00,2022-12-03 11:06:05.447395+00:00
1598779241515974657,ukraine-de,True,True,False,False,False,False,False,False,False,False,2022-12-02 22:35:54.129319+00:00,2022-12-02 22:35:54.129319+00:00
1598779241784610821,ukraine-de,True,True,False,False,False,False,False,False,False,False,2022-12-02 22:35:54.129195+00:00,2022-12-02 22:35:54.129195+00:00
1598779267583574016,ukraine-de,True,True,False,False,False,False,False,False,False,False,2022-12-02 22:35:54.128965+00:00,2022-12-02 22:35:54.128965+00:00
1598779279071973387,ukraine-de,True,True,False,False,False,False,False,False,False,False,2022-12-02 22:35:54.128866+00:00,2022-12-02 22:35:54.128866+00:00
1598779293944975375,ukraine-de,True,True,False,False,False,False,False,False,False,False,2022-12-02 22:35:54.128769+00:00,2022-12-02 22:35:54.128769+00:00
1598779298428506112,ukraine-de,True,True,False,False,False,False,False,False,False,False,2022-12-02 22:35:54.128672+00:00,2022-12-02 22:35:54.128672+00:00
1598779321396641792,ukraine-de,True,True,False,False,False,False,False,False,False,False,2022-12-02 22:35:54.128575+00:00,2022-12-02 22:35:54.128575+00:00
1598779325909647360,ukraine-de,True,True,False,False,False,False,False,False,False,False,2022-12-02 22:35:54.128477+00:00,2022-12-02 22:35:54.128477+00:00
1598779336231747584,ukraine-de,True,True,False,False,False,False,False,False,False,False,2022-12-02 22:35:54.128380+00:00,2022-12-02 22:35:54.128380+00:00
1598779336345067520,ukraine-de,True,True,False,False,False,False,False,False,False,False,2022-12-02 22:35:54.128281+00:00,2022-12-02 22:35:54.128281+00:00
1598779345841053697,ukraine-de,True,True,False,False,False,False,False,False,False,False,2022-12-02 22:35:54.128184+00:00,2022-12-02 22:35:54.128184+00:00
1598779363033419776,ukraine-de,True,True,False,False,False,False,False,False,False,False,2022-12-02 22:35:54.128085+00:00,2022-12-02 22:35:54.128085+00:00
1598779386110611456,ukraine-de,True,False,False,False,False,False,False,False,False,False,2022-12-03 03:40:14.820560+00:00,2022-12-03 03:40:14.820560+00:00
1598779431346180096,ukraine-de,True,True,False,False,False,False,False,False,False,False,2022-12-02 22:35:54.127986+00:00,2022-12-02 22:35:54.127986+00:00
1598779438262534144,ukraine-de,True,True,False,False,False,False,False,False,False,False,2022-12-02 22:35:54.127887+00:00,2022-12-02 22:35:54.127887+00:00
1598779470936100864,ukraine-de,True,True,False,False,False,False,False,False,False,False,2022-12-02 22:35:54.127782+00:00,2022-12-02 22:35:54.127782+00:00
1598779471389138944,ukraine-de,True,True,False,False,False,False,False,False,False,False,2022-12-02 22:35:54.127683+00:00,2022-12-02 22:35:54.127683+00:00
1598779490230013962,ukraine-de,True,True,False,False,False,False,False,False,False,False,2022-12-02 22:35:54.127586+00:00,2022-12-02 22:35:54.127586+00:00
1598779491576266753,ukraine-de,True,True,False,False,False,False,False,False,False,False,2022-12-02 22:35:54.127486+00:00,2022-12-02 22:35:54.127486+00:00
1598779497242890248,ukraine-de,True,True,False,False,False,False,False,False,False,False,2022-12-02 22:35:54.127388+00:00,2022-12-02 22:35:54.127388+00:00
1598779510635507712,ukraine-de,True,True,False,False,False,False,False,False,False,False,2022-12-02 22:35:54.127288+00:00,2022-12-02 22:35:54.127288+00:00
1598779523180466187,ukraine-de,True,True,False,False,False,False,False,False,False,False,2022-12-02 22:35:54.127187+00:00,2022-12-02 22:35:54.127187+00:00
1598779566138527766,ukraine-de,True,True,False,False,False,False,False,False,False,False,2022-12-02 22:35:54.127083+00:00,2022-12-02 22:35:54.127083+00:00
1598779586329845760,ukraine-de,True,True,False,False,False,False,False,False,False,False,2022-12-02 22:35:54.126926+00:00,2022-12-02 22:35:54.126926+00:00
1598779659180642304,ukraine-de,True,True,False,False,False,False,False,False,False,False,2022-12-02 22:35:54.126825+00:00,2022-12-02 22:35:54.126825+00:00
1598779677174161408,ukraine-de,True,True,False,False,False,False,False,False,False,False,2022-12-02 22:35:54.126709+00:00,2022-12-02 22:35:54.126709+00:00
1598779728466518016,ukraine-de,True,True,False,False,False,False,False,False,False,False,2022-12-02 22:35:54.126610+00:00,2022-12-02 22:35:54.126610+00:00
1598779786268233728,ukraine-de,True,True,False,False,False,False,False,False,False,False,2022-12-02 22:35:54.126513+00:00,2022-12-02 22:35:54.126513+00:00
1598779821919768607,ukraine-de,True,False,False,False,False,False,False,False,False,False,2022-12-02 22:35:54.180341+00:00,2022-12-02 22:35:54.180341+00:00
1598779836511752225,ukraine-de,True,True,False,False,False,False,False,False,False,False,2022-12-02 22:35:54.126412+00:00,2022-12-02 22:35:54.126412+00:00
1598779862466105344,ukraine-de,True,True,False,False,False,False,False,False,False,False,2022-12-02 22:35:54.126299+00:00,2022-12-02 22:35:54.126299+00:00
1598779873769754644,ukraine-de,True,True,False,False,False,False,False,False,False,False,2022-12-02 22:35:54.126200+00:00,2022-12-02 22:35:54.126200+00:00
1598779912298504193,ukraine-de,True,True,False,False,False,False,False,False,False,False,2022-12-02 22:35:54.126098+00:00,2022-12-02 22:35:54.126098+00:00
1598779988068962305,ukraine-de,True,True,False,False,False,False,False,False,False,False,2022-12-02 22:35:54.125991+00:00,2022-12-02 22:35:54.125991+00:00
1598780002471972866,ukraine-de,True,True,False,False,False,False,False,False,False,False,2022-12-02 22:35:54.125890+00:00,2022-12-02 22:35:54.125890+00:00
1598780008159449102,ukraine-de,True,True,False,False,False,False,False,False,False,False,2022-12-02 22:35:54.125786+00:00,2022-12-02 22:35:54.125786+00:00
1598780037376970761,ukraine-de,True,True,False,False,False,False,False,False,False,False,2022-12-02 22:35:54.125568+00:00,2022-12-02 22:35:54.125568+00:00
1598780056909844499,ukraine-de,True,True,False,False,False,False,False,False,False,False,2022-12-02 22:35:54.125469+00:00,2022-12-02 22:35:54.125469+00:00
1598780104062033920,ukraine-de,True,True,False,False,False,False,False,False,False,False,2022-12-02 22:35:54.125371+00:00,2022-12-02 22:35:54.125371+00:00
1598780113881075719,ukraine-de,True,True,False,False,False,False,False,False,False,False,2022-12-02 22:35:54.125273+00:00,2022-12-02 22:35:54.125273+00:00
1598780122320064513,ukraine-de,True,False,False,False,False,False,False,False,False,False,2022-12-02 22:35:54.178949+00:00,2022-12-02 22:35:54.178949+00:00
1598780130620424192,ukraine-de,True,True,False,False,False,False,False,False,False,False,2022-12-02 22:35:54.125173+00:00,2022-12-02 22:35:54.125173+00:00
1598780136115081222,ukraine-de,True,True,False,False,False,False,False,False,False,False,2022-12-02 22:35:54.125073+00:00,2022-12-02 22:35:54.125073+00:00
1598780197146226689,ukraine-de,True,True,False,False,False,False,False,False,False,False,2022-12-02 22:35:54.124951+00:00,2022-12-02 22:35:54.124951+00:00
1598780201969647616,ukraine-de,True,True,False,False,False,False,False,False,False,False,2022-12-02 22:35:45.776342+00:00,2022-12-02 22:35:54.124774+00:00
1598780227097747456,ukraine-de,True,True,False,False,False,False,False,False,False,False,2022-12-02 22:35:54.124666+00:00,2022-12-02 22:35:54.124666+00:00
1598780228553285632,ukraine-de,True,True,False,False,False,False,False,False,False,False,2022-12-02 22:35:54.124566+00:00,2022-12-02 22:35:54.124566+00:00
1598780281145593856,ukraine-de,True,True,False,False,False,False,False,False,False,False,2022-12-02 22:35:54.124466+00:00,2022-12-02 22:35:54.124466+00:00
1598780281774870549,ukraine-de,True,True,False,False,False,False,False,False,False,False,2022-12-02 22:35:54.124364+00:00,2022-12-02 22:35:54.124364+00:00
1598780292558426121,ukraine-de,True,True,False,False,False,False,False,False,False,False,2022-12-02 22:35:17.208503+00:00,2022-12-02 22:35:54.124262+00:00
1598780323139096577,ukraine-de,True,True,False,False,False,False,False,False,False,False,2022-12-02 22:35:54.124138+00:00,2022-12-02 22:35:54.124138+00:00
1598780375731474447,ukraine-de,True,True,False,False,False,False,False,False,False,False,2022-12-02 22:35:54.124026+00:00,2022-12-02 22:35:54.124026+00:00
1598780389140533249,ukraine-de,True,True,False,False,False,False,False,False,False,False,2022-12-02 22:35:54.123898+00:00,2022-12-02 22:35:54.123898+00:00
1598780408807641088,ukraine-de,True,True,False,False,False,False,False,False,False,False,2022-12-02 22:35:45.785887+00:00,2022-12-02 22:35:54.123660+00:00
1598780421285765122,ukraine-de,True,False,False,False,False,False,False,False,False,False,2022-12-02 22:35:54.174787+00:00,2022-12-02 22:35:54.174787+00:00
1598780429028495366,ukraine-de,True,True,False,False,False,False,False,False,False,False,2022-12-02 22:35:54.123560+00:00,2022-12-02 22:35:54.123560+00:00
1598780476407353347,ukraine-de,True,True,False,False,False,False,False,False,False,False,2022-12-02 22:35:54.123459+00:00,2022-12-02 22:35:54.123459+00:00
1598780507705298944,ukraine-de,True,True,False,False,False,False,False,False,False,False,2022-12-02 22:35:54.123356+00:00,2022-12-02 22:35:54.123356+00:00
1598780527737245712,ukraine-de,True,True,False,False,False,False,False,False,False,False,2022-12-02 22:35:54.123244+00:00,2022-12-02 22:35:54.123244+00:00
1598780537325424657,ukraine-de,True,True,False,False,False,False,False,False,False,False,2022-12-02 22:35:54.123140+00:00,2022-12-02 22:35:54.123140+00:00
1598780549455351828,ukraine-de,True,True,False,False,False,False,False,False,False,False,2022-12-02 22:35:54.122961+00:00,2022-12-02 22:35:54.122961+00:00
1598780567444549633,ukraine-de,True,True,False,False,False,False,False,False,False,False,2022-12-02 22:35:54.122862+00:00,2022-12-02 22:35:54.122862+00:00
1598780576634261505,ukraine-de,True,True,False,False,False,False,False,False,False,False,2022-12-02 22:35:54.122763+00:00,2022-12-02 22:35:54.122763+00:00
1598780576965701632,ukraine-de,True,False,False,False,False,False,False,False,False,False,2022-12-02 22:35:45.771013+00:00,2022-12-02 22:35:45.771013+00:00
1598780579587141633,ukraine-de,True,True,False,False,False,False,False,False,False,False,2022-12-02 22:35:54.122661+00:00,2022-12-02 22:35:54.122661+00:00
1598780582208671765,ukraine-de,True,True,False,False,False,False,False,False,False,False,2022-12-02 22:35:54.122556+00:00,2022-12-02 22:35:54.122556+00:00
1598780632762822659,ukraine-de,True,True,False,False,False,False,False,False,False,False,2022-12-02 22:35:45.791155+00:00,2022-12-02 22:35:54.122454+00:00
1598780661304786944,ukraine-de,True,False,False,False,False,False,False,False,False,False,2022-12-03 08:10:16.233952+00:00,2022-12-03 08:10:16.233952+00:00
1598780667021692942,ukraine-de,True,True,False,False,False,False,False,False,False,False,2022-12-02 22:35:54.122352+00:00,2022-12-02 22:35:54.122352+00:00
1598780706536230925,ukraine-de,True,True,False,False,False,False,False,False,False,False,2022-12-02 22:35:54.122229+00:00,2022-12-02 22:35:54.122229+00:00
1598780716149456896,ukraine-de,True,True,False,False,False,False,False,False,False,False,2022-12-02 22:35:54.122128+00:00,2022-12-02 22:35:54.122128+00:00
1598780730225659910,ukraine-de,True,True,False,False,False,False,False,False,False,False,2022-12-02 22:35:17.192121+00:00,2022-12-02 22:35:54.122020+00:00
1598780732335194112,ukraine-de,True,True,False,False,False,False,False,False,False,False,2022-12-02 22:35:54.121902+00:00,2022-12-02 22:35:54.121902+00:00
1598780734474489858,ukraine-de,True,True,False,False,False,False,False,False,False,False,2022-12-02 22:35:54.121782+00:00,2022-12-02 22:35:54.121782+00:00
1598780736089296906,ukraine-de,True,True,False,False,False,False,False,False,False,False,2022-12-02 22:35:54.121685+00:00,2022-12-02 22:35:54.121685+00:00
1598780740958752768,ukraine-de,True,False,False,False,False,False,False,False,False,False,2022-12-03 03:40:14.817391+00:00,2022-12-03 03:40:14.817391+00:00
1598780776895729664,ukraine-de,True,True,False,False,False,False,False,False,False,False,2022-12-02 22:35:54.121561+00:00,2022-12-02 22:35:54.121561+00:00
1598780786768912385,ukraine-de,True,True,False,False,False,False,False,False,False,False,2022-12-02 22:35:54.121460+00:00,2022-12-02 22:35:54.121460+00:00
1598780809539788800,ukraine-de,True,True,False,False,False,False,False,False,False,False,2022-12-02 22:35:54.121357+00:00,2022-12-02 22:35:54.121357+00:00
1598780817593040896,ukraine-de,True,True,False,False,False,False,False,False,False,False,2022-12-02 22:35:54.121178+00:00,2022-12-02 22:35:54.121178+00:00
1598780855773646848,ukraine-de,True,True,False,False,False,False,False,False,False,False,2022-12-02 22:35:54.121075+00:00,2022-12-02 22:35:54.121075+00:00
1598780863155949568,ukraine-de,True,False,False,False,False,False,False,False,False,False,2022-12-02 22:35:54.176476+00:00,2022-12-02 22:35:54.176476+00:00
1598780906122096640,ukraine-de,True,False,False,False,False,False,False,False,False,False,2022-12-02 22:35:54.174017+00:00,2022-12-02 22:35:54.174017+00:00
1598780908609409031,ukraine-de,True,True,False,False,False,False,False,False,False,False,2022-12-02 22:35:54.120956+00:00,2022-12-02 22:35:54.120956+00:00
1598780932235952129,ukraine-de,True,True,False,False,False,False,False,False,False,False,2022-12-02 22:35:54.120834+00:00,2022-12-02 22:35:54.120834+00:00
1598780940184129552,ukraine-de,True,True,False,False,False,False,False,False,False,False,2022-12-02 22:35:54.120593+00:00,2022-12-02 22:35:54.120593+00:00
1598780956713680896,ukraine-de,True,True,False,False,False,False,False,False,False,False,2022-12-02 22:35:54.120488+00:00,2022-12-02 22:35:54.120488+00:00
1598780987894550528,ukraine-de,True,True,False,False,False,False,False,False,False,False,2022-12-02 22:35:54.120320+00:00,2022-12-02 22:35:54.120320+00:00
1598781012036751367,ukraine-de,True,True,False,False,False,False,False,False,False,False,2022-12-02 22:35:54.120148+00:00,2022-12-02 22:35:54.120148+00:00
1598781044123176968,ukraine-de,True,True,False,False,False,False,False,False,False,False,2022-12-02 22:35:54.120047+00:00,2022-12-02 22:35:54.120047+00:00
1598781064163561507,ukraine-de,True,True,False,False,False,False,False,False,False,False,2022-12-02 22:35:54.119936+00:00,2022-12-02 22:35:54.119936+00:00
1598781078453465089,ukraine-de,True,True,False,False,False,False,False,False,False,False,2022-12-02 22:35:54.119798+00:00,2022-12-02 22:35:54.119798+00:00
1598781098376548352,ukraine-de,True,True,False,False,False,False,False,False,False,False,2022-12-02 22:35:54.119697+00:00,2022-12-02 22:35:54.119697+00:00
1598781115891781632,ukraine-de,True,True,False,False,False,False,False,False,False,False,2022-12-02 22:35:54.119595+00:00,2022-12-02 22:35:54.119595+00:00
1598781210020483083,ukraine-de,True,True,False,False,False,False,False,False,False,False,2022-12-02 22:35:54.119496+00:00,2022-12-02 22:35:54.119496+00:00
1598781253725175808,ukraine-de,True,True,False,False,False,False,False,False,False,False,2022-12-02 22:35:54.119396+00:00,2022-12-02 22:35:54.119396+00:00
1598781257923514368,ukraine-de,True,True,False,False,False,False,False,False,False,False,2022-12-02 22:35:54.119294+00:00,2022-12-02 22:35:54.119294+00:00
1598781275229327367,ukraine-de,True,True,False,False,False,False,False,False,False,False,2022-12-02 22:35:54.119185+00:00,2022-12-02 22:35:54.119185+00:00
1598781279285448704,ukraine-de,True,True,False,False,False,False,False,False,False,False,2022-12-02 22:35:54.119034+00:00,2022-12-02 22:35:54.119034+00:00
1598781288575602690,ukraine-de,True,True,False,False,False,False,False,False,False,False,2022-12-02 22:35:54.118855+00:00,2022-12-02 22:35:54.118855+00:00
1598781295013859350,ukraine-de,True,True,False,False,False,False,False,False,False,False,2022-12-02 22:35:54.118721+00:00,2022-12-02 22:35:54.118721+00:00
1598781300051218440,ukraine-de,True,True,False,False,False,False,False,False,False,False,2022-12-02 22:35:54.118616+00:00,2022-12-02 22:35:54.118616+00:00
1598781323807580160,ukraine-de,True,True,False,False,False,False,False,False,False,False,2022-12-02 22:35:54.118461+00:00,2022-12-02 22:35:54.118461+00:00
1598781378895745032,ukraine-de,True,True,False,False,False,False,False,False,False,False,2022-12-02 22:35:54.118185+00:00,2022-12-02 22:35:54.118185+00:00
1598781407752396801,ukraine-de,True,True,False,False,False,False,False,False,False,False,2022-12-02 22:35:54.117998+00:00,2022-12-02 22:35:54.117998+00:00
1598781415319126016,ukraine-de,True,True,False,False,False,False,False,False,False,False,2022-12-02 22:35:54.117839+00:00,2022-12-02 22:35:54.117839+00:00
1598781452807643136,ukraine-de,True,True,False,False,False,False,False,False,False,False,2022-12-02 22:35:54.117674+00:00,2022-12-02 22:35:54.117674+00:00
1598781481844965376,ukraine-de,True,True,False,False,False,False,False,False,False,False,2022-12-02 22:35:54.117487+00:00,2022-12-02 22:35:54.117487+00:00
1598781487520055296,ukraine-de,True,True,False,False,False,False,False,False,False,False,2022-12-02 22:35:54.117326+00:00,2022-12-02 22:35:54.117326+00:00
1598781488010592256,ukraine-de,True,True,False,False,False,False,False,False,False,False,2022-12-02 22:35:54.117166+00:00,2022-12-02 22:35:54.117166+00:00
1598781539441119260,ukraine-de,True,True,False,False,False,False,False,False,False,False,2022-12-02 22:35:54.116997+00:00,2022-12-02 22:35:54.116997+00:00
1598781563432366080,ukraine-de,True,True,False,False,False,False,False,False,False,False,2022-12-02 22:35:54.116838+00:00,2022-12-02 22:35:54.116838+00:00
1598781566817288196,ukraine-de,True,False,False,False,False,False,False,False,False,False,2022-12-03 01:30:18.831465+00:00,2022-12-03 01:30:18.831465+00:00
1598781583565197334,ukraine-de,True,True,False,False,False,False,False,False,False,False,2022-12-02 22:35:54.116679+00:00,2022-12-02 22:35:54.116679+00:00
1598781590527741952,ukraine-de,True,True,False,False,False,False,False,False,False,False,2022-12-02 22:35:54.116544+00:00,2022-12-02 22:35:54.116544+00:00
1598781605669179404,ukraine-de,True,True,False,False,False,False,False,False,False,False,2022-12-02 22:35:54.116384+00:00,2022-12-02 22:35:54.116384+00:00
1598781665366740992,ukraine-de,True,True,False,False,False,False,False,False,False,False,2022-12-02 22:35:54.116226+00:00,2022-12-02 22:35:54.116226+00:00
1598781702851076096,ukraine-de,True,True,False,False,False,False,False,False,False,False,2022-12-02 22:35:54.116067+00:00,2022-12-02 22:35:54.116067+00:00
1598781703652315136,ukraine-de,True,True,False,False,False,False,False,False,False,False,2022-12-02 22:35:54.115908+00:00,2022-12-02 22:35:54.115908+00:00
1598781742432849933,ukraine-de,True,True,False,False,False,False,False,False,False,False,2022-12-02 22:35:54.115750+00:00,2022-12-02 22:35:54.115750+00:00
1598781743208796175,ukraine-de,True,True,False,False,False,False,False,False,False,False,2022-12-02 22:35:54.115589+00:00,2022-12-02 22:35:54.115589+00:00
1598781745121398804,ukraine-de,True,True,False,False,False,False,False,False,False,False,2022-12-02 22:35:54.115453+00:00,2022-12-02 22:35:54.115453+00:00
1598781776859516928,ukraine-de,True,True,False,False,False,False,False,False,False,False,2022-12-02 22:35:54.115291+00:00,2022-12-02 22:35:54.115291+00:00
1598781792177295377,ukraine-de,True,True,False,False,False,False,False,False,False,False,2022-12-02 22:35:54.115114+00:00,2022-12-02 22:35:54.115114+00:00
1598781942945615874,ukraine-de,True,True,False,False,False,False,False,False,False,False,2022-12-02 22:35:54.114855+00:00,2022-12-02 22:35:54.114855+00:00
1598781949040070681,ukraine-de,True,True,False,False,False,False,False,False,False,False,2022-12-02 22:35:54.114643+00:00,2022-12-02 22:35:54.114643+00:00
1598781961765589005,ukraine-de,True,True,False,False,False,False,False,False,False,False,2022-12-02 22:35:54.114477+00:00,2022-12-02 22:35:54.114477+00:00
1598781968761688068,ukraine-de,True,True,False,False,False,False,False,False,False,False,2022-12-02 22:35:54.114307+00:00,2022-12-02 22:35:54.114307+00:00
1598782025590358016,ukraine-de,True,True,False,False,False,False,False,False,False,False,2022-12-02 22:35:54.113969+00:00,2022-12-02 22:35:54.113969+00:00
1598782057202651137,ukraine-de,True,True,False,False,False,False,False,False,False,False,2022-12-02 22:35:54.113869+00:00,2022-12-02 22:35:54.113869+00:00
1598782118422843397,ukraine-de,True,True,False,False,False,False,False,False,False,False,2022-12-02 22:35:54.113767+00:00,2022-12-02 22:35:54.113767+00:00
1598782132117069824,ukraine-de,True,True,False,False,False,False,False,False,False,False,2022-12-02 22:35:45.774150+00:00,2022-12-02 22:35:54.113658+00:00
1598782168792195073,ukraine-de,True,True,False,False,False,False,False,False,False,False,2022-12-02 22:35:54.113529+00:00,2022-12-02 22:35:54.113529+00:00
1598782176740319233,ukraine-de,True,False,False,False,False,False,False,False,False,False,2022-12-02 22:35:54.172063+00:00,2022-12-02 22:35:54.172063+00:00
1598782179005251584,ukraine-de,True,True,False,False,False,False,False,False,False,False,2022-12-02 22:35:54.113429+00:00,2022-12-02 22:35:54.113429+00:00
1598782180477767681,ukraine-de,True,True,False,False,False,False,False,False,False,False,2022-12-02 22:35:54.113331+00:00,2022-12-02 22:35:54.113331+00:00
1598782230993768448,ukraine-de,True,True,False,False,False,False,False,False,False,False,2022-12-02 22:35:54.113231+00:00,2022-12-02 22:35:54.113231+00:00
1598782251222716416,ukraine-de,True,True,False,False,False,False,False,False,False,False,2022-12-02 22:35:54.113130+00:00,2022-12-02 22:35:54.113130+00:00
1598782259011518464,ukraine-de,True,True,False,False,False,False,False,False,False,False,2022-12-02 22:35:54.113022+00:00,2022-12-02 22:35:54.113022+00:00
1598782322509287436,ukraine-de,True,True,False,False,False,False,False,False,False,False,2022-12-02 22:35:54.112879+00:00,2022-12-02 22:35:54.112879+00:00
1598782325872959489,ukraine-de,True,True,False,False,False,False,False,False,False,False,2022-12-02 22:35:54.112773+00:00,2022-12-02 22:35:54.112773+00:00
1598782327915614208,ukraine-de,True,True,False,False,False,False,False,False,False,False,2022-12-02 22:35:54.112553+00:00,2022-12-02 22:35:54.112553+00:00
1598782366327181341,ukraine-de,True,False,False,False,False,False,False,False,False,False,2022-12-02 22:35:45.791850+00:00,2022-12-02 22:35:45.791850+00:00
1598782390062780418,ukraine-de,True,True,False,False,False,False,False,False,False,False,2022-12-02 22:35:54.112452+00:00,2022-12-02 22:35:54.112452+00:00
1598782410065383440,ukraine-de,True,True,False,False,False,False,False,False,False,False,2022-12-02 22:35:54.112343+00:00,2022-12-02 22:35:54.112343+00:00
1598782416440725510,ukraine-de,True,True,False,False,False,False,False,False,False,False,2022-12-02 22:35:54.112227+00:00,2022-12-02 22:35:54.112227+00:00
1598782435893907456,ukraine-de,True,True,False,False,False,False,False,False,False,False,2022-12-02 22:35:54.112125+00:00,2022-12-02 22:35:54.112125+00:00
1598782451534467072,ukraine-de,True,False,False,False,False,False,False,False,False,False,2022-12-02 22:35:45.772008+00:00,2022-12-02 22:35:45.772008+00:00
1598782468168904704,ukraine-de,True,True,False,False,False,False,False,False,False,False,2022-12-02 22:35:54.112007+00:00,2022-12-02 22:35:54.112007+00:00
1598782504797933583,ukraine-de,True,False,False,False,False,False,False,False,False,False,2022-12-02 22:35:54.172351+00:00,2022-12-02 22:35:54.172351+00:00
1598782585110294528,ukraine-de,True,False,False,False,False,False,False,False,False,False,2022-12-02 22:35:45.792042+00:00,2022-12-02 22:35:45.792042+00:00
1598782600155320320,ukraine-de,True,True,False,False,False,False,False,False,False,False,2022-12-02 22:35:45.788499+00:00,2022-12-02 22:35:54.111904+00:00
1598782602823012365,ukraine-de,True,True,False,False,False,False,False,False,False,False,2022-12-02 22:35:54.111800+00:00,2022-12-02 22:35:54.111800+00:00
1598782603242442784,ukraine-de,True,True,False,False,False,False,False,False,False,False,2022-12-02 22:35:54.111673+00:00,2022-12-02 22:35:54.111673+00:00
1598782633005223943,ukraine-de,True,True,False,False,False,False,False,False,False,False,2022-12-02 22:35:54.111479+00:00,2022-12-02 22:35:54.111479+00:00
1598782653204901888,ukraine-de,True,True,False,False,False,False,False,False,False,False,2022-12-02 22:35:54.111373+00:00,2022-12-02 22:35:54.111373+00:00
1598782679666855966,ukraine-de,True,True,False,False,False,False,False,False,False,False,2022-12-02 22:35:54.111243+00:00,2022-12-02 22:35:54.111243+00:00
1598782696871845889,ukraine-de,True,True,False,False,False,False,False,False,False,False,2022-12-02 22:35:54.111088+00:00,2022-12-02 22:35:54.111088+00:00
1598782730472460307,ukraine-de,True,True,False,False,False,False,False,False,False,False,2022-12-02 22:35:54.110937+00:00,2022-12-02 22:35:54.110937+00:00
1598782732854824984,ukraine-de,True,True,False,False,False,False,False,False,False,False,2022-12-02 22:35:54.110835+00:00,2022-12-02 22:35:54.110835+00:00
1598782779990413330,ukraine-de,True,True,False,False,False,False,False,False,False,False,2022-12-02 22:35:54.110714+00:00,2022-12-02 22:35:54.110714+00:00
1598782780707639296,ukraine-de,True,True,False,False,False,False,False,False,False,False,2022-12-02 22:35:54.110609+00:00,2022-12-02 22:35:54.110609+00:00
1598782864904097799,ukraine-de,True,True,False,False,False,False,False,False,False,False,2022-12-02 22:35:54.110451+00:00,2022-12-02 22:35:54.110451+00:00
1598782919224528906,ukraine-de,True,True,False,False,False,False,False,False,False,False,2022-12-02 22:35:54.110324+00:00,2022-12-02 22:35:54.110324+00:00
1598782921870974976,ukraine-de,True,True,False,False,False,False,False,False,False,False,2022-12-02 22:35:54.110205+00:00,2022-12-02 22:35:54.110205+00:00
1598782926027690004,ukraine-de,True,True,False,False,False,False,False,False,False,False,2022-12-02 22:35:54.110041+00:00,2022-12-02 22:35:54.110041+00:00
1598782945313009664,ukraine-de,True,False,False,False,False,False,False,False,False,False,2022-12-03 03:40:14.836947+00:00,2022-12-03 03:40:14.836947+00:00
1598782991945244672,ukraine-de,True,False,False,False,False,False,False,False,False,False,2022-12-02 22:35:45.791055+00:00,2022-12-02 22:35:45.791055+00:00
1598782997129404416,ukraine-de,True,True,False,False,False,False,False,False,False,False,2022-12-02 22:35:54.109937+00:00,2022-12-02 22:35:54.109937+00:00
1598783056940306447,ukraine-de,True,True,False,False,False,False,False,False,False,False,2022-12-02 22:35:54.109827+00:00,2022-12-02 22:35:54.109827+00:00
1598783078545039360,ukraine-de,True,True,False,False,False,False,False,False,False,False,2022-12-02 22:35:54.109726+00:00,2022-12-02 22:35:54.109726+00:00
1598783117518639116,ukraine-de,True,True,False,False,False,False,False,False,False,False,2022-12-02 22:35:54.109624+00:00,2022-12-02 22:35:54.109624+00:00
1598783125655588868,ukraine-de,True,True,False,False,False,False,False,False,False,False,2022-12-02 22:35:54.109506+00:00,2022-12-02 22:35:54.109506+00:00
1598783220610662401,ukraine-de,True,True,False,False,False,False,False,False,False,False,2022-12-02 22:35:54.109407+00:00,2022-12-02 22:35:54.109407+00:00
1598783226281136130,ukraine-de,True,True,False,False,False,False,False,False,False,False,2022-12-02 22:35:54.109307+00:00,2022-12-02 22:35:54.109307+00:00
1598783234665771008,ukraine-de,True,True,False,False,False,False,False,False,False,False,2022-12-02 22:35:54.109207+00:00,2022-12-02 22:35:54.109207+00:00
1598783263715299343,ukraine-de,True,True,False,False,False,False,False,False,False,False,2022-12-02 22:35:54.109107+00:00,2022-12-02 22:35:54.109107+00:00
1598783301581361152,ukraine-de,True,True,False,False,False,False,False,False,False,False,2022-12-02 22:35:54.108990+00:00,2022-12-02 22:35:54.108990+00:00
1598783305985540096,ukraine-de,True,True,False,False,False,False,False,False,False,False,2022-12-02 22:35:54.108874+00:00,2022-12-02 22:35:54.108874+00:00
1598783308938285087,ukraine-de,True,True,False,False,False,False,False,False,False,False,2022-12-02 22:35:54.108775+00:00,2022-12-02 22:35:54.108775+00:00
1598783311425335296,ukraine-de,True,True,False,False,False,False,False,False,False,False,2022-12-02 22:35:54.108674+00:00,2022-12-02 22:35:54.108674+00:00
1598783355566362631,ukraine-de,True,True,False,False,False,False,False,False,False,False,2022-12-02 22:35:54.108569+00:00,2022-12-02 22:35:54.108569+00:00
1598783355570380800,ukraine-de,True,True,False,False,False,False,False,False,False,False,2022-12-02 22:35:54.108440+00:00,2022-12-02 22:35:54.108440+00:00
1598783363145469975,ukraine-de,True,True,False,False,False,False,False,False,False,False,2022-12-02 22:35:54.108323+00:00,2022-12-02 22:35:54.108323+00:00
1598783423773974529,ukraine-de,True,True,False,False,False,False,False,False,False,False,2022-12-02 22:35:54.108220+00:00,2022-12-02 22:35:54.108220+00:00
1598783446624522241,ukraine-de,True,True,False,False,False,False,False,False,False,False,2022-12-02 22:35:54.108101+00:00,2022-12-02 22:35:54.108101+00:00
1598783502173863937,ukraine-de,True,True,False,False,False,False,False,False,False,False,2022-12-02 22:35:54.107980+00:00,2022-12-02 22:35:54.107980+00:00
1598783527490883601,ukraine-de,True,True,False,False,False,False,False,False,False,False,2022-12-02 22:35:54.107859+00:00,2022-12-02 22:35:54.107859+00:00
1598783536336580608,ukraine-de,True,True,False,False,False,False,False,False,False,False,2022-12-02 22:35:54.107752+00:00,2022-12-02 22:35:54.107752+00:00
1598783546260262917,ukraine-de,True,True,False,False,False,False,False,False,False,False,2022-12-02 22:35:54.107639+00:00,2022-12-02 22:35:54.107639+00:00
1598783562723037235,ukraine-de,True,True,False,False,False,False,False,False,False,False,2022-12-02 22:35:54.107488+00:00,2022-12-02 22:35:54.107488+00:00
1598783596151676929,ukraine-de,True,True,False,False,False,False,False,False,False,False,2022-12-02 22:35:54.106236+00:00,2022-12-02 22:35:54.106236+00:00
1598783602946252800,ukraine-de,True,True,False,False,False,False,False,False,False,False,2022-12-02 22:35:54.106117+00:00,2022-12-02 22:35:54.106117+00:00
1598783623339155456,ukraine-de,True,True,False,False,False,False,False,False,False,False,2022-12-02 22:35:54.105939+00:00,2022-12-02 22:35:54.105939+00:00
1598783643157254144,ukraine-de,True,True,False,False,False,False,False,False,False,False,2022-12-02 22:35:54.105823+00:00,2022-12-02 22:35:54.105823+00:00
1598783660894801920,ukraine-de,True,True,False,False,False,False,False,False,False,False,2022-12-02 22:35:54.105719+00:00,2022-12-02 22:35:54.105719+00:00
1598783693492846592,ukraine-de,True,False,False,False,False,False,False,False,False,False,2022-12-03 03:40:14.826733+00:00,2022-12-03 03:40:14.826733+00:00
1598783696416477211,ukraine-de,True,True,False,False,False,False,False,False,False,False,2022-12-02 22:35:54.105578+00:00,2022-12-02 22:35:54.105578+00:00
1598783701747437572,ukraine-de,True,True,False,False,False,False,False,False,False,False,2022-12-02 22:35:54.105467+00:00,2022-12-02 22:35:54.105467+00:00
1598783720516886529,ukraine-de,True,True,False,False,False,False,False,False,False,False,2022-12-02 22:35:54.105197+00:00,2022-12-02 22:35:54.105197+00:00
1598783769485447169,ukraine-de,True,True,False,False,False,False,False,False,False,False,2022-12-02 22:35:54.105079+00:00,2022-12-02 22:35:54.105079+00:00
1598783795125100544,ukraine-de,True,True,False,False,False,False,False,False,False,False,2022-12-02 22:35:54.104895+00:00,2022-12-02 22:35:54.104895+00:00
1598783799361294336,ukraine-de,True,True,False,False,False,False,False,False,False,False,2022-12-02 22:35:54.104795+00:00,2022-12-02 22:35:54.104795+00:00
1598783816943882240,ukraine-de,True,True,False,False,False,False,False,False,False,False,2022-12-02 22:35:54.104696+00:00,2022-12-02 22:35:54.104696+00:00
1598783817615085594,ukraine-de,True,True,False,False,False,False,False,False,False,False,2022-12-02 22:35:54.104593+00:00,2022-12-02 22:35:54.104593+00:00
1598783828683853856,ukraine-de,True,True,False,False,False,False,False,False,False,False,2022-12-02 22:35:54.104477+00:00,2022-12-02 22:35:54.104477+00:00
1598783846857773081,ukraine-de,True,True,False,False,False,False,False,False,False,False,2022-12-02 22:35:54.104373+00:00,2022-12-02 22:35:54.104373+00:00
1598783872207966208,ukraine-de,True,True,False,False,False,False,False,False,False,False,2022-12-02 22:35:54.104228+00:00,2022-12-02 22:35:54.104228+00:00
1598783914369220608,ukraine-de,True,True,False,False,False,False,False,False,False,False,2022-12-02 22:35:54.104024+00:00,2022-12-02 22:35:54.104024+00:00
1598783922338516993,ukraine-de,True,False,False,False,False,False,False,False,False,False,2022-12-02 22:35:45.790051+00:00,2022-12-02 22:35:45.790051+00:00
1598783934241902628,ukraine-de,True,True,False,False,False,False,False,False,False,False,2022-12-02 22:35:54.103910+00:00,2022-12-02 22:35:54.103910+00:00
1598783950373081088,ukraine-de,True,True,False,False,False,False,False,False,False,False,2022-12-02 22:35:54.103810+00:00,2022-12-02 22:35:54.103810+00:00
1598783962037555228,ukraine-de,True,True,False,False,False,False,False,False,False,False,2022-12-02 22:35:54.103710+00:00,2022-12-02 22:35:54.103710+00:00
1598783980723179533,ukraine-de,True,True,False,False,False,False,False,False,False,False,2022-12-02 22:35:54.103595+00:00,2022-12-02 22:35:54.103595+00:00
1598784003863109634,ukraine-de,True,False,False,False,False,False,False,False,False,False,2022-12-02 22:35:45.783941+00:00,2022-12-02 22:35:45.783941+00:00
1598784006929121283,ukraine-de,True,True,False,False,False,False,False,False,False,False,2022-12-02 22:35:54.103494+00:00,2022-12-02 22:35:54.103494+00:00
1598784013191286800,ukraine-de,True,True,False,False,False,False,False,False,False,False,2022-12-02 22:35:54.103394+00:00,2022-12-02 22:35:54.103394+00:00
1598784040680640512,ukraine-de,True,True,False,False,False,False,False,False,False,False,2022-12-02 22:35:54.103279+00:00,2022-12-02 22:35:54.103279+00:00
1598784057776787457,ukraine-de,True,True,False,False,False,False,False,False,False,False,2022-12-02 22:35:54.103177+00:00,2022-12-02 22:35:54.103177+00:00
1598784085421223936,ukraine-de,True,True,False,False,False,False,False,False,False,False,2022-12-02 22:35:54.103073+00:00,2022-12-02 22:35:54.103073+00:00
1598784088143720448,ukraine-de,True,True,False,False,False,False,False,False,False,False,2022-12-02 22:35:54.102966+00:00,2022-12-02 22:35:54.102966+00:00
1598784139364249601,ukraine-de,True,True,False,False,False,False,False,False,False,False,2022-12-02 22:35:54.102844+00:00,2022-12-02 22:35:54.102844+00:00
1598784139465003010,ukraine-de,True,True,False,False,False,False,False,False,False,False,2022-12-02 22:35:54.102714+00:00,2022-12-02 22:35:54.102714+00:00
1598784160847437825,ukraine-de,True,True,False,False,False,False,False,False,False,False,2022-12-02 22:35:54.102581+00:00,2022-12-02 22:35:54.102581+00:00
1598784199934283810,ukraine-de,True,True,False,False,False,False,False,False,False,False,2022-12-02 22:35:54.102320+00:00,2022-12-02 22:35:54.102320+00:00
1598784227725627392,ukraine-de,True,True,False,False,False,False,False,False,False,False,2022-12-02 22:35:45.755015+00:00,2022-12-02 22:35:45.755015+00:00
1598784234105278487,ukraine-de,True,False,False,False,False,False,False,False,False,False,2022-12-02 22:35:45.787354+00:00,2022-12-02 22:35:45.787354+00:00
1598784236139356161,ukraine-de,True,True,False,False,False,False,False,False,False,False,2022-12-02 22:35:45.754888+00:00,2022-12-02 22:35:45.754888+00:00
1598784279151902720,ukraine-de,True,True,False,False,False,False,False,False,False,False,2022-12-02 22:35:45.754311+00:00,2022-12-02 22:35:45.754311+00:00
1598784280469114893,ukraine-de,True,True,False,False,False,False,False,False,False,False,2022-12-02 22:35:45.754192+00:00,2022-12-02 22:35:45.754192+00:00
1598784306633183244,ukraine-de,True,True,False,False,False,False,False,False,False,False,2022-12-02 22:35:45.754073+00:00,2022-12-02 22:35:45.754073+00:00
1598784310802149376,ukraine-de,True,True,False,False,False,False,False,False,False,False,2022-12-02 22:35:45.753962+00:00,2022-12-02 22:35:45.753962+00:00
1598784317412544530,ukraine-de,True,False,False,False,False,False,False,False,False,False,2022-12-02 22:35:17.188789+00:00,2022-12-02 22:35:17.188789+00:00
1598784340556714024,ukraine-de,True,True,False,False,False,False,False,False,False,False,2022-12-02 22:35:45.753581+00:00,2022-12-02 22:35:45.753581+00:00
1598784342548889600,ukraine-de,True,True,False,False,False,False,False,False,False,False,2022-12-02 22:35:45.753466+00:00,2022-12-02 22:35:45.753466+00:00
1598784371967856647,ukraine-de,True,True,False,False,False,False,False,False,False,False,2022-12-02 22:35:45.753364+00:00,2022-12-02 22:35:45.753364+00:00
1598784399386054656,ukraine-de,True,True,False,False,False,False,False,False,False,False,2022-12-02 22:35:45.753238+00:00,2022-12-02 22:35:45.753238+00:00
1598784408885989376,ukraine-de,True,True,False,False,False,False,False,False,False,False,2022-12-02 22:35:45.753082+00:00,2022-12-02 22:35:45.753082+00:00
1598784424333651968,ukraine-de,True,True,False,False,False,False,False,False,False,False,2022-12-02 22:35:45.752978+00:00,2022-12-02 22:35:45.752978+00:00
1598784439915630593,ukraine-de,True,True,False,False,False,False,False,False,False,False,2022-12-02 22:35:45.752871+00:00,2022-12-02 22:35:45.752871+00:00
1598784457724624896,ukraine-de,True,True,False,False,False,False,False,False,False,False,2022-12-02 22:35:45.752746+00:00,2022-12-02 22:35:45.752746+00:00
1598784481841725440,ukraine-de,True,True,False,False,False,False,False,False,False,False,2022-12-02 22:35:45.752528+00:00,2022-12-02 22:35:45.752528+00:00
1598784505480941582,ukraine-de,True,True,False,False,False,False,False,False,False,False,2022-12-02 22:35:45.752126+00:00,2022-12-02 22:35:45.752126+00:00
1598784514678960128,ukraine-de,True,True,False,False,False,False,False,False,False,False,2022-12-02 22:35:45.751945+00:00,2022-12-02 22:35:45.751945+00:00
1598784541434335232,ukraine-de,True,True,False,False,False,False,False,False,False,False,2022-12-02 22:35:45.751647+00:00,2022-12-02 22:35:45.751647+00:00
1598784559545466880,ukraine-de,True,False,False,False,False,False,False,False,False,False,2022-12-03 08:10:46.243098+00:00,2022-12-03 08:10:46.243098+00:00
1598784561437151273,ukraine-de,True,True,False,False,False,False,False,False,False,False,2022-12-02 22:35:45.751506+00:00,2022-12-02 22:35:45.751506+00:00
1598784572916961305,ukraine-de,True,True,False,False,False,False,False,False,False,False,2022-12-02 22:35:45.751109+00:00,2022-12-02 22:35:45.751109+00:00
1598784579845980160,ukraine-de,True,True,False,False,False,False,False,False,False,False,2022-12-02 22:35:45.750992+00:00,2022-12-02 22:35:45.750992+00:00
1598784587240378368,ukraine-de,True,True,False,False,False,False,False,False,False,False,2022-12-02 22:35:45.750869+00:00,2022-12-02 22:35:45.750869+00:00
1598784597457661952,ukraine-de,True,True,False,False,False,False,False,False,False,False,2022-12-02 22:35:45.750764+00:00,2022-12-02 22:35:45.750764+00:00
1598784597634031618,ukraine-de,True,True,False,False,False,False,False,False,False,False,2022-12-02 22:35:45.750586+00:00,2022-12-02 22:35:45.750586+00:00
1598784608312532992,ukraine-de,True,True,False,False,False,False,False,False,False,False,2022-12-02 22:35:45.750469+00:00,2022-12-02 22:35:45.750469+00:00
1598784620618780684,ukraine-de,True,True,False,False,False,False,False,False,False,False,2022-12-02 22:35:45.750370+00:00,2022-12-02 22:35:45.750370+00:00
1598784626289303553,ukraine-de,True,True,False,False,False,False,False,False,False,False,2022-12-02 22:35:45.750268+00:00,2022-12-02 22:35:45.750268+00:00
1598784653585809408,ukraine-de,True,True,False,False,False,False,False,False,False,False,2022-12-02 22:35:45.750153+00:00,2022-12-02 22:35:45.750153+00:00
1598784681721229312,ukraine-de,True,True,False,False,False,False,False,False,False,False,2022-12-02 22:35:45.750035+00:00,2022-12-02 22:35:45.750035+00:00
1598784729096282112,ukraine-de,True,True,False,False,False,False,False,False,False,False,2022-12-02 22:35:45.749918+00:00,2022-12-02 22:35:45.749918+00:00
1598784792908206110,ukraine-de,True,True,False,False,False,False,False,False,False,False,2022-12-02 22:35:45.749813+00:00,2022-12-02 22:35:45.749813+00:00
1598784800399056896,ukraine-de,True,True,False,False,False,False,False,False,False,False,2022-12-02 22:35:45.749647+00:00,2022-12-02 22:35:45.749647+00:00
1598784800575393798,ukraine-de,True,True,False,False,False,False,False,False,False,False,2022-12-02 22:35:45.749519+00:00,2022-12-02 22:35:45.749519+00:00
1598784821286866945,ukraine-de,True,True,False,False,False,False,False,False,False,False,2022-12-02 22:35:45.749413+00:00,2022-12-02 22:35:45.749413+00:00
1598784836231397376,ukraine-de,True,True,False,False,False,False,False,False,False,False,2022-12-02 22:35:45.749299+00:00,2022-12-02 22:35:45.749299+00:00
1598784844007460864,ukraine-de,True,True,False,False,False,False,False,False,False,False,2022-12-02 22:35:45.748961+00:00,2022-12-02 22:35:45.748961+00:00
1598784855998865408,ukraine-de,True,False,False,False,False,False,False,False,False,False,2022-12-02 22:35:45.789235+00:00,2022-12-02 22:35:45.789235+00:00
1598784859253911552,ukraine-de,True,True,False,False,False,False,False,False,False,False,2022-12-02 22:35:45.748832+00:00,2022-12-02 22:35:45.748832+00:00
1598784964857802752,ukraine-de,True,True,False,False,False,False,False,False,False,False,2022-12-02 22:35:45.748371+00:00,2022-12-02 22:35:45.748371+00:00
1598784975503257601,ukraine-de,True,True,False,False,False,False,False,False,False,False,2022-12-02 22:35:45.748270+00:00,2022-12-02 22:35:45.748270+00:00
1598785029684985856,ukraine-de,True,True,False,False,False,False,False,False,False,False,2022-12-02 22:35:45.748166+00:00,2022-12-02 22:35:45.748166+00:00
1598785041076666368,ukraine-de,True,True,False,False,False,False,False,False,False,False,2022-12-02 22:35:45.748035+00:00,2022-12-02 22:35:45.748035+00:00
1598785041907257377,ukraine-de,True,False,False,False,False,False,False,False,False,False,2022-12-02 22:35:45.779401+00:00,2022-12-02 22:35:45.779401+00:00
1598785138657267721,ukraine-de,True,True,False,False,False,False,False,False,False,False,2022-12-02 22:35:45.747679+00:00,2022-12-02 22:35:45.747679+00:00
1598785142415364104,ukraine-de,True,True,False,False,False,False,False,False,False,False,2022-12-02 22:35:45.747555+00:00,2022-12-02 22:35:45.747555+00:00
1598785187374108683,ukraine-de,True,True,False,False,False,False,False,False,False,False,2022-12-02 22:35:45.747417+00:00,2022-12-02 22:35:45.747417+00:00
1598785209079631875,ukraine-de,True,True,False,False,False,False,False,False,False,False,2022-12-02 22:35:45.747297+00:00,2022-12-02 22:35:45.747297+00:00
1598785230097289226,ukraine-de,True,True,False,False,False,False,False,False,False,False,2022-12-02 22:35:45.747176+00:00,2022-12-02 22:35:45.747176+00:00
1598785256366247937,ukraine-de,True,True,False,False,False,False,False,False,False,False,2022-12-02 22:35:45.747056+00:00,2022-12-02 22:35:45.747056+00:00
1598785259545497606,ukraine-de,True,True,False,False,False,False,False,False,False,False,2022-12-02 22:35:45.746764+00:00,2022-12-02 22:35:45.746764+00:00
1598785263957860352,ukraine-de,True,True,False,False,False,False,False,False,False,False,2022-12-02 22:35:45.746662+00:00,2022-12-02 22:35:45.746662+00:00
1598785299382997004,ukraine-de,True,True,False,False,False,False,False,False,False,False,2022-12-02 22:35:45.746525+00:00,2022-12-02 22:35:45.746525+00:00
1598785321864691712,ukraine-de,True,True,False,False,False,False,False,False,False,False,2022-12-02 22:35:45.746409+00:00,2022-12-02 22:35:45.746409+00:00
1598785332438306836,ukraine-de,True,True,False,False,False,False,False,False,False,False,2022-12-02 22:35:45.745958+00:00,2022-12-02 22:35:45.745958+00:00
1598785354794143744,ukraine-de,True,True,False,False,False,False,False,False,False,False,2022-12-02 22:35:45.745858+00:00,2022-12-02 22:35:45.745858+00:00
1598785383889833984,ukraine-de,True,False,False,False,False,False,False,False,False,False,2022-12-03 11:05:50.196161+00:00,2022-12-03 11:05:50.196161+00:00
1598785422045417501,ukraine-de,True,True,False,False,False,False,False,False,False,False,2022-12-02 22:35:45.745757+00:00,2022-12-02 22:35:45.745757+00:00
1598785472909742081,ukraine-de,True,True,False,False,False,False,False,False,False,False,2022-12-02 22:35:45.745653+00:00,2022-12-02 22:35:45.745653+00:00
1598785519378259968,ukraine-de,True,True,False,False,False,False,False,False,False,False,2022-12-02 22:35:45.745526+00:00,2022-12-02 22:35:45.745526+00:00
1598785524432392192,ukraine-de,True,True,False,False,False,False,False,False,False,False,2022-12-02 22:35:45.745421+00:00,2022-12-02 22:35:45.745421+00:00
1598785537900711937,ukraine-de,True,True,False,False,False,False,False,False,False,False,2022-12-02 22:35:45.745307+00:00,2022-12-02 22:35:45.745307+00:00
1598785566400659456,ukraine-de,True,False,False,False,False,False,False,False,False,False,2022-12-03 01:30:30.089686+00:00,2022-12-03 01:30:30.089686+00:00
1598785574848106502,ukraine-de,True,True,False,False,False,False,False,False,False,False,2022-12-02 22:35:45.745113+00:00,2022-12-02 22:35:45.745113+00:00
1598785577217888284,ukraine-de,True,True,False,False,False,False,False,False,False,False,2022-12-02 22:35:45.744520+00:00,2022-12-02 22:35:45.744520+00:00
1598785628212056065,ukraine-de,True,True,False,False,False,False,False,False,False,False,2022-12-02 22:35:45.744405+00:00,2022-12-02 22:35:45.744405+00:00
1598785632372826112,ukraine-de,True,True,False,False,False,False,False,False,False,False,2022-12-02 22:35:45.744302+00:00,2022-12-02 22:35:45.744302+00:00
1598785715093049360,ukraine-de,True,True,False,False,False,False,False,False,False,False,2022-12-02 22:35:45.744181+00:00,2022-12-02 22:35:45.744181+00:00
1598785729995411468,ukraine-de,True,True,False,False,False,False,False,False,False,False,2022-12-02 22:35:45.744029+00:00,2022-12-02 22:35:45.744029+00:00
1598785758684336128,ukraine-de,True,True,False,False,False,False,False,False,False,False,2022-12-02 22:35:45.743839+00:00,2022-12-02 22:35:45.743839+00:00
1598785762920570882,ukraine-de,True,True,False,False,False,False,False,False,False,False,2022-12-02 22:35:45.743723+00:00,2022-12-02 22:35:45.743723+00:00
1598785798530338829,ukraine-de,True,True,False,False,False,False,False,False,False,False,2022-12-02 22:35:45.743619+00:00,2022-12-02 22:35:45.743619+00:00
1598785799872389121,ukraine-de,True,True,False,False,False,False,False,False,False,False,2022-12-02 22:35:45.743420+00:00,2022-12-02 22:35:45.743420+00:00
1598785806969278491,ukraine-de,True,True,False,False,False,False,False,False,False,False,2022-12-02 22:35:45.743297+00:00,2022-12-02 22:35:45.743297+00:00
1598785810374881281,ukraine-de,True,True,False,False,False,False,False,False,False,False,2022-12-02 22:35:45.743067+00:00,2022-12-02 22:35:45.743067+00:00
1598785811444600865,ukraine-de,True,True,False,False,False,False,False,False,False,False,2022-12-02 22:35:45.742967+00:00,2022-12-02 22:35:45.742967+00:00
1598785823700357123,ukraine-de,True,True,False,False,False,False,False,False,False,False,2022-12-02 22:35:45.742866+00:00,2022-12-02 22:35:45.742866+00:00
1598785846823374848,ukraine-de,True,True,False,False,False,False,False,False,False,False,2022-12-02 22:35:45.742764+00:00,2022-12-02 22:35:45.742764+00:00
1598785849688264733,ukraine-de,True,True,False,False,False,False,False,False,False,False,2022-12-02 22:35:45.742662+00:00,2022-12-02 22:35:45.742662+00:00
1598785852335095808,ukraine-de,True,True,False,False,False,False,False,False,False,False,2022-12-02 22:35:45.742543+00:00,2022-12-02 22:35:45.742543+00:00
1598785882756190208,ukraine-de,True,True,False,False,False,False,False,False,False,False,2022-12-02 22:35:45.742429+00:00,2022-12-02 22:35:45.742429+00:00
1598785929879375872,ukraine-de,True,False,False,False,False,False,False,False,False,False,2022-12-02 22:35:17.182130+00:00,2022-12-02 22:35:17.182130+00:00
1598785953552044033,ukraine-de,True,True,False,False,False,False,False,False,False,False,2022-12-02 22:35:45.742329+00:00,2022-12-02 22:35:45.742329+00:00
1598785965836931106,ukraine-de,True,True,False,False,False,False,False,False,False,False,2022-12-02 22:35:45.742223+00:00,2022-12-02 22:35:45.742223+00:00
1598785969238736896,ukraine-de,True,True,False,False,False,False,False,False,False,False,2022-12-02 22:35:45.742039+00:00,2022-12-02 22:35:45.742039+00:00
1598785976058449925,ukraine-de,True,True,False,False,False,False,False,False,False,False,2022-12-02 22:35:45.741923+00:00,2022-12-02 22:35:45.741923+00:00
1598785994907652143,ukraine-de,True,False,False,False,False,False,False,False,False,False,2022-12-02 22:35:45.786540+00:00,2022-12-02 22:35:45.786540+00:00
1598786003434582016,ukraine-de,True,True,False,False,False,False,False,False,False,False,2022-12-02 22:35:45.741822+00:00,2022-12-02 22:35:45.741822+00:00
1598786027006590976,ukraine-de,True,True,False,False,False,False,False,False,False,False,2022-12-02 22:35:45.741719+00:00,2022-12-02 22:35:45.741719+00:00
1598786059827044352,ukraine-de,True,True,False,False,False,False,False,False,False,False,2022-12-02 22:35:45.741572+00:00,2022-12-02 22:35:45.741572+00:00
1598786138990223360,ukraine-de,True,True,False,False,False,False,False,False,False,False,2022-12-02 22:35:45.741457+00:00,2022-12-02 22:35:45.741457+00:00
1598786152122576896,ukraine-de,True,True,False,False,False,False,False,False,False,False,2022-12-02 22:35:45.741340+00:00,2022-12-02 22:35:45.741340+00:00
1598786167322906630,ukraine-de,True,True,False,False,False,False,False,False,False,False,2022-12-02 22:35:45.741226+00:00,2022-12-02 22:35:45.741226+00:00
1598786187870801938,ukraine-de,True,True,False,False,False,False,False,False,False,False,2022-12-02 22:35:45.741053+00:00,2022-12-02 22:35:45.741053+00:00
1598786189682741258,ukraine-de,True,True,False,False,False,False,False,False,False,False,2022-12-02 22:35:45.739924+00:00,2022-12-02 22:35:45.739924+00:00
1598786197089882127,ukraine-de,True,True,False,False,False,False,False,False,False,False,2022-12-02 22:35:45.739825+00:00,2022-12-02 22:35:45.739825+00:00
1598786207856660483,ukraine-de,True,True,False,False,False,False,False,False,False,False,2022-12-02 22:35:45.739725+00:00,2022-12-02 22:35:45.739725+00:00
1598786213909041170,ukraine-de,True,True,False,False,False,False,False,False,False,False,2022-12-02 22:35:45.739623+00:00,2022-12-02 22:35:45.739623+00:00
1598786234989481986,ukraine-de,True,True,False,False,False,False,False,False,False,False,2022-12-02 22:35:45.739520+00:00,2022-12-02 22:35:45.739520+00:00
1598786256695066624,ukraine-de,True,True,False,False,False,False,False,False,False,False,2022-12-02 22:35:45.739402+00:00,2022-12-02 22:35:45.739402+00:00
1598786266266361856,ukraine-de,True,True,False,False,False,False,False,False,False,False,2022-12-02 22:35:45.739285+00:00,2022-12-02 22:35:45.739285+00:00
1598786285157683210,ukraine-de,True,True,False,False,False,False,False,False,False,False,2022-12-02 22:35:45.739173+00:00,2022-12-02 22:35:45.739173+00:00
1598786288894754817,ukraine-de,True,True,False,False,False,False,False,False,False,False,2022-12-02 22:35:45.738895+00:00,2022-12-02 22:35:45.738895+00:00
1598786371329540096,ukraine-de,True,True,False,False,False,False,False,False,False,False,2022-12-02 22:35:45.738772+00:00,2022-12-02 22:35:45.738772+00:00
1598786397728608305,ukraine-de,True,True,False,False,False,False,False,False,False,False,2022-12-02 22:35:45.738673+00:00,2022-12-02 22:35:45.738673+00:00
1598786417685106706,ukraine-de,True,True,False,False,False,False,False,False,False,False,2022-12-02 22:35:45.738571+00:00,2022-12-02 22:35:45.738571+00:00
1598786434768506902,ukraine-de,True,True,False,False,False,False,False,False,False,False,2022-12-02 22:35:45.738463+00:00,2022-12-02 22:35:45.738463+00:00
1598786502011617280,ukraine-de,True,True,False,False,False,False,False,False,False,False,2022-12-02 22:35:45.738311+00:00,2022-12-02 22:35:45.738311+00:00
1598786521162600448,ukraine-de,True,True,False,False,False,False,False,False,False,False,2022-12-02 22:35:45.738206+00:00,2022-12-02 22:35:45.738206+00:00
1598786535293276162,ukraine-de,True,False,False,False,False,False,False,False,False,False,2022-12-02 22:35:17.198817+00:00,2022-12-02 22:35:17.198817+00:00
1598786612480966656,ukraine-de,True,True,False,False,False,False,False,False,False,False,2022-12-02 22:35:45.738087+00:00,2022-12-02 22:35:45.738087+00:00
1598786615996039169,ukraine-de,True,True,False,False,False,False,False,False,False,False,2022-12-02 22:35:45.737721+00:00,2022-12-02 22:35:45.737721+00:00
1598786646463365120,ukraine-de,True,True,False,False,False,False,False,False,False,False,2022-12-02 22:35:45.737617+00:00,2022-12-02 22:35:45.737617+00:00
1598786658270384129,ukraine-de,True,True,False,False,False,False,False,False,False,False,2022-12-02 22:35:45.737494+00:00,2022-12-02 22:35:45.737494+00:00
1598786680818995201,ukraine-de,True,True,False,False,False,False,False,False,False,False,2022-12-02 22:35:45.737338+00:00,2022-12-02 22:35:45.737338+00:00
1598786682169528335,ukraine-de,True,True,False,False,False,False,False,False,False,False,2022-12-02 22:35:45.737236+00:00,2022-12-02 22:35:45.737236+00:00
1598786760271708160,ukraine-de,True,True,False,False,False,False,False,False,False,False,2022-12-02 22:35:45.737127+00:00,2022-12-02 22:35:45.737127+00:00
1598786800201318401,ukraine-de,True,True,False,False,False,False,False,False,False,False,2022-12-02 22:35:45.737023+00:00,2022-12-02 22:35:45.737023+00:00
1598786808766029829,ukraine-de,True,True,False,False,False,False,False,False,False,False,2022-12-02 22:35:45.736917+00:00,2022-12-02 22:35:45.736917+00:00
1598786809915445255,ukraine-de,True,True,False,False,False,False,False,False,False,False,2022-12-02 22:35:45.736742+00:00,2022-12-02 22:35:45.736742+00:00
1598786811156828160,ukraine-de,True,True,False,False,False,False,False,False,False,False,2022-12-02 22:35:45.736636+00:00,2022-12-02 22:35:45.736636+00:00
1598786854043672576,ukraine-de,True,True,False,False,False,False,False,False,False,False,2022-12-02 22:35:45.736524+00:00,2022-12-02 22:35:45.736524+00:00
1598786888357146625,ukraine-de,True,True,False,False,False,False,False,False,False,False,2022-12-02 22:35:45.736390+00:00,2022-12-02 22:35:45.736390+00:00
1598786902836056069,ukraine-de,True,True,False,False,False,False,False,False,False,False,2022-12-02 22:35:45.735414+00:00,2022-12-02 22:35:45.735414+00:00
1598786943596302360,ukraine-de,True,True,False,False,False,False,False,False,False,False,2022-12-02 22:35:45.735316+00:00,2022-12-02 22:35:45.735316+00:00
1598786956153917440,ukraine-de,True,True,False,False,False,False,False,False,False,False,2022-12-02 22:35:45.735219+00:00,2022-12-02 22:35:45.735219+00:00
1598786959245189120,ukraine-de,True,True,False,False,False,False,False,False,False,False,2022-12-02 22:35:45.735121+00:00,2022-12-02 22:35:45.735121+00:00
1598786996926877709,ukraine-de,True,True,False,False,False,False,False,False,False,False,2022-12-02 22:35:45.735025+00:00,2022-12-02 22:35:45.735025+00:00
1598787010902183937,ukraine-de,True,True,False,False,False,False,False,False,False,False,2022-12-02 22:35:45.734927+00:00,2022-12-02 22:35:45.734927+00:00
1598787025108275200,ukraine-de,True,True,False,False,False,False,False,False,False,False,2022-12-02 22:35:45.734830+00:00,2022-12-02 22:35:45.734830+00:00
1598787055202574336,ukraine-de,True,True,False,False,False,False,False,False,False,False,2022-12-02 22:35:45.734712+00:00,2022-12-02 22:35:45.734712+00:00
1598787075414712320,ukraine-de,True,True,False,False,False,False,False,False,False,False,2022-12-02 22:35:45.734615+00:00,2022-12-02 22:35:45.734615+00:00
1598787075532328961,ukraine-de,True,True,False,False,False,False,False,False,False,False,2022-12-02 22:35:45.734498+00:00,2022-12-02 22:35:45.734498+00:00
1598787153860956191,ukraine-de,True,False,False,False,False,False,False,False,False,False,2022-12-02 22:35:45.780078+00:00,2022-12-02 22:35:45.780078+00:00
1598787194130468881,ukraine-de,True,True,False,False,False,False,False,False,False,False,2022-12-02 22:35:45.734400+00:00,2022-12-02 22:35:45.734400+00:00
1598787207262871553,ukraine-de,True,True,False,False,False,False,False,False,False,False,2022-12-02 22:35:45.734302+00:00,2022-12-02 22:35:45.734302+00:00
1598787218419683377,ukraine-de,True,True,False,False,False,False,False,False,False,False,2022-12-02 22:35:45.734203+00:00,2022-12-02 22:35:45.734203+00:00
1598787237239365632,ukraine-de,True,False,False,False,False,False,False,False,False,False,2022-12-02 22:35:45.784047+00:00,2022-12-02 22:35:45.784047+00:00
1598787284685492256,ukraine-de,True,True,False,False,False,False,False,False,False,False,2022-12-02 22:35:45.734105+00:00,2022-12-02 22:35:45.734105+00:00
1598787293162180608,ukraine-de,True,True,False,False,False,False,False,False,False,False,2022-12-02 22:35:45.734007+00:00,2022-12-02 22:35:45.734007+00:00
1598787369808891941,ukraine-de,True,True,False,False,False,False,False,False,False,False,2022-12-02 22:35:45.733894+00:00,2022-12-02 22:35:45.733894+00:00
1598787383226339329,ukraine-de,True,True,False,False,False,False,False,False,False,False,2022-12-02 22:35:45.733795+00:00,2022-12-02 22:35:45.733795+00:00
1598787396627070976,ukraine-de,True,True,False,False,False,False,False,False,False,False,2022-12-02 22:35:45.733695+00:00,2022-12-02 22:35:45.733695+00:00
1598787437496410112,ukraine-de,True,False,False,False,False,False,False,False,False,False,2022-12-03 11:05:26.627087+00:00,2022-12-03 11:05:26.627087+00:00
1598787446505934850,ukraine-de,True,True,False,False,False,False,False,False,False,False,2022-12-02 22:35:45.733567+00:00,2022-12-02 22:35:45.733567+00:00
1598787497298796544,ukraine-de,True,True,False,False,False,False,False,False,False,False,2022-12-02 22:35:45.733467+00:00,2022-12-02 22:35:45.733467+00:00
1598787532564488192,ukraine-de,True,True,False,False,False,False,False,False,False,False,2022-12-02 22:35:45.733361+00:00,2022-12-02 22:35:45.733361+00:00
1598787533986533382,ukraine-de,True,True,False,False,False,False,False,False,False,False,2022-12-02 22:35:45.733251+00:00,2022-12-02 22:35:45.733251+00:00
1598787580211830785,ukraine-de,True,True,False,False,False,False,False,False,False,False,2022-12-02 22:35:45.733142+00:00,2022-12-02 22:35:45.733142+00:00
1598787589359734808,ukraine-de,True,True,False,False,False,False,False,False,False,False,2022-12-02 22:35:45.733042+00:00,2022-12-02 22:35:45.733042+00:00
1598787595319721984,ukraine-de,True,True,False,False,False,False,False,False,False,False,2022-12-02 22:35:45.732942+00:00,2022-12-02 22:35:45.732942+00:00
1598787662411960320,ukraine-de,True,True,False,False,False,False,False,False,False,False,2022-12-02 22:35:45.732827+00:00,2022-12-02 22:35:45.732827+00:00
1598787669420609550,ukraine-de,True,True,False,False,False,False,False,False,False,False,2022-12-02 22:35:45.732727+00:00,2022-12-02 22:35:45.732727+00:00
1598787670255214592,ukraine-de,True,False,False,False,False,False,False,False,False,False,2022-12-02 22:35:45.781084+00:00,2022-12-02 22:35:45.781084+00:00
1598787670414884864,ukraine-de,True,True,False,False,False,False,False,False,False,False,2022-12-02 22:35:45.732611+00:00,2022-12-02 22:35:45.732611+00:00
1598787672000135168,ukraine-de,True,True,False,False,False,False,False,False,False,False,2022-12-02 22:35:45.732510+00:00,2022-12-02 22:35:45.732510+00:00
1598787690345873410,ukraine-de,True,True,False,False,False,False,False,False,False,False,2022-12-02 22:35:45.732407+00:00,2022-12-02 22:35:45.732407+00:00
1598787713649455104,ukraine-de,True,True,False,False,False,False,False,False,False,False,2022-12-02 22:35:45.732279+00:00,2022-12-02 22:35:45.732279+00:00
1598787732657958912,ukraine-de,True,True,False,False,False,False,False,False,False,False,2022-12-02 22:35:45.732107+00:00,2022-12-02 22:35:45.732107+00:00
1598787784139018305,ukraine-de,True,True,False,False,False,False,False,False,False,False,2022-12-02 22:35:45.732004+00:00,2022-12-02 22:35:45.732004+00:00
1598787794461200403,ukraine-de,True,True,False,False,False,False,False,False,False,False,2022-12-02 22:35:45.731810+00:00,2022-12-02 22:35:45.731810+00:00
1598787826769969153,ukraine-de,True,True,False,False,False,False,False,False,False,False,2022-12-02 22:35:45.731600+00:00,2022-12-02 22:35:45.731600+00:00
1598787837998108672,ukraine-de,True,True,False,False,False,False,False,False,False,False,2022-12-02 22:35:45.731491+00:00,2022-12-02 22:35:45.731491+00:00
1598787852279549952,ukraine-de,True,True,False,False,False,False,False,False,False,False,2022-12-02 22:35:45.731391+00:00,2022-12-02 22:35:45.731391+00:00
1598787920932081664,ukraine-de,True,True,False,False,False,False,False,False,False,False,2022-12-02 22:35:45.731272+00:00,2022-12-02 22:35:45.731272+00:00
1598787931598163987,ukraine-de,True,True,False,False,False,False,False,False,False,False,2022-12-02 22:35:45.731158+00:00,2022-12-02 22:35:45.731158+00:00
1598787939349237801,ukraine-de,True,False,False,False,False,False,False,False,False,False,2022-12-03 11:05:26.629907+00:00,2022-12-03 11:05:26.629907+00:00
1598787958273982464,ukraine-de,True,True,False,False,False,False,False,False,False,False,2022-12-02 22:35:45.731037+00:00,2022-12-02 22:35:45.731037+00:00
1598787960907960340,ukraine-de,True,True,False,False,False,False,False,False,False,False,2022-12-02 22:35:45.730813+00:00,2022-12-02 22:35:45.730813+00:00
1598787989949231104,ukraine-de,True,True,False,False,False,False,False,False,False,False,2022-12-02 22:35:45.730714+00:00,2022-12-02 22:35:45.730714+00:00
1598787991975170074,ukraine-de,True,True,False,False,False,False,False,False,False,False,2022-12-02 22:35:45.730555+00:00,2022-12-02 22:35:45.730555+00:00
1598788015710666752,ukraine-de,True,True,False,False,False,False,False,False,False,False,2022-12-02 22:35:45.730459+00:00,2022-12-02 22:35:45.730459+00:00
1598788107049893889,ukraine-de,True,True,False,False,False,False,False,False,False,False,2022-12-02 22:35:45.730347+00:00,2022-12-02 22:35:45.730347+00:00
1598788128474804224,ukraine-de,True,True,False,False,False,False,False,False,False,False,2022-12-02 22:35:45.730247+00:00,2022-12-02 22:35:45.730247+00:00
1598788134572937216,ukraine-de,True,True,False,False,False,False,False,False,False,False,2022-12-02 22:35:45.730134+00:00,2022-12-02 22:35:45.730134+00:00
1598788164746764288,ukraine-de,True,True,False,False,False,False,False,False,False,False,2022-12-02 22:35:45.730016+00:00,2022-12-02 22:35:45.730016+00:00
1598788165074141184,ukraine-de,True,True,False,False,False,False,False,False,False,False,2022-12-02 22:35:45.729916+00:00,2022-12-02 22:35:45.729916+00:00
1598788175715045393,ukraine-de,True,True,False,False,False,False,False,False,False,False,2022-12-02 22:35:45.729815+00:00,2022-12-02 22:35:45.729815+00:00
1598788231373283328,ukraine-de,True,True,False,False,False,False,False,False,False,False,2022-12-02 22:35:45.729712+00:00,2022-12-02 22:35:45.729712+00:00
1598788240470904853,ukraine-de,True,True,False,False,False,False,False,False,False,False,2022-12-02 22:35:45.729572+00:00,2022-12-02 22:35:45.729572+00:00
1598788257483001894,ukraine-de,True,True,False,False,False,False,False,False,False,False,2022-12-02 22:35:45.729368+00:00,2022-12-02 22:35:45.729368+00:00
1598788334503043073,ukraine-de,True,True,False,False,False,False,False,False,False,False,2022-12-02 22:35:45.729230+00:00,2022-12-02 22:35:45.729230+00:00
1598788347568136192,ukraine-de,True,True,False,False,False,False,False,False,False,False,2022-12-02 22:35:45.729096+00:00,2022-12-02 22:35:45.729096+00:00
1598788350449750046,ukraine-de,True,True,False,False,False,False,False,False,False,False,2022-12-02 22:35:45.728748+00:00,2022-12-02 22:35:45.728748+00:00
1598788365557633038,ukraine-de,True,True,False,False,False,False,False,False,False,False,2022-12-02 22:35:45.728649+00:00,2022-12-02 22:35:45.728649+00:00
1598788366606094336,ukraine-de,True,False,False,False,False,False,False,False,False,False,2022-12-02 22:35:17.178660+00:00,2022-12-02 22:35:17.178660+00:00
1598788367612661760,ukraine-de,True,True,False,False,False,False,False,False,False,False,2022-12-02 22:35:45.728532+00:00,2022-12-02 22:35:45.728532+00:00
1598788382074687488,ukraine-de,True,True,False,False,False,False,False,False,False,False,2022-12-02 22:35:45.728331+00:00,2022-12-02 22:35:45.728331+00:00
1598788384549441550,ukraine-de,True,True,False,False,False,False,False,False,False,False,2022-12-02 22:35:45.728201+00:00,2022-12-02 22:35:45.728201+00:00
1598788398310952975,ukraine-de,True,True,False,False,False,False,False,False,False,False,2022-12-02 22:35:45.728083+00:00,2022-12-02 22:35:45.728083+00:00
1598788405332217868,ukraine-de,True,True,False,False,False,False,False,False,False,False,2022-12-02 22:35:45.727968+00:00,2022-12-02 22:35:45.727968+00:00
1598788412127182848,ukraine-de,True,True,False,False,False,False,False,False,False,False,2022-12-02 22:35:45.727732+00:00,2022-12-02 22:35:45.727732+00:00
1598788441440935936,ukraine-de,True,True,False,False,False,False,False,False,False,False,2022-12-02 22:35:45.727636+00:00,2022-12-02 22:35:45.727636+00:00
1598788456125108224,ukraine-de,True,True,False,False,False,False,False,False,False,False,2022-12-02 22:35:45.727539+00:00,2022-12-02 22:35:45.727539+00:00
1598788471459614747,ukraine-de,True,True,False,False,False,False,False,False,False,False,2022-12-02 22:35:45.727406+00:00,2022-12-02 22:35:45.727406+00:00
1598788482113146905,ukraine-de,True,True,False,False,False,False,False,False,False,False,2022-12-02 22:35:45.727246+00:00,2022-12-02 22:35:45.727246+00:00
1598788593086042121,ukraine-de,True,True,False,False,False,False,False,False,False,False,2022-12-02 22:35:45.727150+00:00,2022-12-02 22:35:45.727150+00:00
1598788625734373377,ukraine-de,True,True,False,False,False,False,False,False,False,False,2022-12-02 22:35:45.727056+00:00,2022-12-02 22:35:45.727056+00:00
1598788699520700433,ukraine-de,True,True,False,False,False,False,False,False,False,False,2022-12-02 22:35:45.726960+00:00,2022-12-02 22:35:45.726960+00:00
1598788704272674816,ukraine-de,True,True,False,False,False,False,False,False,False,False,2022-12-02 22:35:45.726865+00:00,2022-12-02 22:35:45.726865+00:00
1598788716318887944,ukraine-de,True,True,False,False,False,False,False,False,False,False,2022-12-02 22:35:45.726770+00:00,2022-12-02 22:35:45.726770+00:00
1598788738485784580,ukraine-de,True,True,False,False,False,False,False,False,False,False,2022-12-02 22:35:45.726673+00:00,2022-12-02 22:35:45.726673+00:00
1598788743749636130,ukraine-de,True,True,False,False,False,False,False,False,False,False,2022-12-02 22:35:45.726576+00:00,2022-12-02 22:35:45.726576+00:00
1598788753539141642,ukraine-de,True,True,False,False,False,False,False,False,False,False,2022-12-02 22:35:45.726462+00:00,2022-12-02 22:35:45.726462+00:00
1598788766298038272,ukraine-de,True,True,False,False,False,False,False,False,False,False,2022-12-02 22:35:45.726351+00:00,2022-12-02 22:35:45.726351+00:00
1598788768118489088,ukraine-de,True,True,False,False,False,False,False,False,False,False,2022-12-02 22:35:45.726136+00:00,2022-12-02 22:35:45.726136+00:00
1598788776913997856,ukraine-de,True,True,False,False,False,False,False,False,False,False,2022-12-02 22:35:45.725989+00:00,2022-12-02 22:35:45.725989+00:00
1598788828135051269,ukraine-de,True,True,False,False,False,False,False,False,False,False,2022-12-02 22:35:45.725882+00:00,2022-12-02 22:35:45.725882+00:00
1598788828441022512,ukraine-de,True,True,False,False,False,False,False,False,False,False,2022-12-02 22:35:45.725782+00:00,2022-12-02 22:35:45.725782+00:00
1598788830525476864,ukraine-de,True,True,False,False,False,False,False,False,False,False,2022-12-02 22:35:45.725681+00:00,2022-12-02 22:35:45.725681+00:00
1598788897810616345,ukraine-de,True,False,False,False,False,False,False,False,False,False,2022-12-02 22:35:45.777727+00:00,2022-12-02 22:35:45.777727+00:00
1598788926134550528,ukraine-de,True,True,False,False,False,False,False,False,False,False,2022-12-02 22:35:45.725563+00:00,2022-12-02 22:35:45.725563+00:00
1598789034070839297,ukraine-de,True,True,False,False,False,False,False,False,False,False,2022-12-02 22:35:45.725459+00:00,2022-12-02 22:35:45.725459+00:00
1598789035799052295,ukraine-de,True,True,False,False,False,False,False,False,False,False,2022-12-02 22:35:45.725335+00:00,2022-12-02 22:35:45.725335+00:00
1598789078710947880,ukraine-de,True,True,False,False,False,False,False,False,False,False,2022-12-02 22:35:45.725228+00:00,2022-12-02 22:35:45.725228+00:00
1598789088437424129,ukraine-de,True,True,False,False,False,False,False,False,False,False,2022-12-02 22:35:45.725035+00:00,2022-12-02 22:35:45.725035+00:00
1598789142384676908,ukraine-de,True,False,False,False,False,False,False,False,False,False,2022-12-02 22:35:45.777823+00:00,2022-12-02 22:35:45.777823+00:00
1598789162450444288,ukraine-de,True,True,False,False,False,False,False,False,False,False,2022-12-02 22:35:45.724908+00:00,2022-12-02 22:35:45.724908+00:00
1598789189981638670,ukraine-de,True,True,False,False,False,False,False,False,False,False,2022-12-02 22:35:45.724807+00:00,2022-12-02 22:35:45.724807+00:00
1598789193836072960,ukraine-de,True,True,False,False,False,False,False,False,False,False,2022-12-02 22:35:45.724698+00:00,2022-12-02 22:35:45.724698+00:00
1598789199062306822,ukraine-de,True,True,False,False,False,False,False,False,False,False,2022-12-02 22:35:45.724598+00:00,2022-12-02 22:35:45.724598+00:00
1598789203659264014,ukraine-de,True,True,False,False,False,False,False,False,False,False,2022-12-02 22:35:45.724494+00:00,2022-12-02 22:35:45.724494+00:00
1598789240648716288,ukraine-de,True,True,False,False,False,False,False,False,False,False,2022-12-02 22:35:45.724372+00:00,2022-12-02 22:35:45.724372+00:00
1598789242338975744,ukraine-de,True,True,False,False,False,False,False,False,False,False,2022-12-02 22:35:17.193934+00:00,2022-12-02 22:35:45.724229+00:00
1598789255370792960,ukraine-de,True,True,False,False,False,False,False,False,False,False,2022-12-02 22:35:45.724130+00:00,2022-12-02 22:35:45.724130+00:00
1598789278821191684,ukraine-de,True,True,False,False,False,False,False,False,False,False,2022-12-02 22:35:45.724029+00:00,2022-12-02 22:35:45.724029+00:00
1598789284470919168,ukraine-de,True,True,False,False,False,False,False,False,False,False,2022-12-02 22:35:45.723883+00:00,2022-12-02 22:35:45.723883+00:00
1598789322185973760,ukraine-de,True,True,False,False,False,False,False,False,False,False,2022-12-02 22:35:45.723783+00:00,2022-12-02 22:35:45.723783+00:00
1598789324849393664,ukraine-de,True,True,False,False,False,False,False,False,False,False,2022-12-02 22:35:45.723680+00:00,2022-12-02 22:35:45.723680+00:00
1598789351210901505,ukraine-de,True,False,False,False,False,False,False,False,False,False,2022-12-03 08:10:46.244072+00:00,2022-12-03 08:10:46.244072+00:00
1598789356285612034,ukraine-de,True,True,False,False,False,False,False,False,False,False,2022-12-02 22:35:45.723566+00:00,2022-12-02 22:35:45.723566+00:00
1598789381866852377,ukraine-de,True,True,False,False,False,False,False,False,False,False,2022-12-02 22:35:45.723361+00:00,2022-12-02 22:35:45.723361+00:00
1598789411763851296,ukraine-de,True,False,False,False,False,False,False,False,False,False,2022-12-03 08:10:16.225572+00:00,2022-12-03 08:10:16.225572+00:00
1598789444122906625,ukraine-de,True,True,False,False,False,False,False,False,False,False,2022-12-02 22:35:45.723247+00:00,2022-12-02 22:35:45.723247+00:00
1598789445431529483,ukraine-de,True,True,False,False,False,False,False,False,False,False,2022-12-02 22:35:17.187941+00:00,2022-12-02 22:35:45.722998+00:00
1598789499911344138,ukraine-de,True,True,False,False,False,False,False,False,False,False,2022-12-02 22:35:45.722818+00:00,2022-12-02 22:35:45.722818+00:00
1598789506043240448,ukraine-de,True,False,False,False,False,False,False,False,False,False,2022-12-03 01:30:30.080131+00:00,2022-12-03 01:30:30.080131+00:00
1598789508484370434,ukraine-de,True,False,False,False,False,False,False,False,False,False,2022-12-03 01:30:30.081475+00:00,2022-12-03 01:30:30.081475+00:00
1598789534547906585,ukraine-de,True,True,False,False,False,False,False,False,False,False,2022-12-02 22:35:45.722566+00:00,2022-12-02 22:35:45.722566+00:00
1598789543141908480,ukraine-de,True,True,False,False,False,False,False,False,False,False,2022-12-02 22:35:45.722399+00:00,2022-12-02 22:35:45.722399+00:00
1598789546031910947,ukraine-de,True,True,False,False,False,False,False,False,False,False,2022-12-02 22:35:45.722295+00:00,2022-12-02 22:35:45.722295+00:00
1598789554739286021,ukraine-de,True,True,False,False,False,False,False,False,False,False,2022-12-02 22:35:45.722165+00:00,2022-12-02 22:35:45.722165+00:00
1598789562159009815,ukraine-de,True,True,False,False,False,False,False,False,False,False,2022-12-02 22:35:45.722034+00:00,2022-12-02 22:35:45.722034+00:00
1598789584468512786,ukraine-de,True,True,False,False,False,False,False,False,False,False,2022-12-02 22:35:45.721796+00:00,2022-12-02 22:35:45.721796+00:00
1598789595096879111,ukraine-de,True,True,False,False,False,False,False,False,False,False,2022-12-02 22:35:45.721579+00:00,2022-12-02 22:35:45.721579+00:00
1598789604840247327,ukraine-de,True,True,False,False,False,False,False,False,False,False,2022-12-02 22:35:45.721466+00:00,2022-12-02 22:35:45.721466+00:00
1598789634628194327,ukraine-de,True,False,False,False,False,False,False,False,False,False,2022-12-03 08:10:46.241579+00:00,2022-12-03 08:10:46.241579+00:00
1598789650772070404,ukraine-de,True,True,False,False,False,False,False,False,False,False,2022-12-02 22:35:45.721350+00:00,2022-12-02 22:35:45.721350+00:00
1598789680815869970,ukraine-de,True,True,False,False,False,False,False,False,False,False,2022-12-02 22:35:45.721245+00:00,2022-12-02 22:35:45.721245+00:00
1598789692652015619,ukraine-de,True,True,False,False,False,False,False,False,False,False,2022-12-02 22:35:17.186218+00:00,2022-12-02 22:35:45.721121+00:00
1598789695630372864,ukraine-de,True,True,False,False,False,False,False,False,False,False,2022-12-02 22:35:45.720866+00:00,2022-12-02 22:35:45.720866+00:00
1598789734943363094,ukraine-de,True,True,False,False,False,False,False,False,False,False,2022-12-02 22:35:45.720756+00:00,2022-12-02 22:35:45.720756+00:00
1598789772297834529,ukraine-de,True,True,False,False,False,False,False,False,False,False,2022-12-02 22:35:45.720638+00:00,2022-12-02 22:35:45.720638+00:00
1598789773728092181,ukraine-de,True,True,False,False,False,False,False,False,False,False,2022-12-02 22:35:45.720538+00:00,2022-12-02 22:35:45.720538+00:00
1598789777016455168,ukraine-de,True,True,False,False,False,False,False,False,False,False,2022-12-02 22:35:45.720437+00:00,2022-12-02 22:35:45.720437+00:00
1598789797627236371,ukraine-de,True,True,False,False,False,False,False,False,False,False,2022-12-02 22:35:45.720303+00:00,2022-12-02 22:35:45.720303+00:00
1598789799904743439,ukraine-de,True,True,False,False,False,False,False,False,False,False,2022-12-02 22:35:45.720206+00:00,2022-12-02 22:35:45.720206+00:00
1598789802148605952,ukraine-de,True,False,False,False,False,False,False,False,False,False,2022-12-02 22:35:45.774699+00:00,2022-12-02 22:35:45.774699+00:00
1598789865835008043,ukraine-de,True,True,False,False,False,False,False,False,False,False,2022-12-02 22:35:45.720106+00:00,2022-12-02 22:35:45.720106+00:00
1598789922562789376,ukraine-de,True,True,False,False,False,False,False,False,False,False,2022-12-02 22:35:45.719992+00:00,2022-12-02 22:35:45.719992+00:00
1598789940615081985,ukraine-de,True,True,False,False,False,False,False,False,False,False,2022-12-02 22:35:45.719710+00:00,2022-12-02 22:35:45.719710+00:00
1598789948169105410,ukraine-de,True,True,False,False,False,False,False,False,False,False,2022-12-02 22:35:45.719569+00:00,2022-12-02 22:35:45.719569+00:00
1598789949570093059,ukraine-de,True,True,False,False,False,False,False,False,False,False,2022-12-02 22:35:45.719453+00:00,2022-12-02 22:35:45.719453+00:00
1598789968897671168,ukraine-de,True,True,False,False,False,False,False,False,False,False,2022-12-02 22:35:45.719356+00:00,2022-12-02 22:35:45.719356+00:00
1598789970982014994,ukraine-de,True,True,False,False,False,False,False,False,False,False,2022-12-02 22:35:45.719260+00:00,2022-12-02 22:35:45.719260+00:00
1598789991785582595,ukraine-de,True,True,False,False,False,False,False,False,False,False,2022-12-02 22:35:45.719161+00:00,2022-12-02 22:35:45.719161+00:00
1598790002577707037,ukraine-de,True,True,False,False,False,False,False,False,False,False,2022-12-02 22:35:45.719064+00:00,2022-12-02 22:35:45.719064+00:00
1598790004901351427,ukraine-de,True,True,False,False,False,False,False,False,False,False,2022-12-02 22:35:45.718966+00:00,2022-12-02 22:35:45.718966+00:00
1598790023620440065,ukraine-de,True,True,False,False,False,False,False,False,False,False,2022-12-02 22:35:45.718863+00:00,2022-12-02 22:35:45.718863+00:00
1598790031191072768,ukraine-de,True,False,False,False,False,False,False,False,False,False,2022-12-03 01:30:18.799555+00:00,2022-12-03 01:30:18.799555+00:00
1598790071431282688,ukraine-de,True,True,False,False,False,False,False,False,False,False,2022-12-02 22:35:45.718610+00:00,2022-12-02 22:35:45.718610+00:00
1598790076355514388,ukraine-de,True,True,False,False,False,False,False,False,False,False,2022-12-02 22:35:45.718515+00:00,2022-12-02 22:35:45.718515+00:00
1598790083112538117,ukraine-de,True,True,False,False,False,False,False,False,False,False,2022-12-02 22:35:45.718405+00:00,2022-12-02 22:35:45.718405+00:00
1598790105023406080,ukraine-de,True,True,False,False,False,False,False,False,False,False,2022-12-02 22:35:45.718286+00:00,2022-12-02 22:35:45.718286+00:00
1598790119464570916,ukraine-de,True,False,False,False,False,False,False,False,False,False,2022-12-02 22:35:45.775968+00:00,2022-12-02 22:35:45.775968+00:00
1598790122337669121,ukraine-de,True,True,False,False,False,False,False,False,False,False,2022-12-02 22:35:45.718187+00:00,2022-12-02 22:35:45.718187+00:00
1598790124162076672,ukraine-de,True,True,False,False,False,False,False,False,False,False,2022-12-02 22:35:45.718087+00:00,2022-12-02 22:35:45.718087+00:00
1598790130046799884,ukraine-de,True,True,False,False,False,False,False,False,False,False,2022-12-02 22:35:45.717983+00:00,2022-12-02 22:35:45.717983+00:00
1598790137487495193,ukraine-de,True,True,False,False,False,False,False,False,False,False,2022-12-02 22:35:17.182445+00:00,2022-12-02 22:35:45.717877+00:00
1598790147474133025,ukraine-de,True,True,False,False,False,False,False,False,False,False,2022-12-02 22:35:45.717729+00:00,2022-12-02 22:35:45.717729+00:00
1598790151177703444,ukraine-de,True,True,False,False,False,False,False,False,False,False,2022-12-02 22:35:45.717418+00:00,2022-12-02 22:35:45.717418+00:00
1598790163815014400,ukraine-de,True,True,False,False,False,False,False,False,False,False,2022-12-02 22:35:45.717315+00:00,2022-12-02 22:35:45.717315+00:00
1598790168080748546,ukraine-de,True,True,False,False,False,False,False,False,False,False,2022-12-02 22:35:45.717135+00:00,2022-12-02 22:35:45.717135+00:00
1598790211558813696,ukraine-de,True,True,False,False,False,False,False,False,False,False,2022-12-02 22:35:45.717033+00:00,2022-12-02 22:35:45.717033+00:00
1598790223407742976,ukraine-de,True,True,False,False,False,False,False,False,False,False,2022-12-02 22:35:45.716921+00:00,2022-12-02 22:35:45.716921+00:00
1598790226628911105,ukraine-de,True,True,False,False,False,False,False,False,False,False,2022-12-02 22:35:45.716822+00:00,2022-12-02 22:35:45.716822+00:00
1598790231594979328,ukraine-de,True,True,False,False,False,False,False,False,False,False,2022-12-02 22:35:45.716720+00:00,2022-12-02 22:35:45.716720+00:00
1598790246505844736,ukraine-de,True,False,False,False,False,False,False,False,False,False,2022-12-02 22:35:45.774046+00:00,2022-12-02 22:35:45.774046+00:00
1598790248993067008,ukraine-de,True,True,False,False,False,False,False,False,False,False,2022-12-02 22:35:45.716608+00:00,2022-12-02 22:35:45.716608+00:00
1598790307948204057,ukraine-de,True,True,False,False,False,False,False,False,False,False,2022-12-02 22:35:45.716413+00:00,2022-12-02 22:35:45.716413+00:00
1598790322292543488,ukraine-de,True,True,False,False,False,False,False,False,False,False,2022-12-02 22:35:45.716310+00:00,2022-12-02 22:35:45.716310+00:00
1598790325534748672,ukraine-de,True,True,False,False,False,False,False,False,False,False,2022-12-02 22:35:45.716205+00:00,2022-12-02 22:35:45.716205+00:00
1598790331054624768,ukraine-de,True,True,False,False,False,False,False,False,False,False,2022-12-02 22:35:17.195218+00:00,2022-12-02 22:35:45.716098+00:00
1598790348226105374,ukraine-de,True,False,False,False,False,False,False,False,False,False,2022-12-02 22:35:45.771791+00:00,2022-12-02 22:35:45.771791+00:00
1598790351661240360,ukraine-de,True,True,False,False,False,False,False,False,False,False,2022-12-02 22:35:45.715972+00:00,2022-12-02 22:35:45.715972+00:00
1598790380798943232,ukraine-de,True,True,False,False,False,False,False,False,False,False,2022-12-02 22:35:45.715300+00:00,2022-12-02 22:35:45.715300+00:00
1598790387178434560,ukraine-de,True,True,False,False,False,False,False,False,False,False,2022-12-02 22:35:45.715186+00:00,2022-12-02 22:35:45.715186+00:00
1598790391863644172,ukraine-de,True,True,False,False,False,False,False,False,False,False,2022-12-02 22:35:45.715068+00:00,2022-12-02 22:35:45.715068+00:00
1598790396481572877,ukraine-de,True,True,False,False,False,False,False,False,False,False,2022-12-02 22:35:45.714962+00:00,2022-12-02 22:35:45.714962+00:00
1598790403326713856,ukraine-de,True,True,False,False,False,False,False,False,False,False,2022-12-02 22:35:45.714839+00:00,2022-12-02 22:35:45.714839+00:00
1598790412202016768,ukraine-de,True,True,False,False,False,False,False,False,False,False,2022-12-02 22:35:45.714513+00:00,2022-12-02 22:35:45.714513+00:00
1598790436549980160,ukraine-de,True,True,False,False,False,False,False,False,False,False,2022-12-02 22:35:45.714284+00:00,2022-12-02 22:35:45.714284+00:00
1598790447903739935,ukraine-de,True,True,False,False,False,False,False,False,False,False,2022-12-02 22:35:45.714117+00:00,2022-12-02 22:35:45.714117+00:00
1598790460335657031,ukraine-de,True,True,False,False,False,False,False,False,False,False,2022-12-02 22:35:45.714015+00:00,2022-12-02 22:35:45.714015+00:00
1598790461585559566,ukraine-de,True,True,False,False,False,False,False,False,False,False,2022-12-02 22:35:45.713907+00:00,2022-12-02 22:35:45.713907+00:00
1598790470439940097,ukraine-de,True,True,False,False,False,False,False,False,False,False,2022-12-02 22:35:45.713765+00:00,2022-12-02 22:35:45.713765+00:00
1598790477251502081,ukraine-de,True,True,False,False,False,False,False,False,False,False,2022-12-02 22:35:45.713604+00:00,2022-12-02 22:35:45.713604+00:00
1598790482682818560,ukraine-de,True,True,False,False,False,False,False,False,False,False,2022-12-02 22:35:45.713489+00:00,2022-12-02 22:35:45.713489+00:00
1598790491482558470,ukraine-de,True,True,False,False,False,False,False,False,False,False,2022-12-02 22:35:45.713372+00:00,2022-12-02 22:35:45.713372+00:00
1598790492153577472,ukraine-de,True,False,False,False,False,False,False,False,False,False,2022-12-02 22:35:45.771332+00:00,2022-12-02 22:35:45.771332+00:00
1598790533425471489,ukraine-de,True,True,False,False,False,False,False,False,False,False,2022-12-02 22:35:45.713129+00:00,2022-12-02 22:35:45.713129+00:00
1598790558817734656,ukraine-de,True,True,False,False,False,False,False,False,False,False,2022-12-02 22:35:45.713015+00:00,2022-12-02 22:35:45.713015+00:00
1598790584113762311,ukraine-de,True,True,False,False,False,False,False,False,False,False,2022-12-02 22:35:45.712902+00:00,2022-12-02 22:35:45.712902+00:00
1598790603109982208,ukraine-de,True,True,False,False,False,False,False,False,False,False,2022-12-02 22:35:45.712801+00:00,2022-12-02 22:35:45.712801+00:00
1598790603474554880,ukraine-de,True,True,False,False,False,False,False,False,False,False,2022-12-02 22:35:45.712686+00:00,2022-12-02 22:35:45.712686+00:00
1598790657698430976,ukraine-de,True,False,False,False,False,False,False,False,False,False,2022-12-02 22:35:17.198721+00:00,2022-12-02 22:35:17.198721+00:00
1598790667320365083,ukraine-de,True,True,False,False,False,False,False,False,False,False,2022-12-02 22:35:45.712589+00:00,2022-12-02 22:35:45.712589+00:00
1598790679710535680,ukraine-de,True,True,False,False,False,False,False,False,False,False,2022-12-02 22:35:45.712491+00:00,2022-12-02 22:35:45.712491+00:00
1598790698286911521,ukraine-de,True,True,False,False,False,False,False,False,False,False,2022-12-02 22:35:45.712392+00:00,2022-12-02 22:35:45.712392+00:00
1598790703290556416,ukraine-de,True,True,False,False,False,False,False,False,False,False,2022-12-02 22:35:45.712292+00:00,2022-12-02 22:35:45.712292+00:00
1598790726547931137,ukraine-de,True,True,False,False,False,False,False,False,False,False,2022-12-02 22:35:45.712191+00:00,2022-12-02 22:35:45.712191+00:00
1598790773058768901,ukraine-de,True,True,False,False,False,False,False,False,False,False,2022-12-02 22:35:45.712077+00:00,2022-12-02 22:35:45.712077+00:00
1598790779119423488,ukraine-de,True,True,False,False,False,False,False,False,False,False,2022-12-02 22:35:45.711978+00:00,2022-12-02 22:35:45.711978+00:00
1598790830923186176,ukraine-de,True,False,False,False,False,False,False,False,False,False,2022-12-03 01:30:30.071454+00:00,2022-12-03 01:30:30.071454+00:00
1598790836942213137,ukraine-de,True,False,False,False,False,False,False,False,False,False,2022-12-03 11:05:50.180299+00:00,2022-12-03 11:05:50.180299+00:00
1598790842700992557,ukraine-de,True,True,False,False,False,False,False,False,False,False,2022-12-02 22:35:45.711880+00:00,2022-12-02 22:35:45.711880+00:00
1598790860983963674,ukraine-de,True,True,False,False,False,False,False,False,False,False,2022-12-02 22:35:45.711780+00:00,2022-12-02 22:35:45.711780+00:00
1598790874384764957,ukraine-de,True,True,False,False,False,False,False,False,False,False,2022-12-02 22:35:45.711679+00:00,2022-12-02 22:35:45.711679+00:00
1598790876339310621,ukraine-de,True,True,False,False,False,False,False,False,False,False,2022-12-02 22:35:45.711562+00:00,2022-12-02 22:35:45.711562+00:00
1598790940822380545,ukraine-de,True,True,False,False,False,False,False,False,False,False,2022-12-02 22:35:45.711463+00:00,2022-12-02 22:35:45.711463+00:00
1598790948732997658,ukraine-de,True,True,False,False,False,False,False,False,False,False,2022-12-02 22:35:45.711364+00:00,2022-12-02 22:35:45.711364+00:00
1598790955137699854,ukraine-de,True,True,False,False,False,False,False,False,False,False,2022-12-02 22:35:45.711246+00:00,2022-12-02 22:35:45.711246+00:00
1598790963941498880,ukraine-de,True,True,False,False,False,False,False,False,False,False,2022-12-02 22:35:45.711143+00:00,2022-12-02 22:35:45.711143+00:00
1598790964104990720,ukraine-de,True,False,False,False,False,False,False,False,False,False,2022-12-02 22:35:45.764897+00:00,2022-12-02 22:35:45.764897+00:00
1598790977057132573,ukraine-de,True,True,False,False,False,False,False,False,False,False,2022-12-02 22:35:45.710946+00:00,2022-12-02 22:35:45.710946+00:00
1598790987874242571,ukraine-de,True,True,False,False,False,False,False,False,False,False,2022-12-02 22:35:45.710831+00:00,2022-12-02 22:35:45.710831+00:00
1598791016307314688,ukraine-de,True,True,False,False,False,False,False,False,False,False,2022-12-02 22:35:17.210396+00:00,2022-12-02 22:35:45.710736+00:00
1598791039564845066,ukraine-de,True,True,False,False,False,False,False,False,False,False,2022-12-02 22:35:45.710639+00:00,2022-12-02 22:35:45.710639+00:00
1598791056249786392,ukraine-de,True,True,False,False,False,False,False,False,False,False,2022-12-02 22:35:45.710542+00:00,2022-12-02 22:35:45.710542+00:00
1598791061354254345,ukraine-de,True,True,False,False,False,False,False,False,False,False,2022-12-02 22:35:45.710415+00:00,2022-12-02 22:35:45.710415+00:00
1598791068178386945,ukraine-de,True,True,False,False,False,False,False,False,False,False,2022-12-02 22:35:45.710313+00:00,2022-12-02 22:35:45.710313+00:00
1598791099983794194,ukraine-de,True,True,False,False,False,False,False,False,False,False,2022-12-02 22:35:45.710211+00:00,2022-12-02 22:35:45.710211+00:00
1598791116769222658,ukraine-de,True,True,False,False,False,False,False,False,False,False,2022-12-02 22:35:45.710103+00:00,2022-12-02 22:35:45.710103+00:00
1598791132976058368,ukraine-de,True,True,False,False,False,False,False,False,False,False,2022-12-02 22:35:45.710004+00:00,2022-12-02 22:35:45.710004+00:00
1598791138218893312,ukraine-de,True,True,False,False,False,False,False,False,False,False,2022-12-02 22:35:45.709902+00:00,2022-12-02 22:35:45.709902+00:00
1598791177033158656,ukraine-de,True,True,False,False,False,False,False,False,False,False,2022-12-02 22:35:45.709800+00:00,2022-12-02 22:35:45.709800+00:00
1598791177079234560,ukraine-de,True,True,False,False,False,False,False,False,False,False,2022-12-02 22:35:45.709682+00:00,2022-12-02 22:35:45.709682+00:00
1598791177993654305,ukraine-de,True,True,False,False,False,False,False,False,False,False,2022-12-02 22:35:45.709550+00:00,2022-12-02 22:35:45.709550+00:00
1598791201028771843,ukraine-de,True,True,False,False,False,False,False,False,False,False,2022-12-02 22:35:45.709434+00:00,2022-12-02 22:35:45.709434+00:00
1598791288488398864,ukraine-de,True,True,False,False,False,False,False,False,False,False,2022-12-02 22:35:45.709332+00:00,2022-12-02 22:35:45.709332+00:00
1598791319890972672,ukraine-de,True,True,False,False,False,False,False,False,False,False,2022-12-02 22:35:45.709158+00:00,2022-12-02 22:35:45.709158+00:00
1598791331408539649,ukraine-de,True,True,False,False,False,False,False,False,False,False,2022-12-02 22:35:45.708987+00:00,2022-12-02 22:35:45.708987+00:00
1598791333057073176,ukraine-de,True,False,False,False,False,False,False,False,False,False,2022-12-02 22:35:45.763753+00:00,2022-12-02 22:35:45.763753+00:00
1598791336274104346,ukraine-de,True,True,False,False,False,False,False,False,False,False,2022-12-02 22:35:45.708886+00:00,2022-12-02 22:35:45.708886+00:00
1598791345673420800,ukraine-de,True,True,False,False,False,False,False,False,False,False,2022-12-02 22:35:45.708785+00:00,2022-12-02 22:35:45.708785+00:00
1598791348483723275,ukraine-de,True,False,False,False,False,False,False,False,False,False,2022-12-03 01:30:30.090026+00:00,2022-12-03 01:30:30.090026+00:00
1598791353990713344,ukraine-de,True,True,False,False,False,False,False,False,False,False,2022-12-02 22:35:45.708669+00:00,2022-12-02 22:35:45.708669+00:00
1598791370566733825,ukraine-de,True,True,False,False,False,False,False,False,False,False,2022-12-02 22:35:45.708566+00:00,2022-12-02 22:35:45.708566+00:00
1598791386861473792,ukraine-de,True,False,False,False,False,False,False,False,False,False,2022-12-02 22:35:45.767704+00:00,2022-12-02 22:35:45.767704+00:00
1598791392188370957,ukraine-de,True,True,False,False,False,False,False,False,False,False,2022-12-02 22:35:45.708459+00:00,2022-12-02 22:35:45.708459+00:00
1598791426342428672,ukraine-de,True,True,False,False,False,False,False,False,False,False,2022-12-02 22:35:45.708360+00:00,2022-12-02 22:35:45.708360+00:00
1598791496563425280,ukraine-de,True,True,False,False,False,False,False,False,False,False,2022-12-02 22:35:45.708252+00:00,2022-12-02 22:35:45.708252+00:00
1598791529329528840,ukraine-de,True,True,False,False,False,False,False,False,False,False,2022-12-02 22:35:45.708136+00:00,2022-12-02 22:35:45.708136+00:00
1598791544173051905,ukraine-de,True,False,False,False,False,False,False,False,False,False,2022-12-03 08:10:16.227997+00:00,2022-12-03 08:10:16.227997+00:00
1598791552267997184,ukraine-de,True,True,False,False,False,False,False,False,False,False,2022-12-02 22:35:45.708040+00:00,2022-12-02 22:35:45.708040+00:00
1598791558672748545,ukraine-de,True,True,False,False,False,False,False,False,False,False,2022-12-02 22:35:45.707941+00:00,2022-12-02 22:35:45.707941+00:00
1598791574661451777,ukraine-de,True,True,False,False,False,False,False,False,False,False,2022-12-02 22:35:45.707840+00:00,2022-12-02 22:35:45.707840+00:00
1598791576091643904,ukraine-de,True,False,False,False,False,False,False,False,False,False,2022-12-02 22:35:45.766980+00:00,2022-12-02 22:35:45.766980+00:00
1598791588385239040,ukraine-de,True,True,False,False,False,False,False,False,False,False,2022-12-02 22:35:45.707742+00:00,2022-12-02 22:35:45.707742+00:00
1598791596086071311,ukraine-de,True,True,False,False,False,False,False,False,False,False,2022-12-02 22:35:45.707643+00:00,2022-12-02 22:35:45.707643+00:00
1598791601597435904,ukraine-de,True,True,False,False,False,False,False,False,False,False,2022-12-02 22:35:45.707545+00:00,2022-12-02 22:35:45.707545+00:00
1598791633415376923,ukraine-de,True,True,False,False,False,False,False,False,False,False,2022-12-02 22:35:45.707443+00:00,2022-12-02 22:35:45.707443+00:00
1598791638033305609,ukraine-de,True,True,False,False,False,False,False,False,False,False,2022-12-02 22:35:45.707329+00:00,2022-12-02 22:35:45.707329+00:00
1598791645390061569,ukraine-de,True,True,False,False,False,False,False,False,False,False,2022-12-02 22:35:45.707220+00:00,2022-12-02 22:35:45.707220+00:00
1598791654810521622,ukraine-de,True,True,False,False,False,False,False,False,False,False,2022-12-02 22:35:45.707103+00:00,2022-12-02 22:35:45.707103+00:00
1598791689740509185,ukraine-de,True,True,False,False,False,False,False,False,False,False,2022-12-02 22:35:45.706975+00:00,2022-12-02 22:35:45.706975+00:00
1598791692714446850,ukraine-de,True,True,False,False,False,False,False,False,False,False,2022-12-02 22:35:45.706876+00:00,2022-12-02 22:35:45.706876+00:00
1598791722544156672,ukraine-de,True,True,False,False,False,False,False,False,False,False,2022-12-02 22:35:45.706771+00:00,2022-12-02 22:35:45.706771+00:00
1598791746787446784,ukraine-de,True,True,False,False,False,False,False,False,False,False,2022-12-02 22:35:45.706659+00:00,2022-12-02 22:35:45.706659+00:00
1598791761518026752,ukraine-de,True,True,False,False,False,False,False,False,False,False,2022-12-02 22:35:45.706436+00:00,2022-12-02 22:35:45.706436+00:00
1598791789124673536,ukraine-de,True,True,False,False,False,False,False,False,False,False,2022-12-02 22:35:45.706338+00:00,2022-12-02 22:35:45.706338+00:00
1598791822851153937,ukraine-de,True,True,False,False,False,False,False,False,False,False,2022-12-02 22:35:45.706238+00:00,2022-12-02 22:35:45.706238+00:00
1598791868493570051,ukraine-de,True,False,False,False,False,False,False,False,False,False,2022-12-03 11:05:50.193013+00:00,2022-12-03 11:05:50.193013+00:00
1598791877855100929,ukraine-de,True,True,False,False,False,False,False,False,False,False,2022-12-02 22:35:45.706120+00:00,2022-12-02 22:35:45.706120+00:00
1598791907886374912,ukraine-de,True,True,False,False,False,False,False,False,False,False,2022-12-02 22:35:45.706021+00:00,2022-12-02 22:35:45.706021+00:00
1598791968095555584,ukraine-de,True,True,False,False,False,False,False,False,False,False,2022-12-02 22:35:45.705922+00:00,2022-12-02 22:35:45.705922+00:00
1598791986898771968,ukraine-de,True,True,False,False,False,False,False,False,False,False,2022-12-02 22:35:45.705823+00:00,2022-12-02 22:35:45.705823+00:00
1598792020465786899,ukraine-de,True,True,False,False,False,False,False,False,False,False,2022-12-02 22:35:45.705722+00:00,2022-12-02 22:35:45.705722+00:00
1598792042183893031,ukraine-de,True,False,False,False,False,False,False,False,False,False,2022-12-03 01:30:18.829628+00:00,2022-12-03 01:30:18.829628+00:00
1598792044926754817,ukraine-de,True,True,False,False,False,False,False,False,False,False,2022-12-02 22:35:45.705618+00:00,2022-12-02 22:35:45.705618+00:00
1598792057597960204,ukraine-de,True,True,False,False,False,False,False,False,False,False,2022-12-02 22:35:45.705494+00:00,2022-12-02 22:35:45.705494+00:00
1598792068608008202,ukraine-de,True,True,False,False,False,False,False,False,False,False,2022-12-02 22:35:45.705346+00:00,2022-12-02 22:35:45.705346+00:00
1598792072773120000,ukraine-de,True,True,False,False,False,False,False,False,False,False,2022-12-02 22:35:45.705236+00:00,2022-12-02 22:35:45.705236+00:00
1598792078024011777,ukraine-de,True,True,False,False,False,False,False,False,False,False,2022-12-02 22:35:45.705085+00:00,2022-12-02 22:35:45.705085+00:00
1598792086697877510,ukraine-de,True,True,False,False,False,False,False,False,False,False,2022-12-02 22:35:45.704984+00:00,2022-12-02 22:35:45.704984+00:00
1598792142155128844,ukraine-de,True,True,False,False,False,False,False,False,False,False,2022-12-02 22:35:45.704874+00:00,2022-12-02 22:35:45.704874+00:00
1598792156121948160,ukraine-de,True,True,False,False,False,False,False,False,False,False,2022-12-02 22:35:45.704718+00:00,2022-12-02 22:35:45.704718+00:00
1598792164909228053,ukraine-de,True,True,False,False,False,False,False,False,False,False,2022-12-02 22:35:45.704619+00:00,2022-12-02 22:35:45.704619+00:00
1598792197062762529,ukraine-de,True,False,False,False,False,False,False,False,False,False,2022-12-02 22:35:45.758667+00:00,2022-12-02 22:35:45.758667+00:00
1598792197423308800,ukraine-de,True,False,False,False,False,False,False,False,False,False,2022-12-03 01:30:30.077645+00:00,2022-12-03 01:30:30.077645+00:00
1598792199679791104,ukraine-de,True,True,False,False,False,False,False,False,False,False,2022-12-02 22:35:45.704509+00:00,2022-12-02 22:35:45.704509+00:00
1598792244139786240,ukraine-de,True,True,False,False,False,False,False,False,False,False,2022-12-02 22:35:45.704405+00:00,2022-12-02 22:35:45.704405+00:00
1598792259297845251,ukraine-de,True,False,False,False,False,False,False,False,False,False,2022-12-02 22:35:17.210692+00:00,2022-12-02 22:35:17.210692+00:00
1598792290075484160,ukraine-de,True,True,False,False,False,False,False,False,False,False,2022-12-02 22:35:45.704227+00:00,2022-12-02 22:35:45.704227+00:00
1598792333641883669,ukraine-de,True,True,False,False,False,False,False,False,False,False,2022-12-02 22:35:45.704128+00:00,2022-12-02 22:35:45.704128+00:00
1598792349160640512,ukraine-de,True,True,False,False,False,False,False,False,False,False,2022-12-02 22:35:45.704016+00:00,2022-12-02 22:35:45.704016+00:00
1598792356630863888,ukraine-de,True,True,False,False,False,False,False,False,False,False,2022-12-02 22:35:45.703916+00:00,2022-12-02 22:35:45.703916+00:00
1598792426604593152,ukraine-de,True,True,False,False,False,False,False,False,False,False,2022-12-02 22:35:45.703802+00:00,2022-12-02 22:35:45.703802+00:00
1598792445222952963,ukraine-de,True,True,False,False,False,False,False,False,False,False,2022-12-02 22:35:45.703686+00:00,2022-12-02 22:35:45.703686+00:00
1598792523358425088,ukraine-de,True,True,False,False,False,False,False,False,False,False,2022-12-02 22:35:45.703588+00:00,2022-12-02 22:35:45.703588+00:00
1598792530019196949,ukraine-de,True,True,False,False,False,False,False,False,False,False,2022-12-02 22:35:45.703488+00:00,2022-12-02 22:35:45.703488+00:00
1598792546435702824,ukraine-de,True,True,False,False,False,False,False,False,False,False,2022-12-02 22:35:45.703388+00:00,2022-12-02 22:35:45.703388+00:00
1598792556275539968,ukraine-de,True,True,False,False,False,False,False,False,False,False,2022-12-02 22:35:45.703284+00:00,2022-12-02 22:35:45.703284+00:00
1598792558045716480,ukraine-de,True,True,False,False,False,False,False,False,False,False,2022-12-02 22:35:45.703073+00:00,2022-12-02 22:35:45.703073+00:00
1598792579700912128,ukraine-de,True,True,False,False,False,False,False,False,False,False,2022-12-02 22:35:45.702972+00:00,2022-12-02 22:35:45.702972+00:00
1598792580673806346,ukraine-de,True,True,False,False,False,False,False,False,False,False,2022-12-02 22:35:45.702854+00:00,2022-12-02 22:35:45.702854+00:00
1598792599749500931,ukraine-de,True,True,False,False,False,False,False,False,False,False,2022-12-02 22:35:45.702756+00:00,2022-12-02 22:35:45.702756+00:00
1598792629885493248,ukraine-de,True,True,False,False,False,False,False,False,False,False,2022-12-02 22:35:45.702655+00:00,2022-12-02 22:35:45.702655+00:00
1598792642392989696,ukraine-de,True,True,False,False,False,False,False,False,False,False,2022-12-02 22:35:45.702540+00:00,2022-12-02 22:35:45.702540+00:00
1598792651549155354,ukraine-de,True,True,False,False,False,False,False,False,False,False,2022-12-02 22:35:45.702407+00:00,2022-12-02 22:35:45.702407+00:00
1598792672227074059,ukraine-de,True,False,False,False,False,False,False,False,False,False,2022-12-02 22:35:17.182777+00:00,2022-12-02 22:35:17.182777+00:00
1598792710864805888,ukraine-de,True,True,False,False,False,False,False,False,False,False,2022-12-02 22:35:17.192432+00:00,2022-12-02 22:35:45.702203+00:00
1598792720264228864,ukraine-de,True,True,False,False,False,False,False,False,False,False,2022-12-02 22:35:45.702100+00:00,2022-12-02 22:35:45.702100+00:00
1598792732067209231,ukraine-de,True,True,False,False,False,False,False,False,False,False,2022-12-02 22:35:45.701983+00:00,2022-12-02 22:35:45.701983+00:00
1598792745149075456,ukraine-de,True,True,False,False,False,False,False,False,False,False,2022-12-02 22:35:45.701884+00:00,2022-12-02 22:35:45.701884+00:00
1598792763826241536,ukraine-de,True,False,False,False,False,False,False,False,False,False,2022-12-02 22:35:17.196844+00:00,2022-12-02 22:35:17.196844+00:00
1598792828238405650,ukraine-de,True,True,False,False,False,False,False,False,False,False,2022-12-02 22:35:45.701783+00:00,2022-12-02 22:35:45.701783+00:00
1598792852405985310,ukraine-de,True,True,False,False,False,False,False,False,False,False,2022-12-02 22:35:45.701682+00:00,2022-12-02 22:35:45.701682+00:00
1598792903408906240,ukraine-de,True,True,False,False,False,False,False,False,False,False,2022-12-02 22:35:45.701563+00:00,2022-12-02 22:35:45.701563+00:00
1598792993967931392,ukraine-de,True,True,False,False,False,False,False,False,False,False,2022-12-02 22:35:45.701453+00:00,2022-12-02 22:35:45.701453+00:00
1598793000041054208,ukraine-de,True,True,False,False,False,False,False,False,False,False,2022-12-02 22:35:45.701296+00:00,2022-12-02 22:35:45.701296+00:00
1598793000628486144,ukraine-de,True,True,False,False,False,False,False,False,False,False,2022-12-02 22:35:45.701085+00:00,2022-12-02 22:35:45.701085+00:00
1598793059239661568,ukraine-de,True,True,False,False,False,False,False,False,False,False,2022-12-02 22:35:45.700944+00:00,2022-12-02 22:35:45.700944+00:00
1598793075412942851,ukraine-de,True,True,False,False,False,False,False,False,False,False,2022-12-02 22:35:45.700298+00:00,2022-12-02 22:35:45.700298+00:00
1598793094744272896,ukraine-de,True,True,False,False,False,False,False,False,False,False,2022-12-02 22:35:45.700199+00:00,2022-12-02 22:35:45.700199+00:00
1598793098254962688,ukraine-de,True,True,False,False,False,False,False,False,False,False,2022-12-02 22:35:45.700097+00:00,2022-12-02 22:35:45.700097+00:00
1598793111693664277,ukraine-de,True,True,False,False,False,False,False,False,False,False,2022-12-02 22:35:45.699980+00:00,2022-12-02 22:35:45.699980+00:00
1598793133629677568,ukraine-de,True,True,False,False,False,False,False,False,False,False,2022-12-02 22:35:45.699881+00:00,2022-12-02 22:35:45.699881+00:00
1598793150209851393,ukraine-de,True,True,False,False,False,False,False,False,False,False,2022-12-02 22:35:45.699776+00:00,2022-12-02 22:35:45.699776+00:00
1598793151505833984,ukraine-de,True,True,False,False,False,False,False,False,False,False,2022-12-02 22:35:45.699637+00:00,2022-12-02 22:35:45.699637+00:00
1598793174205374465,ukraine-de,True,True,False,False,False,False,False,False,False,False,2022-12-02 22:35:45.699522+00:00,2022-12-02 22:35:45.699522+00:00
1598793191284776972,ukraine-de,True,True,False,False,False,False,False,False,False,False,2022-12-02 22:35:45.699426+00:00,2022-12-02 22:35:45.699426+00:00
1598793191783899138,ukraine-de,True,True,False,False,False,False,False,False,False,False,2022-12-02 22:35:45.699325+00:00,2022-12-02 22:35:45.699325+00:00
1598793208611233793,ukraine-de,True,True,False,False,False,False,False,False,False,False,2022-12-02 22:35:45.699208+00:00,2022-12-02 22:35:45.699208+00:00
1598793223509614595,ukraine-de,True,True,False,False,False,False,False,False,False,False,2022-12-02 22:35:45.699006+00:00,2022-12-02 22:35:45.699006+00:00
1598793224432373766,ukraine-de,True,True,False,False,False,False,False,False,False,False,2022-12-02 22:35:45.698861+00:00,2022-12-02 22:35:45.698861+00:00
1598793229524082688,ukraine-de,True,True,False,False,False,False,False,False,False,False,2022-12-02 22:35:45.698767+00:00,2022-12-02 22:35:45.698767+00:00
1598793238973931521,ukraine-de,True,True,False,False,False,False,False,False,False,False,2022-12-02 22:35:45.698670+00:00,2022-12-02 22:35:45.698670+00:00
1598793241524150295,ukraine-de,True,True,False,False,False,False,False,False,False,False,2022-12-02 22:35:45.698573+00:00,2022-12-02 22:35:45.698573+00:00
1598793253817655303,ukraine-de,True,True,False,False,False,False,False,False,False,False,2022-12-02 22:35:45.698474+00:00,2022-12-02 22:35:45.698474+00:00
1598793291725774862,ukraine-de,True,True,False,False,False,False,False,False,False,False,2022-12-02 22:35:45.698362+00:00,2022-12-02 22:35:45.698362+00:00
1598793322360983552,ukraine-de,True,True,False,False,False,False,False,False,False,False,2022-12-02 22:35:45.698257+00:00,2022-12-02 22:35:45.698257+00:00
1598793344653697025,ukraine-de,True,True,False,False,False,False,False,False,False,False,2022-12-02 22:35:45.698131+00:00,2022-12-02 22:35:45.698131+00:00
1598793358939344896,ukraine-de,True,True,False,False,False,False,False,False,False,False,2022-12-02 22:35:45.697943+00:00,2022-12-02 22:35:45.697943+00:00
1598793368447856641,ukraine-de,True,True,False,False,False,False,False,False,False,False,2022-12-02 22:35:45.697834+00:00,2022-12-02 22:35:45.697834+00:00
1598793438404612097,ukraine-de,True,True,False,False,False,False,False,False,False,False,2022-12-02 22:35:45.697723+00:00,2022-12-02 22:35:45.697723+00:00
1598793487377657856,ukraine-de,True,True,False,False,False,False,False,False,False,False,2022-12-02 22:35:45.697583+00:00,2022-12-02 22:35:45.697583+00:00
1598793488568836096,ukraine-de,True,True,False,False,False,False,False,False,False,False,2022-12-02 22:35:45.697483+00:00,2022-12-02 22:35:45.697483+00:00
1598793499981160448,ukraine-de,True,True,False,False,False,False,False,False,False,False,2022-12-02 22:35:45.697380+00:00,2022-12-02 22:35:45.697380+00:00
1598793528007696393,ukraine-de,True,True,False,False,False,False,False,False,False,False,2022-12-02 22:35:45.697270+00:00,2022-12-02 22:35:45.697270+00:00
1598793542846980096,ukraine-de,True,True,False,False,False,False,False,False,False,False,2022-12-02 22:35:45.697097+00:00,2022-12-02 22:35:45.697097+00:00
1598793574853877761,ukraine-de,True,False,False,False,False,False,False,False,False,False,2022-12-03 08:10:46.218059+00:00,2022-12-03 08:10:46.218059+00:00
1598793600975790080,ukraine-de,True,True,False,False,False,False,False,False,False,False,2022-12-02 22:35:45.696996+00:00,2022-12-02 22:35:45.696996+00:00
1598793623738482688,ukraine-de,True,False,False,False,False,False,False,False,False,False,2022-12-03 01:30:18.834818+00:00,2022-12-03 01:30:18.834818+00:00
1598793627660156929,ukraine-de,True,True,False,False,False,False,False,False,False,False,2022-12-02 22:35:45.696895+00:00,2022-12-02 22:35:45.696895+00:00
1598793637705523226,ukraine-de,True,True,False,False,False,False,False,False,False,False,2022-12-02 22:35:45.696794+00:00,2022-12-02 22:35:45.696794+00:00
1598793643661217794,ukraine-de,True,True,False,False,False,False,False,False,False,False,2022-12-02 22:35:45.696690+00:00,2022-12-02 22:35:45.696690+00:00
1598793649881587717,ukraine-de,True,True,False,False,False,False,False,False,False,False,2022-12-02 22:35:45.696545+00:00,2022-12-02 22:35:45.696545+00:00
1598793661453545472,ukraine-de,True,True,False,False,False,False,False,False,False,False,2022-12-02 22:35:45.696402+00:00,2022-12-02 22:35:45.696402+00:00
1598793669078917136,ukraine-de,True,True,False,False,False,False,False,False,False,False,2022-12-02 22:35:45.696290+00:00,2022-12-02 22:35:45.696290+00:00
1598793670127456258,ukraine-de,True,True,False,False,False,False,False,False,False,False,2022-12-02 22:35:45.696145+00:00,2022-12-02 22:35:45.696145+00:00
1598793670622257152,ukraine-de,True,True,False,False,False,False,False,False,False,False,2022-12-02 22:35:45.694521+00:00,2022-12-02 22:35:45.694521+00:00
1598793673860325377,ukraine-de,True,True,False,False,False,False,False,False,False,False,2022-12-02 22:35:45.694422+00:00,2022-12-02 22:35:45.694422+00:00
1598793701253210112,ukraine-de,True,True,False,False,False,False,False,False,False,False,2022-12-02 22:35:45.694323+00:00,2022-12-02 22:35:45.694323+00:00
1598793774339325954,ukraine-de,True,True,False,False,False,False,False,False,False,False,2022-12-02 22:35:45.694223+00:00,2022-12-02 22:35:45.694223+00:00
1598793803061772288,ukraine-de,True,True,False,False,False,False,False,False,False,False,2022-12-02 22:35:45.694105+00:00,2022-12-02 22:35:45.694105+00:00
1598793804051451905,ukraine-de,True,False,False,False,False,False,False,False,False,False,2022-12-02 22:35:45.761627+00:00,2022-12-02 22:35:45.761627+00:00
1598793819717345283,ukraine-de,True,True,False,False,False,False,False,False,False,False,2022-12-02 22:35:45.693991+00:00,2022-12-02 22:35:45.693991+00:00
1598793822007435266,ukraine-de,True,True,False,False,False,False,False,False,False,False,2022-12-02 22:35:45.693893+00:00,2022-12-02 22:35:45.693893+00:00
1598793822464446465,ukraine-de,True,True,False,False,False,False,False,False,False,False,2022-12-02 22:35:45.693793+00:00,2022-12-02 22:35:45.693793+00:00
1598793835324268544,ukraine-de,True,True,False,False,False,False,False,False,False,False,2022-12-02 22:35:45.693690+00:00,2022-12-02 22:35:45.693690+00:00
1598793917427847168,ukraine-de,True,True,False,False,False,False,False,False,False,False,2022-12-02 22:35:45.693556+00:00,2022-12-02 22:35:45.693556+00:00
1598793944518754305,ukraine-de,True,True,False,False,False,False,False,False,False,False,2022-12-02 22:35:45.693455+00:00,2022-12-02 22:35:45.693455+00:00
1598793949614940162,ukraine-de,True,True,False,False,False,False,False,False,False,False,2022-12-02 22:35:45.693353+00:00,2022-12-02 22:35:45.693353+00:00
1598793952748085265,ukraine-de,True,True,False,False,False,False,False,False,False,False,2022-12-02 22:35:45.693238+00:00,2022-12-02 22:35:45.693238+00:00
1598793955130449933,ukraine-de,True,True,False,False,False,False,False,False,False,False,2022-12-02 22:35:45.693069+00:00,2022-12-02 22:35:45.693069+00:00
1598793958016131083,ukraine-de,True,True,False,False,False,False,False,False,False,False,2022-12-02 22:35:45.692970+00:00,2022-12-02 22:35:45.692970+00:00
1598793968069709824,ukraine-de,True,True,False,False,False,False,False,False,False,False,2022-12-02 22:35:45.692870+00:00,2022-12-02 22:35:45.692870+00:00
1598793979289632768,ukraine-de,True,True,False,False,False,False,False,False,False,False,2022-12-02 22:35:45.692751+00:00,2022-12-02 22:35:45.692751+00:00
1598794013657731072,ukraine-de,True,False,False,False,False,False,False,False,False,False,2022-12-02 22:35:45.762527+00:00,2022-12-02 22:35:45.762527+00:00
1598794015272411136,ukraine-de,True,True,False,False,False,False,False,False,False,False,2022-12-02 22:35:45.692650+00:00,2022-12-02 22:35:45.692650+00:00
1598794017193566222,ukraine-de,True,True,False,False,False,False,False,False,False,False,2022-12-02 22:35:45.692434+00:00,2022-12-02 22:35:45.692434+00:00
1598794035560255489,ukraine-de,True,True,False,False,False,False,False,False,False,False,2022-12-02 22:35:45.692335+00:00,2022-12-02 22:35:45.692335+00:00
1598794045194657792,ukraine-de,True,True,False,False,False,False,False,False,False,False,2022-12-02 22:35:45.692213+00:00,2022-12-02 22:35:45.692213+00:00
1598794068087263233,ukraine-de,True,True,False,False,False,False,False,False,False,False,2022-12-02 22:35:45.692114+00:00,2022-12-02 22:35:45.692114+00:00
1598794083295797248,ukraine-de,True,True,False,False,False,False,False,False,False,False,2022-12-02 22:35:45.692015+00:00,2022-12-02 22:35:45.692015+00:00
1598794118255321111,ukraine-de,True,True,False,False,False,False,False,False,False,False,2022-12-02 22:35:45.691916+00:00,2022-12-02 22:35:45.691916+00:00
1598794179412467735,ukraine-de,True,True,False,False,False,False,False,False,False,False,2022-12-02 22:35:45.691815+00:00,2022-12-02 22:35:45.691815+00:00
1598794190925705216,ukraine-de,True,True,False,False,False,False,False,False,False,False,2022-12-02 22:35:45.691694+00:00,2022-12-02 22:35:45.691694+00:00
1598794216187969536,ukraine-de,True,False,False,False,False,False,False,False,False,False,2022-12-03 11:05:17.132479+00:00,2022-12-03 11:05:17.132479+00:00
1598794220667650050,ukraine-de,True,True,False,False,False,False,False,False,False,False,2022-12-02 22:35:45.691595+00:00,2022-12-02 22:35:45.691595+00:00
1598794229765087245,ukraine-de,True,True,False,False,False,False,False,False,False,False,2022-12-02 22:35:45.691495+00:00,2022-12-02 22:35:45.691495+00:00
1598794235783757824,ukraine-de,True,True,False,False,False,False,False,False,False,False,2022-12-02 22:35:45.691392+00:00,2022-12-02 22:35:45.691392+00:00
1598794246651535362,ukraine-de,True,True,False,False,False,False,False,False,False,False,2022-12-02 22:35:45.691278+00:00,2022-12-02 22:35:45.691278+00:00
1598794256017080320,ukraine-de,True,False,False,False,False,False,False,False,False,False,2022-12-03 01:30:30.076501+00:00,2022-12-03 01:30:30.076501+00:00
1598794257879269376,ukraine-de,True,False,False,False,False,False,False,False,False,False,2022-12-02 22:35:17.200580+00:00,2022-12-02 22:35:17.200580+00:00
1598794258072444941,ukraine-de,True,True,False,False,False,False,False,False,False,False,2022-12-02 22:35:45.691157+00:00,2022-12-02 22:35:45.691157+00:00
1598794267937636353,ukraine-de,True,True,False,False,False,False,False,False,False,False,2022-12-02 22:35:45.691058+00:00,2022-12-02 22:35:45.691058+00:00
1598794281346637829,ukraine-de,True,True,False,False,False,False,False,False,False,False,2022-12-02 22:35:45.690959+00:00,2022-12-02 22:35:45.690959+00:00
1598794281526865920,ukraine-de,True,True,False,False,False,False,False,False,False,False,2022-12-02 22:35:45.690859+00:00,2022-12-02 22:35:45.690859+00:00
1598794298954326024,ukraine-de,True,True,False,False,False,False,False,False,False,False,2022-12-02 22:35:45.690758+00:00,2022-12-02 22:35:45.690758+00:00
1598794318332018688,ukraine-de,True,True,False,False,False,False,False,False,False,False,2022-12-02 22:35:45.690656+00:00,2022-12-02 22:35:45.690656+00:00
1598794374019620865,ukraine-de,True,True,False,False,False,False,False,False,False,False,2022-12-02 22:35:45.690553+00:00,2022-12-02 22:35:45.690553+00:00
1598794375282143232,ukraine-de,True,False,False,False,False,False,False,False,False,False,2022-12-02 22:35:17.186440+00:00,2022-12-02 22:35:17.186440+00:00
1598794397356724224,ukraine-de,True,True,False,False,False,False,False,False,False,False,2022-12-02 22:35:45.690433+00:00,2022-12-02 22:35:45.690433+00:00
1598794412837916672,ukraine-de,True,True,False,False,False,False,False,False,False,False,2022-12-02 22:35:45.690333+00:00,2022-12-02 22:35:45.690333+00:00
1598794424623964165,ukraine-de,True,True,False,False,False,False,False,False,False,False,2022-12-02 22:35:45.690235+00:00,2022-12-02 22:35:45.690235+00:00
1598794498502336513,ukraine-de,True,True,False,False,False,False,False,False,False,False,2022-12-02 22:35:45.690135+00:00,2022-12-02 22:35:45.690135+00:00
1598794506794545152,ukraine-de,True,False,False,False,False,False,False,False,False,False,2022-12-02 22:35:17.210495+00:00,2022-12-02 22:35:17.210495+00:00
1598794549207322624,ukraine-de,True,True,False,False,False,False,False,False,False,False,2022-12-02 22:35:45.690037+00:00,2022-12-02 22:35:45.690037+00:00
1598794585601232896,ukraine-de,True,True,False,False,False,False,False,False,False,False,2022-12-02 22:35:45.689939+00:00,2022-12-02 22:35:45.689939+00:00
1598794618337894400,ukraine-de,True,True,False,False,False,False,False,False,False,False,2022-12-02 22:35:45.689841+00:00,2022-12-02 22:35:45.689841+00:00
1598794635710603264,ukraine-de,True,True,False,False,False,False,False,False,False,False,2022-12-02 22:35:45.689742+00:00,2022-12-02 22:35:45.689742+00:00
1598794659765043202,ukraine-de,True,True,False,False,False,False,False,False,False,False,2022-12-02 22:35:45.689641+00:00,2022-12-02 22:35:45.689641+00:00
1598794690702319617,ukraine-de,True,True,False,False,False,False,False,False,False,False,2022-12-02 22:35:45.689521+00:00,2022-12-02 22:35:45.689521+00:00
1598794696163303431,ukraine-de,True,True,False,False,False,False,False,False,False,False,2022-12-02 22:35:45.689419+00:00,2022-12-02 22:35:45.689419+00:00
1598794708679016450,ukraine-de,True,True,False,False,False,False,False,False,False,False,2022-12-02 22:35:45.689313+00:00,2022-12-02 22:35:45.689313+00:00
1598794715595513884,ukraine-de,True,True,False,False,False,False,False,False,False,False,2022-12-02 22:35:45.689122+00:00,2022-12-02 22:35:45.689122+00:00
1598794730443345921,ukraine-de,True,True,False,False,False,False,False,False,False,False,2022-12-02 22:35:45.689022+00:00,2022-12-02 22:35:45.689022+00:00
1598794777075523586,ukraine-de,True,False,False,False,False,False,False,False,False,False,2022-12-03 11:06:05.453504+00:00,2022-12-03 11:06:05.453504+00:00
1598794815071608832,ukraine-de,True,True,False,False,False,False,False,False,False,False,2022-12-02 22:35:45.688919+00:00,2022-12-02 22:35:45.688919+00:00
1598794819916238854,ukraine-de,True,True,False,False,False,False,False,False,False,False,2022-12-02 22:35:45.688748+00:00,2022-12-02 22:35:45.688748+00:00
1598794873171320832,ukraine-de,True,True,False,False,False,False,False,False,False,False,2022-12-02 22:35:45.688642+00:00,2022-12-02 22:35:45.688642+00:00
1598794873171333121,ukraine-de,True,True,False,False,False,False,False,False,False,False,2022-12-02 22:35:45.688518+00:00,2022-12-02 22:35:45.688518+00:00
1598794961209761811,ukraine-de,True,True,False,False,False,False,False,False,False,False,2022-12-02 22:35:45.688413+00:00,2022-12-02 22:35:45.688413+00:00
1598794973389869057,ukraine-de,True,False,False,False,False,False,False,False,False,False,2022-12-03 01:30:30.078344+00:00,2022-12-03 01:30:30.078344+00:00
1598794987881525249,ukraine-de,True,True,False,False,False,False,False,False,False,False,2022-12-02 22:35:45.688284+00:00,2022-12-02 22:35:45.688284+00:00
1598794991106633728,ukraine-de,True,True,False,False,False,False,False,False,False,False,2022-12-02 22:35:45.688131+00:00,2022-12-02 22:35:45.688131+00:00
1598795028113068032,ukraine-de,True,True,False,False,False,False,False,False,False,False,2022-12-02 22:35:45.688019+00:00,2022-12-02 22:35:45.688019+00:00
1598795034383491073,ukraine-de,True,False,False,False,False,False,False,False,False,False,2022-12-03 11:05:57.669844+00:00,2022-12-03 11:05:57.669844+00:00
1598795070106476562,ukraine-de,True,True,False,False,False,False,False,False,False,False,2022-12-02 22:35:45.687869+00:00,2022-12-02 22:35:45.687869+00:00
1598795079002382336,ukraine-de,True,True,False,False,False,False,False,False,False,False,2022-12-02 22:35:17.209942+00:00,2022-12-02 22:35:45.687011+00:00
1598795142714073089,ukraine-de,True,False,False,False,False,False,False,False,False,False,2022-12-02 22:35:17.210892+00:00,2022-12-02 22:35:17.210892+00:00
1598795146505572352,ukraine-de,True,True,False,False,False,False,False,False,False,False,2022-12-02 22:35:45.686913+00:00,2022-12-02 22:35:45.686913+00:00
1598795247219343362,ukraine-de,True,False,False,False,False,False,False,False,False,False,2022-12-02 22:35:17.208611+00:00,2022-12-02 22:35:17.208611+00:00
1598795250289582090,ukraine-de,True,True,False,False,False,False,False,False,False,False,2022-12-02 22:35:45.686810+00:00,2022-12-02 22:35:45.686810+00:00
1598795277430796288,ukraine-de,True,True,False,False,False,False,False,False,False,False,2022-12-02 22:35:45.686696+00:00,2022-12-02 22:35:45.686696+00:00
1598795308539867136,ukraine-de,True,False,False,False,False,False,False,False,False,False,2022-12-02 22:35:17.208913+00:00,2022-12-02 22:35:17.208913+00:00
1598795315577962497,ukraine-de,True,True,False,False,False,False,False,False,False,False,2022-12-02 22:35:45.686598+00:00,2022-12-02 22:35:45.686598+00:00
1598795325736722441,ukraine-de,True,True,False,False,False,False,False,False,False,False,2022-12-02 22:35:45.686481+00:00,2022-12-02 22:35:45.686481+00:00
1598795369302745089,ukraine-de,True,True,False,False,False,False,False,False,False,False,2022-12-02 22:35:45.686356+00:00,2022-12-02 22:35:45.686356+00:00
1598795376928215040,ukraine-de,True,True,False,False,False,False,False,False,False,False,2022-12-02 22:35:45.686251+00:00,2022-12-02 22:35:45.686251+00:00
1598795426924068864,ukraine-de,True,True,False,False,False,False,False,False,False,False,2022-12-02 22:35:45.686145+00:00,2022-12-02 22:35:45.686145+00:00
1598795466115883023,ukraine-de,True,True,False,False,False,False,False,False,False,False,2022-12-02 22:35:45.686002+00:00,2022-12-02 22:35:45.686002+00:00
1598795483228430336,ukraine-de,True,True,False,False,False,False,False,False,False,False,2022-12-02 22:35:45.685895+00:00,2022-12-02 22:35:45.685895+00:00
1598795513922523137,ukraine-de,True,True,False,False,False,False,False,False,False,False,2022-12-02 22:35:45.685783+00:00,2022-12-02 22:35:45.685783+00:00
1598795521224843274,ukraine-de,True,True,False,False,False,False,False,False,False,False,2022-12-02 22:35:45.685642+00:00,2022-12-02 22:35:45.685642+00:00
1598795564660838400,ukraine-de,True,False,False,False,False,False,False,False,False,False,2022-12-02 22:35:17.210787+00:00,2022-12-02 22:35:17.210787+00:00
1598795647557173249,ukraine-de,True,True,False,False,False,False,False,False,False,False,2022-12-02 22:35:45.684434+00:00,2022-12-02 22:35:45.684434+00:00
1598795653186035726,ukraine-de,True,True,False,False,False,False,False,False,False,False,2022-12-02 22:35:17.176558+00:00,2022-12-02 22:35:17.176558+00:00
1598795671062159364,ukraine-de,True,True,False,False,False,False,False,False,False,False,2022-12-02 22:35:17.176459+00:00,2022-12-02 22:35:17.176459+00:00
1598795672303521792,ukraine-de,True,True,False,False,False,False,False,False,False,False,2022-12-02 22:35:17.176362+00:00,2022-12-02 22:35:17.176362+00:00
1598795673146908672,ukraine-de,True,True,False,False,False,False,False,False,False,False,2022-12-02 22:35:17.176263+00:00,2022-12-02 22:35:17.176263+00:00
1598795677307240448,ukraine-de,True,True,False,False,False,False,False,False,False,False,2022-12-02 22:35:17.176163+00:00,2022-12-02 22:35:17.176163+00:00
1598795684584431616,ukraine-de,True,True,False,False,False,False,False,False,False,False,2022-12-02 22:35:17.176062+00:00,2022-12-02 22:35:17.176062+00:00
1598795718449397761,ukraine-de,True,True,False,False,False,False,False,False,False,False,2022-12-02 22:35:17.175963+00:00,2022-12-02 22:35:17.175963+00:00
1598795727920144391,ukraine-de,True,False,False,False,False,False,False,False,False,False,2022-12-02 22:35:17.199772+00:00,2022-12-02 22:35:17.199772+00:00
1598795754285539332,ukraine-de,True,True,False,False,False,False,False,False,False,False,2022-12-02 22:35:17.175866+00:00,2022-12-02 22:35:17.175866+00:00
1598795770605576196,ukraine-de,True,True,False,False,False,False,False,False,False,False,2022-12-02 22:35:17.175766+00:00,2022-12-02 22:35:17.175766+00:00
1598795792353054720,ukraine-de,True,True,False,False,False,False,False,False,False,False,2022-12-02 22:35:17.175668+00:00,2022-12-02 22:35:17.175668+00:00
1598795808836419585,ukraine-de,True,True,False,False,False,False,False,False,False,False,2022-12-02 22:35:17.175565+00:00,2022-12-02 22:35:17.175565+00:00
1598795809969307648,ukraine-de,True,True,False,False,False,False,False,False,False,False,2022-12-02 22:35:17.175466+00:00,2022-12-02 22:35:17.175466+00:00
1598795832446242816,ukraine-de,True,True,False,False,False,False,False,False,False,False,2022-12-02 22:35:17.175364+00:00,2022-12-02 22:35:17.175364+00:00
1598795841556418562,ukraine-de,True,True,False,False,False,False,False,False,False,False,2022-12-02 22:35:17.175250+00:00,2022-12-02 22:35:17.175250+00:00
1598795873466470401,ukraine-de,True,True,False,False,False,False,False,False,False,False,2022-12-02 22:35:17.175079+00:00,2022-12-02 22:35:17.175079+00:00
1598795882706632712,ukraine-de,True,False,False,False,False,False,False,False,False,False,2022-12-03 05:35:06.056944+00:00,2022-12-03 05:35:06.056944+00:00
1598795904500244480,ukraine-de,True,True,False,False,False,False,False,False,False,False,2022-12-02 22:35:17.174970+00:00,2022-12-02 22:35:17.174970+00:00
1598795936473313282,ukraine-de,True,True,False,False,False,False,False,False,False,False,2022-12-02 22:35:17.174848+00:00,2022-12-02 22:35:17.174848+00:00
1598795938037997569,ukraine-de,True,True,False,False,False,False,False,False,False,False,2022-12-02 22:35:17.174748+00:00,2022-12-02 22:35:17.174748+00:00
1598795953699291137,ukraine-de,True,True,False,False,False,False,False,False,False,False,2022-12-02 22:35:17.174648+00:00,2022-12-02 22:35:17.174648+00:00
1598795981147017216,ukraine-de,True,True,False,False,False,False,False,False,False,False,2022-12-02 22:35:17.174545+00:00,2022-12-02 22:35:17.174545+00:00
1598796010020642828,ukraine-de,True,True,False,False,False,False,False,False,False,False,2022-12-02 22:35:17.174444+00:00,2022-12-02 22:35:17.174444+00:00
1598796019692703747,ukraine-de,True,True,False,False,False,False,False,False,False,False,2022-12-02 22:35:17.174318+00:00,2022-12-02 22:35:17.174318+00:00
1598796024499388416,ukraine-de,True,True,False,False,False,False,False,False,False,False,2022-12-02 22:35:17.174215+00:00,2022-12-02 22:35:17.174215+00:00
1598796037912764435,ukraine-de,True,True,False,False,False,False,False,False,False,False,2022-12-02 22:35:17.174045+00:00,2022-12-02 22:35:17.174045+00:00
1598796048692019201,ukraine-de,True,True,False,False,False,False,False,False,False,False,2022-12-02 22:35:17.173933+00:00,2022-12-02 22:35:17.173933+00:00
1598796059874324480,ukraine-de,True,True,False,False,False,False,False,False,False,False,2022-12-02 22:35:17.173766+00:00,2022-12-02 22:35:17.173766+00:00
1598796083659829249,ukraine-de,True,True,False,False,False,False,False,False,False,False,2022-12-02 22:35:17.173643+00:00,2022-12-02 22:35:17.173643+00:00
1598796085740412932,ukraine-de,True,True,False,False,False,False,False,False,False,False,2022-12-02 22:35:17.173514+00:00,2022-12-02 22:35:17.173514+00:00
1598796113531744256,ukraine-de,True,True,False,False,False,False,False,False,False,False,2022-12-02 22:35:17.173331+00:00,2022-12-02 22:35:17.173331+00:00
1598796119785574400,ukraine-de,True,False,False,False,False,False,False,False,False,False,2022-12-03 01:30:18.833769+00:00,2022-12-03 01:30:18.833769+00:00
1598796178283319296,ukraine-de,True,True,False,False,False,False,False,False,False,False,2022-12-02 22:35:17.173214+00:00,2022-12-02 22:35:17.173214+00:00
1598796222223065096,ukraine-de,True,True,False,False,False,False,False,False,False,False,2022-12-02 22:35:17.173096+00:00,2022-12-02 22:35:17.173096+00:00
1598796228212531208,ukraine-de,True,True,False,False,False,False,False,False,False,False,2022-12-02 22:35:17.172920+00:00,2022-12-02 22:35:17.172920+00:00
1598796263083974658,ukraine-de,True,True,False,False,False,False,False,False,False,False,2022-12-02 22:35:17.172819+00:00,2022-12-02 22:35:17.172819+00:00
1598796274958049281,ukraine-de,True,True,False,False,False,False,False,False,False,False,2022-12-02 22:35:17.172715+00:00,2022-12-02 22:35:17.172715+00:00
1598796287939600385,ukraine-de,True,True,False,False,False,False,False,False,False,False,2022-12-02 22:35:17.172534+00:00,2022-12-02 22:35:17.172534+00:00
1598796306964783108,ukraine-de,True,True,False,False,False,False,False,False,False,False,2022-12-02 22:35:17.172432+00:00,2022-12-02 22:35:17.172432+00:00
1598796358646988801,ukraine-de,True,True,False,False,False,False,False,False,False,False,2022-12-02 22:35:17.172330+00:00,2022-12-02 22:35:17.172330+00:00
1598796362182803458,ukraine-de,True,False,False,False,False,False,False,False,False,False,2022-12-03 11:06:05.448365+00:00,2022-12-03 11:06:05.448365+00:00
1598796362962935826,ukraine-de,True,True,False,False,False,False,False,False,False,False,2022-12-02 22:35:17.172222+00:00,2022-12-02 22:35:17.172222+00:00
1598796370919403520,ukraine-de,True,True,False,False,False,False,False,False,False,False,2022-12-02 22:35:17.172121+00:00,2022-12-02 22:35:17.172121+00:00
1598796401940602893,ukraine-de,True,True,False,False,False,False,False,False,False,False,2022-12-02 22:35:17.172018+00:00,2022-12-02 22:35:17.172018+00:00
1598796404989771778,ukraine-de,True,True,False,False,False,False,False,False,False,False,2022-12-02 22:35:17.171916+00:00,2022-12-02 22:35:17.171916+00:00
1598796405455278080,ukraine-de,True,True,False,False,False,False,False,False,False,False,2022-12-02 22:35:17.171782+00:00,2022-12-02 22:35:17.171782+00:00
1598796460476305409,ukraine-de,True,True,False,False,False,False,False,False,False,False,2022-12-02 22:35:17.171584+00:00,2022-12-02 22:35:17.171584+00:00
1598796460631343104,ukraine-de,True,True,False,False,False,False,False,False,False,False,2022-12-02 22:35:17.171412+00:00,2022-12-02 22:35:17.171412+00:00
1598796467858075648,ukraine-de,True,True,False,False,False,False,False,False,False,False,2022-12-02 22:35:17.171246+00:00,2022-12-02 22:35:17.171246+00:00
1598796497990164487,ukraine-de,True,True,False,False,False,False,False,False,False,False,2022-12-02 22:35:17.171098+00:00,2022-12-02 22:35:17.171098+00:00
1598796519154622474,ukraine-de,True,True,False,False,False,False,False,False,False,False,2022-12-02 22:35:17.170998+00:00,2022-12-02 22:35:17.170998+00:00
1598796526046048256,ukraine-de,True,True,False,False,False,False,False,False,False,False,2022-12-02 22:35:17.170897+00:00,2022-12-02 22:35:17.170897+00:00
1598796562708062208,ukraine-de,True,True,False,False,False,False,False,False,False,False,2022-12-02 22:35:17.170793+00:00,2022-12-02 22:35:17.170793+00:00
1598796568055930880,ukraine-de,True,True,False,False,False,False,False,False,False,False,2022-12-02 22:35:17.170675+00:00,2022-12-02 22:35:17.170675+00:00
1598796596728193024,ukraine-de,True,True,False,False,False,False,False,False,False,False,2022-12-02 22:35:17.170577+00:00,2022-12-02 22:35:17.170577+00:00
1598796601664872448,ukraine-de,True,True,False,False,False,False,False,False,False,False,2022-12-02 22:35:17.170477+00:00,2022-12-02 22:35:17.170477+00:00
1598796622087000065,ukraine-de,True,True,False,False,False,False,False,False,False,False,2022-12-02 22:35:17.170377+00:00,2022-12-02 22:35:17.170377+00:00
1598796642248904704,ukraine-de,True,True,False,False,False,False,False,False,False,False,2022-12-02 22:35:17.170277+00:00,2022-12-02 22:35:17.170277+00:00
1598796653875568642,ukraine-de,True,True,False,False,False,False,False,False,False,False,2022-12-02 22:35:17.170176+00:00,2022-12-02 22:35:17.170176+00:00
1598796659751886855,ukraine-de,True,True,False,False,False,False,False,False,False,False,2022-12-02 22:35:17.170059+00:00,2022-12-02 22:35:17.170059+00:00
1598796681599864832,ukraine-de,True,True,False,False,False,False,False,False,False,False,2022-12-02 22:35:17.169922+00:00,2022-12-02 22:35:17.169922+00:00
1598796682497429505,ukraine-de,True,True,False,False,False,False,False,False,False,False,2022-12-02 22:35:17.169803+00:00,2022-12-02 22:35:17.169803+00:00
1598796692228374529,ukraine-de,True,True,False,False,False,False,False,False,False,False,2022-12-02 22:35:17.169619+00:00,2022-12-02 22:35:17.169619+00:00
1598796703343075328,ukraine-de,True,True,False,False,False,False,False,False,False,False,2022-12-02 22:35:17.169494+00:00,2022-12-02 22:35:17.169494+00:00
1598796717863968772,ukraine-de,True,True,False,False,False,False,False,False,False,False,2022-12-02 22:35:17.169393+00:00,2022-12-02 22:35:17.169393+00:00
1598796844955377664,ukraine-de,True,True,False,False,False,False,False,False,False,False,2022-12-02 22:35:17.169292+00:00,2022-12-02 22:35:17.169292+00:00
1598796853126078476,ukraine-de,True,True,False,False,False,False,False,False,False,False,2022-12-02 22:35:17.169174+00:00,2022-12-02 22:35:17.169174+00:00
1598796855147745280,ukraine-de,True,True,False,False,False,False,False,False,False,False,2022-12-02 22:35:17.169076+00:00,2022-12-02 22:35:17.169076+00:00
1598796864546930688,ukraine-de,True,True,False,False,False,False,False,False,False,False,2022-12-02 22:35:17.168976+00:00,2022-12-02 22:35:17.168976+00:00
1598796903109607424,ukraine-de,True,True,False,False,False,False,False,False,False,False,2022-12-02 22:35:17.168873+00:00,2022-12-02 22:35:17.168873+00:00
1598796918343307264,ukraine-de,True,True,False,False,False,False,False,False,False,False,2022-12-02 22:35:17.168757+00:00,2022-12-02 22:35:17.168757+00:00
1598796922122387456,ukraine-de,True,True,False,False,False,False,False,False,False,False,2022-12-02 22:35:17.168631+00:00,2022-12-02 22:35:17.168631+00:00
1598796967882145794,ukraine-de,True,True,False,False,False,False,False,False,False,False,2022-12-02 22:35:17.168513+00:00,2022-12-02 22:35:17.168513+00:00
1598796999993614336,ukraine-de,True,True,False,False,False,False,False,False,False,False,2022-12-02 22:35:17.168403+00:00,2022-12-02 22:35:17.168403+00:00
1598797012547379212,ukraine-de,True,True,False,False,False,False,False,False,False,False,2022-12-02 22:35:17.168302+00:00,2022-12-02 22:35:17.168302+00:00
1598797018385743872,ukraine-de,True,True,False,False,False,False,False,False,False,False,2022-12-02 22:35:17.168195+00:00,2022-12-02 22:35:17.168195+00:00
1598797035104178176,ukraine-de,True,False,False,False,False,False,False,False,False,False,2022-12-02 22:35:17.188364+00:00,2022-12-02 22:35:17.188364+00:00
1598797045698994176,ukraine-de,True,True,False,False,False,False,False,False,False,False,2022-12-02 22:35:17.168095+00:00,2022-12-02 22:35:17.168095+00:00
1598797048995790850,ukraine-de,True,False,False,False,False,False,False,False,False,False,2022-12-03 08:10:16.235358+00:00,2022-12-03 08:10:16.235358+00:00
1598797064552345601,ukraine-de,True,True,False,False,False,False,False,False,False,False,2022-12-02 22:35:17.167996+00:00,2022-12-02 22:35:17.167996+00:00
1598797079308296192,ukraine-de,True,True,False,False,False,False,False,False,False,False,2022-12-02 22:35:17.167890+00:00,2022-12-02 22:35:17.167890+00:00
1598797113214631936,ukraine-de,True,True,False,False,False,False,False,False,False,False,2022-12-02 22:35:17.167791+00:00,2022-12-02 22:35:17.167791+00:00
1598797122509447171,ukraine-de,True,True,False,False,False,False,False,False,False,False,2022-12-02 22:35:17.167689+00:00,2022-12-02 22:35:17.167689+00:00
1598797134370701313,ukraine-de,True,True,False,False,False,False,False,False,False,False,2022-12-02 22:35:17.167590+00:00,2022-12-02 22:35:17.167590+00:00
1598797160820121601,ukraine-de,True,True,False,False,False,False,False,False,False,False,2022-12-02 22:35:17.167487+00:00,2022-12-02 22:35:17.167487+00:00
1598797208329003008,ukraine-de,True,True,False,False,False,False,False,False,False,False,2022-12-02 22:35:17.167386+00:00,2022-12-02 22:35:17.167386+00:00
1598797235508027393,ukraine-de,True,True,False,False,False,False,False,False,False,False,2022-12-02 22:35:17.167279+00:00,2022-12-02 22:35:17.167279+00:00
1598797236422705152,ukraine-de,True,True,False,False,False,False,False,False,False,False,2022-12-02 22:35:17.167148+00:00,2022-12-02 22:35:17.167148+00:00
1598797247256436753,ukraine-de,True,True,False,False,False,False,False,False,False,False,2022-12-02 22:35:17.167024+00:00,2022-12-02 22:35:17.167024+00:00
1598797350423580673,ukraine-de,True,True,False,False,False,False,False,False,False,False,2022-12-02 22:35:17.166749+00:00,2022-12-02 22:35:17.166749+00:00
1598797391079129089,ukraine-de,True,True,False,False,False,False,False,False,False,False,2022-12-02 22:35:17.166649+00:00,2022-12-02 22:35:17.166649+00:00
1598797424654442496,ukraine-de,True,True,False,False,False,False,False,False,False,False,2022-12-02 22:35:17.166542+00:00,2022-12-02 22:35:17.166542+00:00
1598797426780798976,ukraine-de,True,False,False,False,False,False,False,False,False,False,2022-12-02 22:35:17.207006+00:00,2022-12-02 22:35:17.207006+00:00
1598797451338518528,ukraine-de,True,True,False,False,False,False,False,False,False,False,2022-12-02 22:35:17.166357+00:00,2022-12-02 22:35:17.166357+00:00
1598797456376057856,ukraine-de,True,True,False,False,False,False,False,False,False,False,2022-12-02 22:35:17.166258+00:00,2022-12-02 22:35:17.166258+00:00
1598797457017606144,ukraine-de,True,True,False,False,False,False,False,False,False,False,2022-12-02 22:35:17.166159+00:00,2022-12-02 22:35:17.166159+00:00
1598797457911033856,ukraine-de,True,True,False,False,False,False,False,False,False,False,2022-12-02 22:35:17.166060+00:00,2022-12-02 22:35:17.166060+00:00
1598797471572021248,ukraine-de,True,False,False,False,False,False,False,False,False,False,2022-12-02 22:35:17.199230+00:00,2022-12-02 22:35:17.199230+00:00
1598797521027047442,ukraine-de,True,True,False,False,False,False,False,False,False,False,2022-12-02 22:35:17.165948+00:00,2022-12-02 22:35:17.165948+00:00
1598797526391463937,ukraine-de,True,True,False,False,False,False,False,False,False,False,2022-12-02 22:35:17.165850+00:00,2022-12-02 22:35:17.165850+00:00
1598797528459145216,ukraine-de,True,True,False,False,False,False,False,False,False,False,2022-12-02 22:35:17.165749+00:00,2022-12-02 22:35:17.165749+00:00
1598797534859853826,ukraine-de,True,True,False,False,False,False,False,False,False,False,2022-12-02 22:35:17.165650+00:00,2022-12-02 22:35:17.165650+00:00
1598797563578134529,ukraine-de,True,True,False,False,False,False,False,False,False,False,2022-12-02 22:35:17.165529+00:00,2022-12-02 22:35:17.165529+00:00
1598797593571577856,ukraine-de,True,True,False,False,False,False,False,False,False,False,2022-12-02 22:35:17.165425+00:00,2022-12-02 22:35:17.165425+00:00
1598797597396930560,ukraine-de,True,True,False,False,False,False,False,False,False,False,2022-12-02 22:35:17.165322+00:00,2022-12-02 22:35:17.165322+00:00
1598797601846882309,ukraine-de,True,True,False,False,False,False,False,False,False,False,2022-12-02 22:35:17.165200+00:00,2022-12-02 22:35:17.165200+00:00
1598797631849136128,ukraine-de,True,True,False,False,False,False,False,False,False,False,2022-12-02 22:35:17.165097+00:00,2022-12-02 22:35:17.165097+00:00
1598797655035060240,ukraine-de,True,True,False,False,False,False,False,False,False,False,2022-12-02 22:35:17.164979+00:00,2022-12-02 22:35:17.164979+00:00
1598797678393139210,ukraine-de,True,True,False,False,False,False,False,False,False,False,2022-12-02 22:35:17.164868+00:00,2022-12-02 22:35:17.164868+00:00
1598797691223515151,ukraine-de,True,True,False,False,False,False,False,False,False,False,2022-12-02 22:35:17.164766+00:00,2022-12-02 22:35:17.164766+00:00
1598797702787211265,ukraine-de,True,True,False,False,False,False,False,False,False,False,2022-12-02 22:35:17.164664+00:00,2022-12-02 22:35:17.164664+00:00
1598797753404071937,ukraine-de,True,False,False,False,False,False,False,False,False,False,2022-12-02 22:35:17.179277+00:00,2022-12-02 22:35:17.179277+00:00
1598797766654033920,ukraine-de,True,True,False,False,False,False,False,False,False,False,2022-12-02 22:35:17.164561+00:00,2022-12-02 22:35:17.164561+00:00
1598797771015954442,ukraine-de,True,True,False,False,False,False,False,False,False,False,2022-12-02 22:35:17.164431+00:00,2022-12-02 22:35:17.164431+00:00
1598797784894709760,ukraine-de,True,True,False,False,False,False,False,False,False,False,2022-12-02 22:35:17.164331+00:00,2022-12-02 22:35:17.164331+00:00
1598797790204686336,ukraine-de,True,False,False,False,False,False,False,False,False,False,2022-12-02 22:35:17.200075+00:00,2022-12-02 22:35:17.200075+00:00
1598797793933463557,ukraine-de,True,True,False,False,False,False,False,False,False,False,2022-12-02 22:35:17.164217+00:00,2022-12-02 22:35:17.164217+00:00
1598797846501011457,ukraine-de,True,True,False,False,False,False,False,False,False,False,2022-12-02 22:35:17.164115+00:00,2022-12-02 22:35:17.164115+00:00
1598797848656715778,ukraine-de,True,True,False,False,False,False,False,False,False,False,2022-12-02 22:35:17.164018+00:00,2022-12-02 22:35:17.164018+00:00
1598797871679012864,ukraine-de,True,True,False,False,False,False,False,False,False,False,2022-12-02 22:35:17.163920+00:00,2022-12-02 22:35:17.163920+00:00
1598797938297163776,ukraine-de,True,True,False,False,False,False,False,False,False,False,2022-12-02 22:35:17.163823+00:00,2022-12-02 22:35:17.163823+00:00
1598797963022802956,ukraine-de,True,True,False,False,False,False,False,False,False,False,2022-12-02 22:35:17.163724+00:00,2022-12-02 22:35:17.163724+00:00
1598797977014804480,ukraine-de,True,True,False,False,False,False,False,False,False,False,2022-12-02 22:35:17.163611+00:00,2022-12-02 22:35:17.163611+00:00
1598797982022873088,ukraine-de,True,True,False,False,False,False,False,False,False,False,2022-12-02 22:35:17.163514+00:00,2022-12-02 22:35:17.163514+00:00
1598798006467596289,ukraine-de,True,False,False,False,False,False,False,False,False,False,2022-12-02 22:35:17.198434+00:00,2022-12-02 22:35:17.198434+00:00
1598798050583093248,ukraine-de,True,True,False,False,False,False,False,False,False,False,2022-12-02 22:35:17.163419+00:00,2022-12-02 22:35:17.163419+00:00
1598798056962818053,ukraine-de,True,True,False,False,False,False,False,False,False,False,2022-12-02 22:35:17.163321+00:00,2022-12-02 22:35:17.163321+00:00
1598798094346223616,ukraine-de,True,True,False,False,False,False,False,False,False,False,2022-12-02 22:35:17.163213+00:00,2022-12-02 22:35:17.163213+00:00
1598798122217443329,ukraine-de,True,True,False,False,False,False,False,False,False,False,2022-12-02 22:35:17.163111+00:00,2022-12-02 22:35:17.163111+00:00
1598798124780204034,ukraine-de,True,True,False,False,False,False,False,False,False,False,2022-12-02 22:35:17.163007+00:00,2022-12-02 22:35:17.163007+00:00
1598798148134088704,ukraine-de,True,True,False,False,False,False,False,False,False,False,2022-12-02 22:35:17.162816+00:00,2022-12-02 22:35:17.162816+00:00
1598798172817657856,ukraine-de,True,True,False,False,False,False,False,False,False,False,2022-12-02 22:35:17.162717+00:00,2022-12-02 22:35:17.162717+00:00
1598798189271781376,ukraine-de,True,True,False,False,False,False,False,False,False,False,2022-12-02 22:35:17.162619+00:00,2022-12-02 22:35:17.162619+00:00
1598798224042692608,ukraine-de,True,True,False,False,False,False,False,False,False,False,2022-12-02 22:35:17.162519+00:00,2022-12-02 22:35:17.162519+00:00
1598798236931825664,ukraine-de,True,True,False,False,False,False,False,False,False,False,2022-12-02 22:35:17.162418+00:00,2022-12-02 22:35:17.162418+00:00
1598798258335150080,ukraine-de,True,True,False,False,False,False,False,False,False,False,2022-12-02 22:35:17.162302+00:00,2022-12-02 22:35:17.162302+00:00
1598798258905571329,ukraine-de,True,False,False,False,False,False,False,False,False,False,2022-12-03 01:30:30.089065+00:00,2022-12-03 01:30:30.089065+00:00
1598798273216749571,ukraine-de,True,True,False,False,False,False,False,False,False,False,2022-12-02 22:35:17.162205+00:00,2022-12-02 22:35:17.162205+00:00
1598798363964493825,ukraine-de,True,True,False,False,False,False,False,False,False,False,2022-12-02 22:35:17.162103+00:00,2022-12-02 22:35:17.162103+00:00
1598798371468152832,ukraine-de,True,True,False,False,False,False,False,False,False,False,2022-12-02 22:35:17.161984+00:00,2022-12-02 22:35:17.161984+00:00
1598798372399456265,ukraine-de,True,True,False,False,False,False,False,False,False,False,2022-12-02 22:35:17.161877+00:00,2022-12-02 22:35:17.161877+00:00
1598798391793917964,ukraine-de,True,True,False,False,False,False,False,False,False,False,2022-12-02 22:35:17.161771+00:00,2022-12-02 22:35:17.161771+00:00
1598798419690127362,ukraine-de,True,True,False,False,False,False,False,False,False,False,2022-12-02 22:35:17.161675+00:00,2022-12-02 22:35:17.161675+00:00
1598798424559624193,ukraine-de,True,True,False,False,False,False,False,False,False,False,2022-12-02 22:35:17.161562+00:00,2022-12-02 22:35:17.161562+00:00
1598798430352154627,ukraine-de,True,True,False,False,False,False,False,False,False,False,2022-12-02 22:35:17.161467+00:00,2022-12-02 22:35:17.161467+00:00
1598798456939859968,ukraine-de,True,True,False,False,False,False,False,False,False,False,2022-12-02 22:35:17.161363+00:00,2022-12-02 22:35:17.161363+00:00
1598798469619228675,ukraine-de,True,True,False,False,False,False,False,False,False,False,2022-12-02 22:35:17.161265+00:00,2022-12-02 22:35:17.161265+00:00
1598798506852065280,ukraine-de,True,True,False,False,False,False,False,False,False,False,2022-12-02 22:35:17.161142+00:00,2022-12-02 22:35:17.161142+00:00
1598798511918587905,ukraine-de,True,True,False,False,False,False,False,False,False,False,2022-12-02 22:35:17.160968+00:00,2022-12-02 22:35:17.160968+00:00
1598798527022473219,ukraine-de,True,True,False,False,False,False,False,False,False,False,2022-12-02 22:35:17.160858+00:00,2022-12-02 22:35:17.160858+00:00
1598798570718576640,ukraine-de,True,True,False,False,False,False,False,False,False,False,2022-12-02 22:35:17.160759+00:00,2022-12-02 22:35:17.160759+00:00
1598798641816379410,ukraine-de,True,True,False,False,False,False,False,False,False,False,2022-12-02 22:35:17.160656+00:00,2022-12-02 22:35:17.160656+00:00
1598798675928502272,ukraine-de,True,True,False,False,False,False,False,False,False,False,2022-12-02 22:35:17.160538+00:00,2022-12-02 22:35:17.160538+00:00
1598798718299357184,ukraine-de,True,True,False,False,False,False,False,False,False,False,2022-12-02 22:35:17.160439+00:00,2022-12-02 22:35:17.160439+00:00
1598798738620878852,ukraine-de,True,True,False,False,False,False,False,False,False,False,2022-12-02 22:35:17.160337+00:00,2022-12-02 22:35:17.160337+00:00
1598798750264303633,ukraine-de,True,True,False,False,False,False,False,False,False,False,2022-12-02 22:35:17.160218+00:00,2022-12-02 22:35:17.160218+00:00
1598798751321268238,ukraine-de,True,False,False,False,False,False,False,False,False,False,2022-12-02 22:35:17.190621+00:00,2022-12-02 22:35:17.190621+00:00
1598798769058971648,ukraine-de,True,True,False,False,False,False,False,False,False,False,2022-12-02 22:35:17.160115+00:00,2022-12-02 22:35:17.160115+00:00
1598798819659239424,ukraine-de,True,True,False,False,False,False,False,False,False,False,2022-12-02 22:35:17.160002+00:00,2022-12-02 22:35:17.160002+00:00
1598798825782657024,ukraine-de,True,True,False,False,False,False,False,False,False,False,2022-12-02 22:35:17.159836+00:00,2022-12-02 22:35:17.159836+00:00
1598798853200924673,ukraine-de,True,True,False,False,False,False,False,False,False,False,2022-12-02 22:35:17.159643+00:00,2022-12-02 22:35:17.159643+00:00
1598798866588917760,ukraine-de,True,True,False,False,False,False,False,False,False,False,2022-12-02 22:35:17.159543+00:00,2022-12-02 22:35:17.159543+00:00
1598798901208707072,ukraine-de,True,True,False,False,False,False,False,False,False,False,2022-12-02 22:35:17.159444+00:00,2022-12-02 22:35:17.159444+00:00
1598798925934129152,ukraine-de,True,True,False,False,False,False,False,False,False,False,2022-12-02 22:35:17.159346+00:00,2022-12-02 22:35:17.159346+00:00
1598798926307622913,ukraine-de,True,True,False,False,False,False,False,False,False,False,2022-12-02 22:35:17.159233+00:00,2022-12-02 22:35:17.159233+00:00
1598798927620231169,ukraine-de,True,True,False,False,False,False,False,False,False,False,2022-12-02 22:35:17.159132+00:00,2022-12-02 22:35:17.159132+00:00
1598798962948907008,ukraine-de,True,True,False,False,False,False,False,False,False,False,2022-12-02 22:35:17.159023+00:00,2022-12-02 22:35:17.159023+00:00
1598798965801099267,ukraine-de,True,True,False,False,False,False,False,False,False,False,2022-12-02 22:35:17.158813+00:00,2022-12-02 22:35:17.158813+00:00
1598798988337192967,ukraine-de,True,True,False,False,False,False,False,False,False,False,2022-12-02 22:35:17.158712+00:00,2022-12-02 22:35:17.158712+00:00
1598798992590065664,ukraine-de,True,True,False,False,False,False,False,False,False,False,2022-12-02 22:35:17.158603+00:00,2022-12-02 22:35:17.158603+00:00
1598799000538271744,ukraine-de,True,True,False,False,False,False,False,False,False,False,2022-12-02 22:35:17.158484+00:00,2022-12-02 22:35:17.158484+00:00
1598799000718651392,ukraine-de,True,True,False,False,False,False,False,False,False,False,2022-12-02 22:35:17.158385+00:00,2022-12-02 22:35:17.158385+00:00
1598799051905937409,ukraine-de,True,True,False,False,False,False,False,False,False,False,2022-12-02 22:35:17.158285+00:00,2022-12-02 22:35:17.158285+00:00
1598799055416696834,ukraine-de,True,True,False,False,False,False,False,False,False,False,2022-12-02 22:35:17.158177+00:00,2022-12-02 22:35:17.158177+00:00
1598799056691675139,ukraine-de,True,True,False,False,False,False,False,False,False,False,2022-12-02 22:35:17.158074+00:00,2022-12-02 22:35:17.158074+00:00
1598799078271352837,ukraine-de,True,True,False,False,False,False,False,False,False,False,2022-12-02 22:35:17.157945+00:00,2022-12-02 22:35:17.157945+00:00
1598799082188787712,ukraine-de,True,True,False,False,False,False,False,False,False,False,2022-12-02 22:35:17.157849+00:00,2022-12-02 22:35:17.157849+00:00
1598799099918262287,ukraine-de,True,True,False,False,False,False,False,False,False,False,2022-12-02 22:35:17.157752+00:00,2022-12-02 22:35:17.157752+00:00
1598799104364142592,ukraine-de,True,True,False,False,False,False,False,False,False,False,2022-12-02 22:35:17.157652+00:00,2022-12-02 22:35:17.157652+00:00
1598799104968204292,ukraine-de,True,True,False,False,False,False,False,False,False,False,2022-12-02 22:35:17.157537+00:00,2022-12-02 22:35:17.157537+00:00
1598799121414062080,ukraine-de,True,True,False,False,False,False,False,False,False,False,2022-12-02 22:35:17.157439+00:00,2022-12-02 22:35:17.157439+00:00
1598799122751840256,ukraine-de,True,True,False,False,False,False,False,False,False,False,2022-12-02 22:35:17.157341+00:00,2022-12-02 22:35:17.157341+00:00
1598799149490741269,ukraine-de,True,True,False,False,False,False,False,False,False,False,2022-12-02 22:35:17.157203+00:00,2022-12-02 22:35:17.157203+00:00
1598799207153950721,ukraine-de,True,True,False,False,False,False,False,False,False,False,2022-12-02 22:35:17.157103+00:00,2022-12-02 22:35:17.157103+00:00
1598799225696960515,ukraine-de,True,True,False,False,False,False,False,False,False,False,2022-12-02 22:35:17.157005+00:00,2022-12-02 22:35:17.157005+00:00
1598799240272101376,ukraine-de,True,True,False,False,False,False,False,False,False,False,2022-12-02 22:35:17.156905+00:00,2022-12-02 22:35:17.156905+00:00
1598799240851070990,ukraine-de,True,True,False,False,False,False,False,False,False,False,2022-12-02 22:35:17.156806+00:00,2022-12-02 22:35:17.156806+00:00
1598799254499229696,ukraine-de,True,False,False,False,False,False,False,False,False,False,2022-12-03 01:30:30.081164+00:00,2022-12-03 01:30:30.081164+00:00
1598799269724422145,ukraine-de,True,True,False,False,False,False,False,False,False,False,2022-12-02 22:35:17.156696+00:00,2022-12-02 22:35:17.156696+00:00
1598799320190525446,ukraine-de,True,True,False,False,False,False,False,False,False,False,2022-12-02 22:35:17.156563+00:00,2022-12-02 22:35:17.156563+00:00
1598799347914637312,ukraine-de,True,False,False,False,False,False,False,False,False,False,2022-12-02 22:35:17.190063+00:00,2022-12-02 22:35:17.190063+00:00
1598799393448239117,ukraine-de,True,True,False,False,False,False,False,False,False,False,2022-12-02 22:35:17.156455+00:00,2022-12-02 22:35:17.156455+00:00
1598799411144192001,ukraine-de,True,True,False,False,False,False,False,False,False,False,2022-12-02 22:35:17.156357+00:00,2022-12-02 22:35:17.156357+00:00
1598799430307565569,ukraine-de,True,False,False,False,False,False,False,False,False,False,2022-12-02 22:35:17.192645+00:00,2022-12-02 22:35:17.192645+00:00
1598799440869052416,ukraine-de,True,True,False,False,False,False,False,False,False,False,2022-12-02 22:35:17.156262+00:00,2022-12-02 22:35:17.156262+00:00
1598799447340851200,ukraine-de,True,True,False,False,False,False,False,False,False,False,2022-12-02 22:35:17.156162+00:00,2022-12-02 22:35:17.156162+00:00
1598799582397440000,ukraine-de,True,True,False,False,False,False,False,False,False,False,2022-12-02 22:35:17.156063+00:00,2022-12-02 22:35:17.156063+00:00
1598799613942800391,ukraine-de,True,True,False,False,False,False,False,False,False,False,2022-12-02 22:35:17.155966+00:00,2022-12-02 22:35:17.155966+00:00
1598799632229961735,ukraine-de,True,False,False,False,False,False,False,False,False,False,2022-12-02 22:35:17.193389+00:00,2022-12-02 22:35:17.193389+00:00
1598799676492365824,ukraine-de,True,True,False,False,False,False,False,False,False,False,2022-12-02 22:35:17.155866+00:00,2022-12-02 22:35:17.155866+00:00
1598799692451676160,ukraine-de,True,True,False,False,False,False,False,False,False,False,2022-12-02 22:35:17.155767+00:00,2022-12-02 22:35:17.155767+00:00
1598799711842045953,ukraine-de,True,True,False,False,False,False,False,False,False,False,2022-12-02 22:35:17.155666+00:00,2022-12-02 22:35:17.155666+00:00
1598799720532647937,ukraine-de,True,True,False,False,False,False,False,False,False,False,2022-12-02 22:35:17.155565+00:00,2022-12-02 22:35:17.155565+00:00
1598799723661430784,ukraine-de,True,True,False,False,False,False,False,False,False,False,2022-12-02 22:35:17.155445+00:00,2022-12-02 22:35:17.155445+00:00
1598799730221490189,ukraine-de,True,True,False,False,False,False,False,False,False,False,2022-12-02 22:35:17.155328+00:00,2022-12-02 22:35:17.155328+00:00
1598799790019592195,ukraine-de,True,True,False,False,False,False,False,False,False,False,2022-12-02 22:35:17.155207+00:00,2022-12-02 22:35:17.155207+00:00
1598799817702096896,ukraine-de,True,True,False,False,False,False,False,False,False,False,2022-12-02 22:35:17.155088+00:00,2022-12-02 22:35:17.155088+00:00
1598799838669287424,ukraine-de,True,True,False,False,False,False,False,False,False,False,2022-12-02 22:35:17.154985+00:00,2022-12-02 22:35:17.154985+00:00
1598799870399107075,ukraine-de,True,True,False,False,False,False,False,False,False,False,2022-12-02 22:35:17.154883+00:00,2022-12-02 22:35:17.154883+00:00
1598799916419227663,ukraine-de,True,True,False,False,False,False,False,False,False,False,2022-12-02 22:35:17.154756+00:00,2022-12-02 22:35:17.154756+00:00
1598799937424175104,ukraine-de,True,True,False,False,False,False,False,False,False,False,2022-12-02 22:35:17.154628+00:00,2022-12-02 22:35:17.154628+00:00
1598799971821789188,ukraine-de,True,True,False,False,False,False,False,False,False,False,2022-12-02 22:35:17.154530+00:00,2022-12-02 22:35:17.154530+00:00
1598799975885963264,ukraine-de,True,True,False,False,False,False,False,False,False,False,2022-12-02 22:35:17.154431+00:00,2022-12-02 22:35:17.154431+00:00
1598800006735048704,ukraine-de,True,True,False,False,False,False,False,False,False,False,2022-12-02 22:35:17.154327+00:00,2022-12-02 22:35:17.154327+00:00
1598800033058418688,ukraine-de,True,True,False,False,False,False,False,False,False,False,2022-12-02 22:35:17.154198+00:00,2022-12-02 22:35:17.154198+00:00
1598800044777385984,ukraine-de,True,True,False,False,False,False,False,False,False,False,2022-12-02 22:35:17.154095+00:00,2022-12-02 22:35:17.154095+00:00
1598800093540323329,ukraine-de,True,True,False,False,False,False,False,False,False,False,2022-12-02 22:35:17.153975+00:00,2022-12-02 22:35:17.153975+00:00
1598800209055817739,ukraine-de,True,True,False,False,False,False,False,False,False,False,2022-12-02 22:35:17.153866+00:00,2022-12-02 22:35:17.153866+00:00
1598800236331376641,ukraine-de,True,True,False,False,False,False,False,False,False,False,2022-12-02 22:35:17.153750+00:00,2022-12-02 22:35:17.153750+00:00
1598800245609095170,ukraine-de,True,True,False,False,False,False,False,False,False,False,2022-12-02 22:35:17.153629+00:00,2022-12-02 22:35:17.153629+00:00
1598800245852356609,ukraine-de,True,False,False,False,False,False,False,False,False,False,2022-12-02 22:35:17.195548+00:00,2022-12-02 22:35:17.195548+00:00
1598800255339872257,ukraine-de,True,True,False,False,False,False,False,False,False,False,2022-12-02 22:35:17.153505+00:00,2022-12-02 22:35:17.153505+00:00
1598800258984812545,ukraine-de,True,True,False,False,False,False,False,False,False,False,2022-12-02 22:35:17.153391+00:00,2022-12-02 22:35:17.153391+00:00
1598800278144385025,ukraine-de,True,True,False,False,False,False,False,False,False,False,2022-12-02 22:35:17.153289+00:00,2022-12-02 22:35:17.153289+00:00
1598800297220087817,ukraine-de,True,True,False,False,False,False,False,False,False,False,2022-12-02 22:35:17.153158+00:00,2022-12-02 22:35:17.153158+00:00
1598800360801542169,ukraine-de,True,True,False,False,False,False,False,False,False,False,2022-12-02 22:35:17.153057+00:00,2022-12-02 22:35:17.153057+00:00
1598800364509302786,ukraine-de,True,True,False,False,False,False,False,False,False,False,2022-12-02 22:35:17.152958+00:00,2022-12-02 22:35:17.152958+00:00
1598800390211850240,ukraine-de,True,True,False,False,False,False,False,False,False,False,2022-12-02 22:35:17.152856+00:00,2022-12-02 22:35:17.152856+00:00
1598800498559262721,ukraine-de,True,True,False,False,False,False,False,False,False,False,2022-12-02 22:35:17.152755+00:00,2022-12-02 22:35:17.152755+00:00
1598800519627247621,ukraine-de,True,True,False,False,False,False,False,False,False,False,2022-12-02 22:35:17.152632+00:00,2022-12-02 22:35:17.152632+00:00
1598800520025554944,ukraine-de,True,True,False,False,False,False,False,False,False,False,2022-12-02 22:35:17.152454+00:00,2022-12-02 22:35:17.152454+00:00
1598800558474903553,ukraine-de,True,True,False,False,False,False,False,False,False,False,2022-12-02 22:35:17.152354+00:00,2022-12-02 22:35:17.152354+00:00
1598800636727787520,ukraine-de,True,True,False,False,False,False,False,False,False,False,2022-12-02 22:35:17.152253+00:00,2022-12-02 22:35:17.152253+00:00
1598800642956566528,ukraine-de,True,True,False,False,False,False,False,False,False,False,2022-12-02 22:35:17.152154+00:00,2022-12-02 22:35:17.152154+00:00
1598800658701746176,ukraine-de,True,True,False,False,False,False,False,False,False,False,2022-12-02 22:35:17.152037+00:00,2022-12-02 22:35:17.152037+00:00
1598800661197504512,ukraine-de,True,True,False,False,False,False,False,False,False,False,2022-12-02 22:35:17.151941+00:00,2022-12-02 22:35:17.151941+00:00
1598800677353963522,ukraine-de,True,True,False,False,False,False,False,False,False,False,2022-12-02 22:35:17.151843+00:00,2022-12-02 22:35:17.151843+00:00
1598800691539021824,ukraine-de,True,True,False,False,False,False,False,False,False,False,2022-12-02 22:35:17.151745+00:00,2022-12-02 22:35:17.151745+00:00
1598800699877253120,ukraine-de,True,True,False,False,False,False,False,False,False,False,2022-12-02 22:35:17.151563+00:00,2022-12-02 22:35:17.151563+00:00
1598800705799823381,ukraine-de,True,True,False,False,False,False,False,False,False,False,2022-12-02 22:35:17.151468+00:00,2022-12-02 22:35:17.151468+00:00
1598800709042016256,ukraine-de,True,True,False,False,False,False,False,False,False,False,2022-12-02 22:35:17.151370+00:00,2022-12-02 22:35:17.151370+00:00
1598800798061928456,ukraine-de,True,True,False,False,False,False,False,False,False,False,2022-12-02 22:35:17.151272+00:00,2022-12-02 22:35:17.151272+00:00
1598800821285699585,ukraine-de,True,True,False,False,False,False,False,False,False,False,2022-12-02 22:35:17.151155+00:00,2022-12-02 22:35:17.151155+00:00
1598800827245731840,ukraine-de,True,True,False,False,False,False,False,False,False,False,2022-12-02 22:35:17.151043+00:00,2022-12-02 22:35:17.151043+00:00
1598800828500004864,ukraine-de,True,True,False,False,False,False,False,False,False,False,2022-12-02 22:35:17.150940+00:00,2022-12-02 22:35:17.150940+00:00
1598800836720828434,ukraine-de,True,True,False,False,False,False,False,False,False,False,2022-12-02 22:35:17.150823+00:00,2022-12-02 22:35:17.150823+00:00
1598800869667262464,ukraine-de,True,True,False,False,False,False,False,False,False,False,2022-12-02 22:35:17.150721+00:00,2022-12-02 22:35:17.150721+00:00
1598800899098517508,ukraine-de,True,True,False,False,False,False,False,False,False,False,2022-12-02 22:35:17.150593+00:00,2022-12-02 22:35:17.150593+00:00
1598800926919139328,ukraine-de,True,True,False,False,False,False,False,False,False,False,2022-12-02 22:35:17.150486+00:00,2022-12-02 22:35:17.150486+00:00
1598800938927419393,ukraine-de,True,True,False,False,False,False,False,False,False,False,2022-12-02 22:35:17.150378+00:00,2022-12-02 22:35:17.150378+00:00
1598800968526843904,ukraine-de,True,True,False,False,False,False,False,False,False,False,2022-12-02 22:35:17.150244+00:00,2022-12-02 22:35:17.150244+00:00
1598801038596661249,ukraine-de,True,True,False,False,False,False,False,False,False,False,2022-12-02 22:35:17.150098+00:00,2022-12-02 22:35:17.150098+00:00
1598801052677152789,ukraine-de,True,True,False,False,False,False,False,False,False,False,2022-12-02 22:35:17.149968+00:00,2022-12-02 22:35:17.149968+00:00
1598801074273460224,ukraine-de,True,True,False,False,False,False,False,False,False,False,2022-12-02 22:35:17.149749+00:00,2022-12-02 22:35:17.149749+00:00
1598801135053185024,ukraine-de,True,True,False,False,False,False,False,False,False,False,2022-12-02 22:35:17.149649+00:00,2022-12-02 22:35:17.149649+00:00
1598801152900046852,ukraine-de,True,True,False,False,False,False,False,False,False,False,2022-12-02 22:35:17.149515+00:00,2022-12-02 22:35:17.149515+00:00
1598801156263780352,ukraine-de,True,True,False,False,False,False,False,False,False,False,2022-12-02 22:35:17.149396+00:00,2022-12-02 22:35:17.149396+00:00
1598801185091117056,ukraine-de,True,True,False,False,False,False,False,False,False,False,2022-12-02 22:35:17.149297+00:00,2022-12-02 22:35:17.149297+00:00
1598801190925451265,ukraine-de,True,True,False,False,False,False,False,False,False,False,2022-12-02 22:35:17.149200+00:00,2022-12-02 22:35:17.149200+00:00
1598801191378509824,ukraine-de,True,True,False,False,False,False,False,False,False,False,2022-12-02 22:35:17.149101+00:00,2022-12-02 22:35:17.149101+00:00
1598801280373334016,ukraine-de,True,True,False,False,False,False,False,False,False,False,2022-12-02 22:35:17.149003+00:00,2022-12-02 22:35:17.149003+00:00
1598801283066077204,ukraine-de,True,True,False,False,False,False,False,False,False,False,2022-12-02 22:35:17.148900+00:00,2022-12-02 22:35:17.148900+00:00
1598801293891575819,ukraine-de,True,True,False,False,False,False,False,False,False,False,2022-12-02 22:35:17.148798+00:00,2022-12-02 22:35:17.148798+00:00
1598801302473015296,ukraine-de,True,True,False,False,False,False,False,False,False,False,2022-12-02 22:35:17.148684+00:00,2022-12-02 22:35:17.148684+00:00
1598801323692097536,ukraine-de,True,True,False,False,False,False,False,False,False,False,2022-12-02 22:35:17.148585+00:00,2022-12-02 22:35:17.148585+00:00
1598801323935535104,ukraine-de,True,True,False,False,False,False,False,False,False,False,2022-12-02 22:35:17.148488+00:00,2022-12-02 22:35:17.148488+00:00
1598801326343081984,ukraine-de,True,True,False,False,False,False,False,False,False,False,2022-12-02 22:35:17.148378+00:00,2022-12-02 22:35:17.148378+00:00
1598801351555059712,ukraine-de,True,True,False,False,False,False,False,False,False,False,2022-12-02 22:35:17.148269+00:00,2022-12-02 22:35:17.148269+00:00
1598801354700439552,ukraine-de,True,True,False,False,False,False,False,False,False,False,2022-12-02 22:35:17.148167+00:00,2022-12-02 22:35:17.148167+00:00
1598801363730931724,ukraine-de,True,True,False,False,False,False,False,False,False,False,2022-12-02 22:35:17.148069+00:00,2022-12-02 22:35:17.148069+00:00
1598801372924682241,ukraine-de,True,True,False,False,False,False,False,False,False,False,2022-12-02 22:35:17.147969+00:00,2022-12-02 22:35:17.147969+00:00
1598801396077404164,ukraine-de,True,False,False,False,False,False,False,False,False,False,2022-12-03 03:40:14.814979+00:00,2022-12-03 03:40:14.814979+00:00
1598801404071641088,ukraine-de,True,True,False,False,False,False,False,False,False,False,2022-12-02 22:35:17.147860+00:00,2022-12-02 22:35:17.147860+00:00
1598801406143569921,ukraine-de,True,True,False,False,False,False,False,False,False,False,2022-12-02 22:35:17.147744+00:00,2022-12-02 22:35:17.147744+00:00
1598801415723307009,ukraine-de,True,True,False,False,False,False,False,False,False,False,2022-12-02 22:35:17.147628+00:00,2022-12-02 22:35:17.147628+00:00
1598801434362793984,ukraine-de,True,True,False,False,False,False,False,False,False,False,2022-12-02 22:35:17.147533+00:00,2022-12-02 22:35:17.147533+00:00
1598801449927876608,ukraine-de,True,True,False,False,False,False,False,False,False,False,2022-12-02 22:35:17.147434+00:00,2022-12-02 22:35:17.147434+00:00
1598801457129656322,ukraine-de,True,True,False,False,False,False,False,False,False,False,2022-12-02 22:35:17.147336+00:00,2022-12-02 22:35:17.147336+00:00
1598801471666933760,ukraine-de,True,True,False,False,False,False,False,False,False,False,2022-12-02 22:35:17.147235+00:00,2022-12-02 22:35:17.147235+00:00
1598801488834269184,ukraine-de,True,True,False,False,False,False,False,False,False,False,2022-12-02 22:35:17.147137+00:00,2022-12-02 22:35:17.147137+00:00
1598801546103308288,ukraine-de,True,True,False,False,False,False,False,False,False,False,2022-12-02 22:35:17.147027+00:00,2022-12-02 22:35:17.147027+00:00
1598801555309793280,ukraine-de,True,True,False,False,False,False,False,False,False,False,2022-12-02 22:35:17.146930+00:00,2022-12-02 22:35:17.146930+00:00
1598801572703649794,ukraine-de,True,True,False,False,False,False,False,False,False,False,2022-12-02 22:35:17.146831+00:00,2022-12-02 22:35:17.146831+00:00
1598801573752160256,ukraine-de,True,True,False,False,False,False,False,False,False,False,2022-12-02 22:35:17.146733+00:00,2022-12-02 22:35:17.146733+00:00
1598801581423689729,ukraine-de,True,True,False,False,False,False,False,False,False,False,2022-12-02 22:35:17.146631+00:00,2022-12-02 22:35:17.146631+00:00
1598801620002914306,ukraine-de,True,True,False,False,False,False,False,False,False,False,2022-12-02 22:35:17.146527+00:00,2022-12-02 22:35:17.146527+00:00
1598801654052454400,ukraine-de,True,True,False,False,False,False,False,False,False,False,2022-12-02 22:35:17.146428+00:00,2022-12-02 22:35:17.146428+00:00
1598801655562002432,ukraine-de,True,True,False,False,False,False,False,False,False,False,2022-12-02 22:35:17.146329+00:00,2022-12-02 22:35:17.146329+00:00
1598801699782762511,ukraine-de,True,True,False,False,False,False,False,False,False,False,2022-12-02 22:35:17.146228+00:00,2022-12-02 22:35:17.146228+00:00
1598801750395428880,ukraine-de,True,True,False,False,False,False,False,False,False,False,2022-12-02 22:35:17.146131+00:00,2022-12-02 22:35:17.146131+00:00
1598801750688940033,ukraine-de,True,True,False,False,False,False,False,False,False,False,2022-12-02 22:35:17.146029+00:00,2022-12-02 22:35:17.146029+00:00
1598801779814125568,ukraine-de,True,True,False,False,False,False,False,False,False,False,2022-12-02 22:35:17.145906+00:00,2022-12-02 22:35:17.145906+00:00
1598801790245314560,ukraine-de,True,True,False,False,False,False,False,False,False,False,2022-12-02 22:35:17.145807+00:00,2022-12-02 22:35:17.145807+00:00
1598801869966438400,ukraine-de,True,True,False,False,False,False,False,False,False,False,2022-12-02 22:35:17.145711+00:00,2022-12-02 22:35:17.145711+00:00
1598801906050244618,ukraine-de,True,False,False,False,False,False,False,False,False,False,2022-12-02 22:35:17.192004+00:00,2022-12-02 22:35:17.192004+00:00
1598801949297889280,ukraine-de,True,True,False,False,False,False,False,False,False,False,2022-12-02 22:35:17.145611+00:00,2022-12-02 22:35:17.145611+00:00
1598801958252707840,ukraine-de,True,True,False,False,False,False,False,False,False,False,2022-12-02 22:35:17.145498+00:00,2022-12-02 22:35:17.145498+00:00
1598801962492993557,ukraine-de,True,True,False,False,False,False,False,False,False,False,2022-12-02 22:35:17.145398+00:00,2022-12-02 22:35:17.145398+00:00
1598802034005876749,ukraine-de,True,True,False,False,False,False,False,False,False,False,2022-12-02 22:35:17.145298+00:00,2022-12-02 22:35:17.145298+00:00
1598802067392319489,ukraine-de,True,True,False,False,False,False,False,False,False,False,2022-12-02 22:35:17.145201+00:00,2022-12-02 22:35:17.145201+00:00
1598802136783110147,ukraine-de,True,True,False,False,False,False,False,False,False,False,2022-12-02 22:35:17.145100+00:00,2022-12-02 22:35:17.145100+00:00
1598802136950706177,ukraine-de,True,True,False,False,False,False,False,False,False,False,2022-12-02 22:35:17.144990+00:00,2022-12-02 22:35:17.144990+00:00
1598802144320110592,ukraine-de,True,True,False,False,False,False,False,False,False,False,2022-12-02 22:35:17.144889+00:00,2022-12-02 22:35:17.144889+00:00
1598802159390232576,ukraine-de,True,True,False,False,False,False,False,False,False,False,2022-12-02 22:35:17.144787+00:00,2022-12-02 22:35:17.144787+00:00
1598802190008819720,ukraine-de,True,True,False,False,False,False,False,False,False,False,2022-12-02 22:35:17.144667+00:00,2022-12-02 22:35:17.144667+00:00
1598802190436638723,ukraine-de,True,True,False,False,False,False,False,False,False,False,2022-12-02 22:35:17.144564+00:00,2022-12-02 22:35:17.144564+00:00
1598802206957834240,ukraine-de,True,True,False,False,False,False,False,False,False,False,2022-12-02 22:35:17.144463+00:00,2022-12-02 22:35:17.144463+00:00
1598802239614853136,ukraine-de,True,True,False,False,False,False,False,False,False,False,2022-12-02 22:35:17.144360+00:00,2022-12-02 22:35:17.144360+00:00
1598802243603423232,ukraine-de,True,True,False,False,False,False,False,False,False,False,2022-12-02 22:35:17.144259+00:00,2022-12-02 22:35:17.144259+00:00
1598802266831527936,ukraine-de,True,True,False,False,False,False,False,False,False,False,2022-12-02 22:35:17.144157+00:00,2022-12-02 22:35:17.144157+00:00
1598802271357345797,ukraine-de,True,True,False,False,False,False,False,False,False,False,2022-12-02 22:35:17.144057+00:00,2022-12-02 22:35:17.144057+00:00
1598802314415915008,ukraine-de,True,True,False,False,False,False,False,False,False,False,2022-12-02 22:35:17.143956+00:00,2022-12-02 22:35:17.143956+00:00
1598802334712201216,ukraine-de,True,True,False,False,False,False,False,False,False,False,2022-12-02 22:35:17.143856+00:00,2022-12-02 22:35:17.143856+00:00
1598802336435998720,ukraine-de,True,True,False,False,False,False,False,False,False,False,2022-12-02 22:35:17.143738+00:00,2022-12-02 22:35:17.143738+00:00
1598802336754782208,ukraine-de,True,True,False,False,False,False,False,False,False,False,2022-12-02 22:35:17.143633+00:00,2022-12-02 22:35:17.143633+00:00
1598802400986378240,ukraine-de,True,True,False,False,False,False,False,False,False,False,2022-12-02 22:35:17.143511+00:00,2022-12-02 22:35:17.143511+00:00
1598802407755902976,ukraine-de,True,True,False,False,False,False,False,False,False,False,2022-12-02 22:35:17.143401+00:00,2022-12-02 22:35:17.143401+00:00
1598802412940120065,ukraine-de,True,True,False,False,False,False,False,False,False,False,2022-12-02 22:35:17.143290+00:00,2022-12-02 22:35:17.143290+00:00
1598802444871344128,ukraine-de,True,True,False,False,False,False,False,False,False,False,2022-12-02 22:35:17.143188+00:00,2022-12-02 22:35:17.143188+00:00
1598802451775332365,ukraine-de,True,True,False,False,False,False,False,False,False,False,2022-12-02 22:35:17.143089+00:00,2022-12-02 22:35:17.143089+00:00
1598802465268244480,ukraine-de,True,True,False,False,False,False,False,False,False,False,2022-12-02 22:35:17.142990+00:00,2022-12-02 22:35:17.142990+00:00
1598802470628519936,ukraine-de,True,True,False,False,False,False,False,False,False,False,2022-12-02 22:35:17.142888+00:00,2022-12-02 22:35:17.142888+00:00
1598802485510119431,ukraine-de,True,True,False,False,False,False,False,False,False,False,2022-12-02 22:35:17.142788+00:00,2022-12-02 22:35:17.142788+00:00
1598802556486123520,ukraine-de,True,True,False,False,False,False,False,False,False,False,2022-12-02 22:35:17.142685+00:00,2022-12-02 22:35:17.142685+00:00
1598802599603765248,ukraine-de,True,True,False,False,False,False,False,False,False,False,2022-12-02 22:35:17.142572+00:00,2022-12-02 22:35:17.142572+00:00
1598802625788420096,ukraine-de,True,True,False,False,False,False,False,False,False,False,2022-12-02 22:35:17.142471+00:00,2022-12-02 22:35:17.142471+00:00
1598802667685687298,ukraine-de,True,True,False,False,False,False,False,False,False,False,2022-12-02 22:35:17.142368+00:00,2022-12-02 22:35:17.142368+00:00
1598802705073508352,ukraine-de,True,False,False,False,False,False,False,False,False,False,2022-12-03 01:30:30.082462+00:00,2022-12-03 01:30:30.082462+00:00
1598802721003360256,ukraine-de,True,True,False,False,False,False,False,False,False,False,2022-12-02 22:35:17.142267+00:00,2022-12-02 22:35:17.142267+00:00
1598802732387045381,ukraine-de,True,True,False,False,False,False,False,False,False,False,2022-12-02 22:35:17.142165+00:00,2022-12-02 22:35:17.142165+00:00
1598802757087109137,ukraine-de,True,True,False,False,False,False,False,False,False,False,2022-12-02 22:35:17.142063+00:00,2022-12-02 22:35:17.142063+00:00
1598802758693707776,ukraine-de,True,True,False,False,False,False,False,False,False,False,2022-12-02 22:35:17.141932+00:00,2022-12-02 22:35:17.141932+00:00
1598802859474264098,ukraine-de,True,True,False,False,False,False,False,False,False,False,2022-12-02 22:35:17.141821+00:00,2022-12-02 22:35:17.141821+00:00
1598802895117459470,ukraine-de,True,False,False,False,False,False,False,False,False,False,2022-12-02 22:35:17.178339+00:00,2022-12-02 22:35:17.178339+00:00
1598802927291748353,ukraine-de,True,True,False,False,False,False,False,False,False,False,2022-12-02 22:35:17.141653+00:00,2022-12-02 22:35:17.141653+00:00
1598802927841312768,ukraine-de,True,True,False,False,False,False,False,False,False,False,2022-12-02 22:35:17.141477+00:00,2022-12-02 22:35:17.141477+00:00
1598802946229248011,ukraine-de,True,True,False,False,False,False,False,False,False,False,2022-12-02 22:35:17.141377+00:00,2022-12-02 22:35:17.141377+00:00
1598802951488778240,ukraine-de,True,True,False,False,False,False,False,False,False,False,2022-12-02 22:35:17.141277+00:00,2022-12-02 22:35:17.141277+00:00
1598802961290911744,ukraine-de,True,True,False,False,False,False,False,False,False,False,2022-12-02 22:35:17.141167+00:00,2022-12-02 22:35:17.141167+00:00
1598802986259587072,ukraine-de,True,True,False,False,False,False,False,False,False,False,2022-12-02 22:35:17.140945+00:00,2022-12-02 22:35:17.140945+00:00
1598803004840452099,ukraine-de,True,True,False,False,False,False,False,False,False,False,2022-12-02 22:35:17.140837+00:00,2022-12-02 22:35:17.140837+00:00
1598803029016420353,ukraine-de,True,True,False,False,False,False,False,False,False,False,2022-12-02 22:35:17.140552+00:00,2022-12-02 22:35:17.140552+00:00
1598803041641267201,ukraine-de,True,True,False,False,False,False,False,False,False,False,2022-12-02 22:35:17.140453+00:00,2022-12-02 22:35:17.140453+00:00
1598803055067242500,ukraine-de,True,True,False,False,False,False,False,False,False,False,2022-12-02 22:35:17.140337+00:00,2022-12-02 22:35:17.140337+00:00
1598803061463556098,ukraine-de,True,True,False,False,False,False,False,False,False,False,2022-12-02 22:35:17.140221+00:00,2022-12-02 22:35:17.140221+00:00
1598803065368453130,ukraine-de,True,True,False,False,False,False,False,False,False,False,2022-12-02 22:35:17.140122+00:00,2022-12-02 22:35:17.140122+00:00
1598803066135842818,ukraine-de,True,True,False,False,False,False,False,False,False,False,2022-12-02 22:35:17.140024+00:00,2022-12-02 22:35:17.140024+00:00
1598803087044378624,ukraine-de,True,True,False,False,False,False,False,False,False,False,2022-12-02 22:35:17.139923+00:00,2022-12-02 22:35:17.139923+00:00
1598803120099729408,ukraine-de,True,True,False,False,False,False,False,False,False,False,2022-12-02 22:35:17.139822+00:00,2022-12-02 22:35:17.139822+00:00
1598803123304222720,ukraine-de,True,True,False,False,False,False,False,False,False,False,2022-12-02 22:35:17.139723+00:00,2022-12-02 22:35:17.139723+00:00
1598803202102951936,ukraine-de,True,True,False,False,False,False,False,False,False,False,2022-12-02 22:35:17.139614+00:00,2022-12-02 22:35:17.139614+00:00
1598803204841644037,ukraine-de,True,True,False,False,False,False,False,False,False,False,2022-12-02 22:35:17.139511+00:00,2022-12-02 22:35:17.139511+00:00
1598803206402093056,ukraine-de,True,True,False,False,False,False,False,False,False,False,2022-12-02 22:35:17.139385+00:00,2022-12-02 22:35:17.139385+00:00
1598803214383685640,ukraine-de,True,True,False,False,False,False,False,False,False,False,2022-12-02 22:35:17.139230+00:00,2022-12-02 22:35:17.139230+00:00
1598803224588619776,ukraine-de,True,True,False,False,False,False,False,False,False,False,2022-12-02 22:35:17.139122+00:00,2022-12-02 22:35:17.139122+00:00
1598803308084437003,ukraine-de,True,True,False,False,False,False,False,False,False,False,2022-12-02 22:35:17.139023+00:00,2022-12-02 22:35:17.139023+00:00
1598803323762741249,ukraine-de,True,True,False,False,False,False,False,False,False,False,2022-12-02 22:35:17.138925+00:00,2022-12-02 22:35:17.138925+00:00
1598803324790349832,ukraine-de,True,True,False,False,False,False,False,False,False,False,2022-12-02 22:35:17.138827+00:00,2022-12-02 22:35:17.138827+00:00
1598803372491956224,ukraine-de,True,True,False,False,False,False,False,False,False,False,2022-12-02 22:35:17.138727+00:00,2022-12-02 22:35:17.138727+00:00
1598803409636687872,ukraine-de,True,True,False,False,False,False,False,False,False,False,2022-12-02 22:35:17.138629+00:00,2022-12-02 22:35:17.138629+00:00
1598803416633217024,ukraine-de,True,True,False,False,False,False,False,False,False,False,2022-12-02 22:35:17.138526+00:00,2022-12-02 22:35:17.138526+00:00
1598803463005085696,ukraine-de,True,True,False,False,False,False,False,False,False,False,2022-12-02 22:35:17.138413+00:00,2022-12-02 22:35:17.138413+00:00
1598803499042492417,ukraine-de,True,True,False,False,False,False,False,False,False,False,2022-12-02 22:35:17.138305+00:00,2022-12-02 22:35:17.138305+00:00
1598803534174199831,ukraine-de,True,True,False,False,False,False,False,False,False,False,2022-12-02 22:35:17.138209+00:00,2022-12-02 22:35:17.138209+00:00
1598803560568954887,ukraine-de,True,False,False,False,False,False,False,False,False,False,2022-12-03 01:30:30.090618+00:00,2022-12-03 01:30:30.090618+00:00
1598803602646212639,ukraine-de,True,True,False,False,False,False,False,False,False,False,2022-12-02 22:35:17.138108+00:00,2022-12-02 22:35:17.138108+00:00
1598803646719795200,ukraine-de,True,True,False,False,False,False,False,False,False,False,2022-12-02 22:35:17.138005+00:00,2022-12-02 22:35:17.138005+00:00
1598803676243513344,ukraine-de,True,True,False,False,False,False,False,False,False,False,2022-12-02 22:35:17.137870+00:00,2022-12-02 22:35:17.137870+00:00
1598803705167585324,ukraine-de,True,True,False,False,False,False,False,False,False,False,2022-12-02 22:35:17.137769+00:00,2022-12-02 22:35:17.137769+00:00
1598803756140810241,ukraine-de,True,True,False,False,False,False,False,False,False,False,2022-12-02 22:35:17.137671+00:00,2022-12-02 22:35:17.137671+00:00
1598803767087968256,ukraine-de,True,True,False,False,False,False,False,False,False,False,2022-12-02 22:35:17.137553+00:00,2022-12-02 22:35:17.137553+00:00
1598803775921172480,ukraine-de,True,True,False,False,False,False,False,False,False,False,2022-12-02 22:35:17.137456+00:00,2022-12-02 22:35:17.137456+00:00
1598803782904602625,ukraine-de,True,True,False,False,False,False,False,False,False,False,2022-12-02 22:35:17.137354+00:00,2022-12-02 22:35:17.137354+00:00
1598803788659187712,ukraine-de,True,True,False,False,False,False,False,False,False,False,2022-12-02 22:35:17.137254+00:00,2022-12-02 22:35:17.137254+00:00
1598803806124482569,ukraine-de,True,True,False,False,False,False,False,False,False,False,2022-12-02 22:35:17.137150+00:00,2022-12-02 22:35:17.137150+00:00
1598803832267579393,ukraine-de,True,True,False,False,False,False,False,False,False,False,2022-12-02 22:35:17.137050+00:00,2022-12-02 22:35:17.137050+00:00
1598803832602972161,ukraine-de,True,True,False,False,False,False,False,False,False,False,2022-12-02 22:35:17.136951+00:00,2022-12-02 22:35:17.136951+00:00
1598803868976295936,ukraine-de,True,True,False,False,False,False,False,False,False,False,2022-12-02 22:35:17.136845+00:00,2022-12-02 22:35:17.136845+00:00
1598803875938521089,ukraine-de,True,True,False,False,False,False,False,False,False,False,2022-12-02 22:35:17.136746+00:00,2022-12-02 22:35:17.136746+00:00
1598803878866059265,ukraine-de,True,True,False,False,False,False,False,False,False,False,2022-12-02 22:35:17.136642+00:00,2022-12-02 22:35:17.136642+00:00
1598803899099422720,ukraine-de,True,True,False,False,False,False,False,False,False,False,2022-12-02 22:35:17.136539+00:00,2022-12-02 22:35:17.136539+00:00
1598803901318590465,ukraine-de,True,True,False,False,False,False,False,False,False,False,2022-12-02 22:35:17.136417+00:00,2022-12-02 22:35:17.136417+00:00
1598803979487649813,ukraine-de,True,True,False,False,False,False,False,False,False,False,2022-12-02 22:35:17.136319+00:00,2022-12-02 22:35:17.136319+00:00
1598803984780705792,ukraine-de,True,True,False,False,False,False,False,False,False,False,2022-12-02 22:35:17.136220+00:00,2022-12-02 22:35:17.136220+00:00
1598804015298379778,ukraine-de,True,True,False,False,False,False,False,False,False,False,2022-12-02 22:35:17.136121+00:00,2022-12-02 22:35:17.136121+00:00
1598804066838011905,ukraine-de,True,True,False,False,False,False,False,False,False,False,2022-12-02 22:35:17.136022+00:00,2022-12-02 22:35:17.136022+00:00
1598804111318609920,ukraine-de,True,True,False,False,False,False,False,False,False,False,2022-12-02 22:35:17.135925+00:00,2022-12-02 22:35:17.135925+00:00
1598804152007761943,ukraine-de,True,False,False,False,False,False,False,False,False,False,2022-12-03 01:30:30.072227+00:00,2022-12-03 01:30:30.072227+00:00
1598804202565820416,ukraine-de,True,True,False,False,False,False,False,False,False,False,2022-12-02 22:35:17.135825+00:00,2022-12-02 22:35:17.135825+00:00
1598804215249309696,ukraine-de,True,True,False,False,False,False,False,False,False,False,2022-12-02 22:35:17.135728+00:00,2022-12-02 22:35:17.135728+00:00
1598804215434027025,ukraine-de,True,True,False,False,False,False,False,False,False,False,2022-12-02 22:35:17.135627+00:00,2022-12-02 22:35:17.135627+00:00
1598804244844388352,ukraine-de,True,True,False,False,False,False,False,False,False,False,2022-12-02 22:35:17.135525+00:00,2022-12-02 22:35:17.135525+00:00
1598804258157215745,ukraine-de,True,True,False,False,False,False,False,False,False,False,2022-12-02 22:35:17.135424+00:00,2022-12-02 22:35:17.135424+00:00
1598804278101123091,ukraine-de,True,True,False,False,False,False,False,False,False,False,2022-12-02 22:35:17.135297+00:00,2022-12-02 22:35:17.135297+00:00
1598804308941852672,ukraine-de,True,True,False,False,False,False,False,False,False,False,2022-12-02 22:35:17.135194+00:00,2022-12-02 22:35:17.135194+00:00
1598804331238563840,ukraine-de,True,True,False,False,False,False,False,False,False,False,2022-12-02 22:35:17.135097+00:00,2022-12-02 22:35:17.135097+00:00
1598804336238219264,ukraine-de,True,True,False,False,False,False,False,False,False,False,2022-12-02 22:35:17.134996+00:00,2022-12-02 22:35:17.134996+00:00
1598804384770510848,ukraine-de,True,True,False,False,False,False,False,False,False,False,2022-12-02 22:35:17.134894+00:00,2022-12-02 22:35:17.134894+00:00
1598804406564110337,ukraine-de,True,True,False,False,False,False,False,False,False,False,2022-12-02 22:35:17.134795+00:00,2022-12-02 22:35:17.134795+00:00
1598804416387117057,ukraine-de,True,True,False,False,False,False,False,False,False,False,2022-12-02 22:35:17.134694+00:00,2022-12-02 22:35:17.134694+00:00
1598804422657810466,ukraine-de,True,True,False,False,False,False,False,False,False,False,2022-12-02 22:35:17.134592+00:00,2022-12-02 22:35:17.134592+00:00
1598804446049443855,ukraine-de,True,True,False,False,False,False,False,False,False,False,2022-12-02 22:35:17.134463+00:00,2022-12-02 22:35:17.134463+00:00
1598804469164216325,ukraine-de,True,True,False,False,False,False,False,False,False,False,2022-12-02 22:35:17.134313+00:00,2022-12-02 22:35:17.134313+00:00
1598804478215561217,ukraine-de,True,True,False,False,False,False,False,False,False,False,2022-12-02 22:35:17.134215+00:00,2022-12-02 22:35:17.134215+00:00
1598804530480783383,ukraine-de,True,True,False,False,False,False,False,False,False,False,2022-12-02 22:35:17.134115+00:00,2022-12-02 22:35:17.134115+00:00
1598804543508291591,ukraine-de,True,True,False,False,False,False,False,False,False,False,2022-12-02 22:35:17.134014+00:00,2022-12-02 22:35:17.134014+00:00
1598804624349462528,ukraine-de,True,True,False,False,False,False,False,False,False,False,2022-12-02 22:35:17.133899+00:00,2022-12-02 22:35:17.133899+00:00
1598804645647855616,ukraine-de,True,True,False,False,False,False,False,False,False,False,2022-12-02 22:35:17.133792+00:00,2022-12-02 22:35:17.133792+00:00
1598804715684470804,ukraine-de,True,True,False,False,False,False,False,False,False,False,2022-12-02 22:35:17.133573+00:00,2022-12-02 22:35:17.133573+00:00
1598804740569067520,ukraine-de,True,True,False,False,False,False,False,False,False,False,2022-12-02 22:35:17.133472+00:00,2022-12-02 22:35:17.133472+00:00
1598804740783149056,ukraine-de,True,True,False,False,False,False,False,False,False,False,2022-12-02 22:35:17.133346+00:00,2022-12-02 22:35:17.133346+00:00
1598804765617659905,ukraine-de,True,True,False,False,False,False,False,False,False,False,2022-12-02 22:35:17.133154+00:00,2022-12-02 22:35:17.133154+00:00
1598804766175514624,ukraine-de,True,False,False,False,False,False,False,False,False,False,2022-12-02 22:35:17.183754+00:00,2022-12-02 22:35:17.183754+00:00
1598804771674234902,ukraine-de,True,True,False,False,False,False,False,False,False,False,2022-12-02 22:35:17.133040+00:00,2022-12-02 22:35:17.133040+00:00
1598804825399074841,ukraine-de,True,True,False,False,False,False,False,False,False,False,2022-12-02 22:35:17.132933+00:00,2022-12-02 22:35:17.132933+00:00
1598804868948406277,ukraine-de,True,True,False,False,False,False,False,False,False,False,2022-12-02 22:35:17.132836+00:00,2022-12-02 22:35:17.132836+00:00
1598804883544711172,ukraine-de,True,True,False,False,False,False,False,False,False,False,2022-12-02 22:35:17.132737+00:00,2022-12-02 22:35:17.132737+00:00
1598804923483029504,ukraine-de,True,False,False,False,False,False,False,False,False,False,2022-12-02 22:35:17.184473+00:00,2022-12-02 22:35:17.184473+00:00
1598804939249270784,ukraine-de,True,True,False,False,False,False,False,False,False,False,2022-12-02 22:35:17.132640+00:00,2022-12-02 22:35:17.132640+00:00
1598804945066635264,ukraine-de,True,True,False,False,False,False,False,False,False,False,2022-12-02 22:35:17.132539+00:00,2022-12-02 22:35:17.132539+00:00
1598804950334644224,ukraine-de,True,True,False,False,False,False,False,False,False,False,2022-12-02 22:35:17.132438+00:00,2022-12-02 22:35:17.132438+00:00
1598804964876460035,ukraine-de,True,True,False,False,False,False,False,False,False,False,2022-12-02 22:35:17.132341+00:00,2022-12-02 22:35:17.132341+00:00
1598804999475273728,ukraine-de,True,True,False,False,False,False,False,False,False,False,2022-12-02 22:35:17.132241+00:00,2022-12-02 22:35:17.132241+00:00
1598805037408522241,ukraine-de,True,False,False,False,False,False,False,False,False,False,2022-12-02 22:35:17.178556+00:00,2022-12-02 22:35:17.178556+00:00
1598805102441242626,ukraine-de,True,True,False,False,False,False,False,False,False,False,2022-12-02 22:35:17.132146+00:00,2022-12-02 22:35:17.132146+00:00
1598805159957520384,ukraine-de,True,True,False,False,False,False,False,False,False,False,2022-12-02 22:35:17.132046+00:00,2022-12-02 22:35:17.132046+00:00
1598805173937258496,ukraine-de,True,True,False,False,False,False,False,False,False,False,2022-12-02 22:35:17.131945+00:00,2022-12-02 22:35:17.131945+00:00
1598805183252701184,ukraine-de,True,True,False,False,False,False,False,False,False,False,2022-12-02 22:35:17.131820+00:00,2022-12-02 22:35:17.131820+00:00
1598805186574786584,ukraine-de,True,True,False,False,False,False,False,False,False,False,2022-12-02 22:35:17.131718+00:00,2022-12-02 22:35:17.131718+00:00
1598805214407974912,ukraine-de,True,True,False,False,False,False,False,False,False,False,2022-12-02 22:35:17.131601+00:00,2022-12-02 22:35:17.131601+00:00
1598805229880975360,ukraine-de,True,True,False,False,False,False,False,False,False,False,2022-12-02 22:35:17.131488+00:00,2022-12-02 22:35:17.131488+00:00
1598805257311567872,ukraine-de,True,True,False,False,False,False,False,False,False,False,2022-12-02 22:35:17.131377+00:00,2022-12-02 22:35:17.131377+00:00
1598805261325672459,ukraine-de,True,True,False,False,False,False,False,False,False,False,2022-12-02 22:35:17.131277+00:00,2022-12-02 22:35:17.131277+00:00
1598805299376246784,ukraine-de,True,True,False,False,False,False,False,False,False,False,2022-12-02 22:35:17.131179+00:00,2022-12-02 22:35:17.131179+00:00
1598805305659658240,ukraine-de,True,True,False,False,False,False,False,False,False,False,2022-12-02 22:35:17.131077+00:00,2022-12-02 22:35:17.131077+00:00
1598805307840503837,ukraine-de,True,True,False,False,False,False,False,False,False,False,2022-12-02 22:35:17.130976+00:00,2022-12-02 22:35:17.130976+00:00
1598805314895323156,ukraine-de,True,True,False,False,False,False,False,False,False,False,2022-12-02 22:35:17.130874+00:00,2022-12-02 22:35:17.130874+00:00
1598805333421563920,ukraine-de,True,True,False,False,False,False,False,False,False,False,2022-12-02 22:35:17.130762+00:00,2022-12-02 22:35:17.130762+00:00
1598805377130405899,ukraine-de,True,True,False,False,False,False,False,False,False,False,2022-12-02 22:35:17.130629+00:00,2022-12-02 22:35:17.130629+00:00
1598805382343770112,ukraine-de,True,True,False,False,False,False,False,False,False,False,2022-12-02 22:35:17.130517+00:00,2022-12-02 22:35:17.130517+00:00
1598805390338113536,ukraine-de,True,True,False,False,False,False,False,False,False,False,2022-12-02 22:35:17.130351+00:00,2022-12-02 22:35:17.130351+00:00
1598805400765095937,ukraine-de,True,True,False,False,False,False,False,False,False,False,2022-12-02 22:35:17.130248+00:00,2022-12-02 22:35:17.130248+00:00
1598805440749608961,ukraine-de,True,True,False,False,False,False,False,False,False,False,2022-12-02 22:35:17.130147+00:00,2022-12-02 22:35:17.130147+00:00
1598805476631642114,ukraine-de,True,True,False,False,False,False,False,False,False,False,2022-12-02 22:35:17.130047+00:00,2022-12-02 22:35:17.130047+00:00
1598805514015674369,ukraine-de,True,True,False,False,False,False,False,False,False,False,2022-12-02 22:35:17.129917+00:00,2022-12-02 22:35:17.129917+00:00
1598805531027804160,ukraine-de,True,True,False,False,False,False,False,False,False,False,2022-12-02 22:35:17.129822+00:00,2022-12-02 22:35:17.129822+00:00
1598805541186596865,ukraine-de,True,True,False,False,False,False,False,False,False,False,2022-12-02 22:35:17.129714+00:00,2022-12-02 22:35:17.129714+00:00
1598805622358777857,ukraine-de,True,True,False,False,False,False,False,False,False,False,2022-12-02 22:35:17.129616+00:00,2022-12-02 22:35:17.129616+00:00
1598805637957394434,ukraine-de,True,True,False,False,False,False,False,False,False,False,2022-12-02 22:35:17.129498+00:00,2022-12-02 22:35:17.129498+00:00
1598805709692338177,ukraine-de,True,True,False,False,False,False,False,False,False,False,2022-12-02 22:35:17.129402+00:00,2022-12-02 22:35:17.129402+00:00
1598805718781632522,ukraine-de,True,True,False,False,False,False,False,False,False,False,2022-12-02 22:35:17.129301+00:00,2022-12-02 22:35:17.129301+00:00
1598805748011520000,ukraine-de,True,True,False,False,False,False,False,False,False,False,2022-12-02 22:35:17.129204+00:00,2022-12-02 22:35:17.129204+00:00
1598805811479945229,ukraine-de,True,True,False,False,False,False,False,False,False,False,2022-12-02 22:35:17.129095+00:00,2022-12-02 22:35:17.129095+00:00
1598805910335414273,ukraine-de,True,True,False,False,False,False,False,False,False,False,2022-12-02 22:35:17.128993+00:00,2022-12-02 22:35:17.128993+00:00
1598805988999512064,ukraine-de,True,True,False,False,False,False,False,False,False,False,2022-12-02 22:35:17.128877+00:00,2022-12-02 22:35:17.128877+00:00
1598806014945468416,ukraine-de,True,True,False,False,False,False,False,False,False,False,2022-12-02 22:35:17.128774+00:00,2022-12-02 22:35:17.128774+00:00
1598806024496054272,ukraine-de,True,True,False,False,False,False,False,False,False,False,2022-12-02 22:35:17.128652+00:00,2022-12-02 22:35:17.128652+00:00
1598806029403271168,ukraine-de,True,True,False,False,False,False,False,False,False,False,2022-12-02 22:35:17.128536+00:00,2022-12-02 22:35:17.128536+00:00
1598806050739822605,ukraine-de,True,True,False,False,False,False,False,False,False,False,2022-12-02 22:35:17.128436+00:00,2022-12-02 22:35:17.128436+00:00
1598806066975985665,ukraine-de,True,True,False,False,False,False,False,False,False,False,2022-12-02 22:35:17.128326+00:00,2022-12-02 22:35:17.128326+00:00
1598806093630607360,ukraine-de,True,True,False,False,False,False,False,False,False,False,2022-12-02 22:35:17.128229+00:00,2022-12-02 22:35:17.128229+00:00
1598806100882726918,ukraine-de,True,True,False,False,False,False,False,False,False,False,2022-12-02 22:35:17.128128+00:00,2022-12-02 22:35:17.128128+00:00
1598806129131552768,ukraine-de,True,True,False,False,False,False,False,False,False,False,2022-12-02 22:35:17.128029+00:00,2022-12-02 22:35:17.128029+00:00
1598806165101588480,ukraine-de,True,True,False,False,False,False,False,False,False,False,2022-12-02 22:35:17.127931+00:00,2022-12-02 22:35:17.127931+00:00
1598806227089121280,ukraine-de,True,True,False,False,False,False,False,False,False,False,2022-12-02 22:35:17.127830+00:00,2022-12-02 22:35:17.127830+00:00
1598806276821196818,ukraine-de,True,True,False,False,False,False,False,False,False,False,2022-12-02 22:35:17.127728+00:00,2022-12-02 22:35:17.127728+00:00
1598806319171084315,ukraine-de,True,True,False,False,False,False,False,False,False,False,2022-12-02 22:35:17.127611+00:00,2022-12-02 22:35:17.127611+00:00
1598806345515503617,ukraine-de,True,True,False,False,False,False,False,False,False,False,2022-12-02 22:35:17.127489+00:00,2022-12-02 22:35:17.127489+00:00
1598806398204227584,ukraine-de,True,True,False,False,False,False,False,False,False,False,2022-12-02 22:35:17.127351+00:00,2022-12-02 22:35:17.127351+00:00
1598806459785125914,ukraine-de,True,True,False,False,False,False,False,False,False,False,2022-12-02 22:35:17.127230+00:00,2022-12-02 22:35:17.127230+00:00
1598806469494939657,ukraine-de,True,True,False,False,False,False,False,False,False,False,2022-12-02 22:35:17.127130+00:00,2022-12-02 22:35:17.127130+00:00
1598806559840141312,ukraine-de,True,True,False,False,False,False,False,False,False,False,2022-12-02 22:35:17.127033+00:00,2022-12-02 22:35:17.127033+00:00
1598806567608098831,ukraine-de,True,True,False,False,False,False,False,False,False,False,2022-12-02 22:35:17.126932+00:00,2022-12-02 22:35:17.126932+00:00
1598806574063308800,ukraine-de,True,True,False,False,False,False,False,False,False,False,2022-12-02 22:35:17.126833+00:00,2022-12-02 22:35:17.126833+00:00
1598806615846789140,ukraine-de,True,True,False,False,False,False,False,False,False,False,2022-12-02 22:35:17.126719+00:00,2022-12-02 22:35:17.126719+00:00
1598806655092695040,ukraine-de,True,True,False,False,False,False,False,False,False,False,2022-12-02 22:35:17.126615+00:00,2022-12-02 22:35:17.126615+00:00
1598806671987548160,ukraine-de,True,True,False,False,False,False,False,False,False,False,2022-12-02 22:35:17.126490+00:00,2022-12-02 22:35:17.126490+00:00
1598806677855571968,ukraine-de,True,True,False,False,False,False,False,False,False,False,2022-12-02 22:35:17.126327+00:00,2022-12-02 22:35:17.126327+00:00
1598806678685851667,ukraine-de,True,False,False,False,False,False,False,False,False,False,2022-12-03 01:30:30.081380+00:00,2022-12-03 01:30:30.081380+00:00
1598806690463358976,ukraine-de,True,True,False,False,False,False,False,False,False,False,2022-12-02 22:35:17.126227+00:00,2022-12-02 22:35:17.126227+00:00
1598806701993447424,ukraine-de,True,True,False,False,False,False,False,False,False,False,2022-12-02 22:35:17.126121+00:00,2022-12-02 22:35:17.126121+00:00
1598806718397521954,ukraine-de,True,True,False,False,False,False,False,False,False,False,2022-12-02 22:35:17.125964+00:00,2022-12-02 22:35:17.125964+00:00
1598806763209248769,ukraine-de,True,True,False,False,False,False,False,False,False,False,2022-12-02 22:35:17.125848+00:00,2022-12-02 22:35:17.125848+00:00
1598806784398880769,ukraine-de,True,True,False,False,False,False,False,False,False,False,2022-12-02 22:35:17.125749+00:00,2022-12-02 22:35:17.125749+00:00
1598806802371682329,ukraine-de,True,True,False,False,False,False,False,False,False,False,2022-12-02 22:35:17.125639+00:00,2022-12-02 22:35:17.125639+00:00
1598806857719717893,ukraine-de,True,True,False,False,False,False,False,False,False,False,2022-12-02 22:35:17.125524+00:00,2022-12-02 22:35:17.125524+00:00
1598806877894111233,ukraine-de,True,True,False,False,False,False,False,False,False,False,2022-12-02 22:35:17.125404+00:00,2022-12-02 22:35:17.125404+00:00
1598806883837435904,ukraine-de,True,True,False,False,False,False,False,False,False,False,2022-12-02 22:35:17.125308+00:00,2022-12-02 22:35:17.125308+00:00
1598806893061083138,ukraine-de,True,True,False,False,False,False,False,False,False,False,2022-12-02 22:35:17.125210+00:00,2022-12-02 22:35:17.125210+00:00
1598806898157002754,ukraine-de,True,True,False,False,False,False,False,False,False,False,2022-12-02 22:35:17.125113+00:00,2022-12-02 22:35:17.125113+00:00
1598806913109487617,ukraine-de,True,False,False,False,False,False,False,False,False,False,2022-12-03 01:30:30.077908+00:00,2022-12-03 01:30:30.077908+00:00
1598806929337458701,ukraine-de,True,True,False,False,False,False,False,False,False,False,2022-12-02 22:35:17.125013+00:00,2022-12-02 22:35:17.125013+00:00
1598806938564927512,ukraine-de,True,False,False,False,False,False,False,False,False,False,2022-12-03 01:30:30.089438+00:00,2022-12-03 01:30:30.089438+00:00
1598806940896960517,ukraine-de,True,True,False,False,False,False,False,False,False,False,2022-12-02 22:35:17.124909+00:00,2022-12-02 22:35:17.124909+00:00
1598806960266043393,ukraine-de,True,True,False,False,False,False,False,False,False,False,2022-12-02 22:35:17.124793+00:00,2022-12-02 22:35:17.124793+00:00
1598806965886623752,ukraine-de,True,True,False,False,False,False,False,False,False,False,2022-12-02 22:35:17.124686+00:00,2022-12-02 22:35:17.124686+00:00
1598806983053701121,ukraine-de,True,True,False,False,False,False,False,False,False,False,2022-12-02 22:35:17.124560+00:00,2022-12-02 22:35:17.124560+00:00
1598807067103559680,ukraine-de,True,False,False,False,False,False,False,False,False,False,2022-12-03 11:06:05.455673+00:00,2022-12-03 11:06:05.455673+00:00
1598807104235741194,ukraine-de,True,True,False,False,False,False,False,False,False,False,2022-12-02 22:35:17.124461+00:00,2022-12-02 22:35:17.124461+00:00
1598807111152148515,ukraine-de,True,True,False,False,False,False,False,False,False,False,2022-12-02 22:35:17.124346+00:00,2022-12-02 22:35:17.124346+00:00
1598807156698095631,ukraine-de,True,True,False,False,False,False,False,False,False,False,2022-12-02 22:35:17.124237+00:00,2022-12-02 22:35:17.124237+00:00
1598807229356023816,ukraine-de,True,True,False,False,False,False,False,False,False,False,2022-12-02 22:35:17.124141+00:00,2022-12-02 22:35:17.124141+00:00
1598807239485267978,ukraine-de,True,True,False,False,False,False,False,False,False,False,2022-12-02 22:35:17.124040+00:00,2022-12-02 22:35:17.124040+00:00
1598807269184921601,ukraine-de,True,True,False,False,False,False,False,False,False,False,2022-12-02 22:35:17.123910+00:00,2022-12-02 22:35:17.123910+00:00
1598807278152429568,ukraine-de,True,True,False,False,False,False,False,False,False,False,2022-12-02 22:35:17.123815+00:00,2022-12-02 22:35:17.123815+00:00
1598807294510342163,ukraine-de,True,True,False,False,False,False,False,False,False,False,2022-12-02 22:35:17.123716+00:00,2022-12-02 22:35:17.123716+00:00
1598807299950137344,ukraine-de,True,True,False,False,False,False,False,False,False,False,2022-12-02 22:35:17.123612+00:00,2022-12-02 22:35:17.123612+00:00
1598807333580075008,ukraine-de,True,True,False,False,False,False,False,False,False,False,2022-12-02 22:35:17.123495+00:00,2022-12-02 22:35:17.123495+00:00
1598807344821030912,ukraine-de,True,True,False,False,False,False,False,False,False,False,2022-12-02 22:35:17.123372+00:00,2022-12-02 22:35:17.123372+00:00
1598807395160887296,ukraine-de,True,False,False,False,False,False,False,False,False,False,2022-12-03 11:05:50.191263+00:00,2022-12-03 11:05:50.191263+00:00
1598807446952103936,ukraine-de,True,True,False,False,False,False,False,False,False,False,2022-12-02 22:35:17.123275+00:00,2022-12-02 22:35:17.123275+00:00
1598807456116719616,ukraine-de,True,True,False,False,False,False,False,False,False,False,2022-12-02 22:35:17.123163+00:00,2022-12-02 22:35:17.123163+00:00
1598807467323904000,ukraine-de,True,False,False,False,False,False,False,False,False,False,2022-12-03 01:30:30.089262+00:00,2022-12-03 01:30:30.089262+00:00
1598807475242901525,ukraine-de,True,True,False,False,False,False,False,False,False,False,2022-12-02 22:35:17.123061+00:00,2022-12-02 22:35:17.123061+00:00
1598807481106411520,ukraine-de,True,True,False,False,False,False,False,False,False,False,2022-12-02 22:35:17.122942+00:00,2022-12-02 22:35:17.122942+00:00
1598807488073121793,ukraine-de,True,True,False,False,False,False,False,False,False,False,2022-12-02 22:35:17.122749+00:00,2022-12-02 22:35:17.122749+00:00
1598807518775582726,ukraine-de,True,True,False,False,False,False,False,False,False,False,2022-12-02 22:35:17.122649+00:00,2022-12-02 22:35:17.122649+00:00
1598807572705730560,ukraine-de,True,True,False,False,False,False,False,False,False,False,2022-12-02 22:35:17.122546+00:00,2022-12-02 22:35:17.122546+00:00
1598807617215660032,ukraine-de,True,True,False,False,False,False,False,False,False,False,2022-12-02 22:35:17.122432+00:00,2022-12-02 22:35:17.122432+00:00
1598807658135535616,ukraine-de,True,True,False,False,False,False,False,False,False,False,2022-12-02 22:35:17.122281+00:00,2022-12-02 22:35:17.122281+00:00
1598807694890061824,ukraine-de,True,True,False,False,False,False,False,False,False,False,2022-12-02 22:35:17.122136+00:00,2022-12-02 22:35:17.122136+00:00
1598807703555645441,ukraine-de,True,True,False,False,False,False,False,False,False,False,2022-12-02 22:35:17.122037+00:00,2022-12-02 22:35:17.122037+00:00
1598807705736683554,ukraine-de,True,True,False,False,False,False,False,False,False,False,2022-12-02 22:35:17.121905+00:00,2022-12-02 22:35:17.121905+00:00
1598807709624803329,ukraine-de,True,True,False,False,False,False,False,False,False,False,2022-12-02 22:35:17.121807+00:00,2022-12-02 22:35:17.121807+00:00
1598807874729172993,ukraine-de,True,False,False,False,False,False,False,False,False,False,2022-12-03 01:30:30.089163+00:00,2022-12-03 01:30:30.089163+00:00
1598807877711536141,ukraine-de,True,True,False,False,False,False,False,False,False,False,2022-12-02 22:35:17.121711+00:00,2022-12-02 22:35:17.121711+00:00
1598807910783619072,ukraine-de,True,True,False,False,False,False,False,False,False,False,2022-12-02 22:35:17.121580+00:00,2022-12-02 22:35:17.121580+00:00
1598807916051505152,ukraine-de,True,True,False,False,False,False,False,False,False,False,2022-12-02 22:35:17.121478+00:00,2022-12-02 22:35:17.121478+00:00
1598807932182962198,ukraine-de,True,True,False,False,False,False,False,False,False,False,2022-12-02 22:35:17.121373+00:00,2022-12-02 22:35:17.121373+00:00
1598807942987485185,ukraine-de,True,True,False,False,False,False,False,False,False,False,2022-12-02 22:35:17.121252+00:00,2022-12-02 22:35:17.121252+00:00
1598807946002980864,ukraine-de,True,True,False,False,False,False,False,False,False,False,2022-12-02 22:35:17.121106+00:00,2022-12-02 22:35:17.121106+00:00
1598807948771282950,ukraine-de,True,True,False,False,False,False,False,False,False,False,2022-12-02 22:35:17.120242+00:00,2022-12-02 22:35:17.120242+00:00
1598807955796893705,ukraine-de,True,True,False,False,False,False,False,False,False,False,2022-12-02 22:35:17.119922+00:00,2022-12-02 22:35:17.119922+00:00
1598807978035093522,ukraine-de,True,True,False,False,False,False,False,False,False,False,2022-12-02 22:35:17.119635+00:00,2022-12-02 22:35:17.119635+00:00
1598808010016661526,ukraine-de,True,True,False,False,False,False,False,False,False,False,2022-12-03 01:30:30.053934+00:00,2022-12-03 01:30:30.053934+00:00
1598808020703657985,ukraine-de,True,True,False,False,False,False,False,False,False,False,2022-12-03 01:30:30.053547+00:00,2022-12-03 01:30:30.053547+00:00
1598808053482106880,ukraine-de,True,True,False,False,False,False,False,False,False,False,2022-12-03 01:30:30.053318+00:00,2022-12-03 01:30:30.053318+00:00
1598808076009996289,ukraine-de,True,True,False,False,False,False,False,False,False,False,2022-12-03 01:30:30.053176+00:00,2022-12-03 01:30:30.053176+00:00
1598808091889475604,ukraine-de,True,True,False,False,False,False,False,False,False,False,2022-12-03 01:30:30.052757+00:00,2022-12-03 01:30:30.052757+00:00
1598808118271647752,ukraine-de,True,True,False,False,False,False,False,False,False,False,2022-12-03 01:30:30.052655+00:00,2022-12-03 01:30:30.052655+00:00
1598808138756464640,ukraine-de,True,False,False,False,False,False,False,False,False,False,2022-12-03 01:30:30.089785+00:00,2022-12-03 01:30:30.089785+00:00
1598808162349776896,ukraine-de,True,True,False,False,False,False,False,False,False,False,2022-12-03 01:30:30.052555+00:00,2022-12-03 01:30:30.052555+00:00
1598808189771730944,ukraine-de,True,True,False,False,False,False,False,False,False,False,2022-12-03 01:30:30.052457+00:00,2022-12-03 01:30:30.052457+00:00
1598808206645633027,ukraine-de,True,True,False,False,False,False,False,False,False,False,2022-12-03 01:30:30.052357+00:00,2022-12-03 01:30:30.052357+00:00
1598808236664266763,ukraine-de,True,True,False,False,False,False,False,False,False,False,2022-12-03 01:30:30.052255+00:00,2022-12-03 01:30:30.052255+00:00
1598808243865886732,ukraine-de,True,False,False,False,False,False,False,False,False,False,2022-12-03 01:30:30.087318+00:00,2022-12-03 01:30:30.087318+00:00
1598808284110233613,ukraine-de,True,True,False,False,False,False,False,False,False,False,2022-12-03 01:30:30.052154+00:00,2022-12-03 01:30:30.052154+00:00
1598808317362675725,ukraine-de,True,False,False,False,False,False,False,False,False,False,2022-12-03 01:30:30.055480+00:00,2022-12-03 01:30:30.055480+00:00
1598808395250663424,ukraine-de,True,True,False,False,False,False,False,False,False,False,2022-12-03 01:30:30.052050+00:00,2022-12-03 01:30:30.052050+00:00
1598808415890980864,ukraine-de,True,True,False,False,False,False,False,False,False,False,2022-12-03 01:30:30.051929+00:00,2022-12-03 01:30:30.051929+00:00
1598808434123546624,ukraine-de,True,True,False,False,False,False,False,False,False,False,2022-12-03 01:30:30.051673+00:00,2022-12-03 01:30:30.051673+00:00
1598808446274609153,ukraine-de,True,True,False,False,False,False,False,False,False,False,2022-12-03 01:30:30.051574+00:00,2022-12-03 01:30:30.051574+00:00
1598808515170439169,ukraine-de,True,True,False,False,False,False,False,False,False,False,2022-12-03 01:30:30.051459+00:00,2022-12-03 01:30:30.051459+00:00
1598808538347970577,ukraine-de,True,True,False,False,False,False,False,False,False,False,2022-12-03 01:30:30.051357+00:00,2022-12-03 01:30:30.051357+00:00
1598808564826394624,ukraine-de,True,True,False,False,False,False,False,False,False,False,2022-12-03 01:30:30.051237+00:00,2022-12-03 01:30:30.051237+00:00
1598808569163354112,ukraine-de,True,False,False,False,False,False,False,False,False,False,2022-12-03 01:30:30.078126+00:00,2022-12-03 01:30:30.078126+00:00
1598808571587592192,ukraine-de,True,True,False,False,False,False,False,False,False,False,2022-12-03 01:30:30.051113+00:00,2022-12-03 01:30:30.051113+00:00
1598808625421721615,ukraine-de,True,False,False,False,False,False,False,False,False,False,2022-12-03 03:40:14.845851+00:00,2022-12-03 03:40:14.845851+00:00
1598808646036918272,ukraine-de,True,True,False,False,False,False,False,False,False,False,2022-12-03 01:30:30.050979+00:00,2022-12-03 01:30:30.050979+00:00
1598808685647732744,ukraine-de,True,True,False,False,False,False,False,False,False,False,2022-12-03 01:30:30.050774+00:00,2022-12-03 01:30:30.050774+00:00
1598808728471420928,ukraine-de,True,False,False,False,False,False,False,False,False,False,2022-12-03 01:30:30.068017+00:00,2022-12-03 01:30:30.068017+00:00
1598808763682607105,ukraine-de,True,True,False,False,False,False,False,False,False,False,2022-12-03 01:30:30.050665+00:00,2022-12-03 01:30:30.050665+00:00
1598808840400773146,ukraine-de,True,True,False,False,False,False,False,False,False,False,2022-12-03 01:30:30.050562+00:00,2022-12-03 01:30:30.050562+00:00
1598808857504927744,ukraine-de,True,False,False,False,False,False,False,False,False,False,2022-12-03 08:10:46.219558+00:00,2022-12-03 08:10:46.219558+00:00
1598808891655000064,ukraine-de,True,False,False,False,False,False,False,False,False,False,2022-12-03 01:30:30.087584+00:00,2022-12-03 01:30:30.087584+00:00
1598808897602523136,ukraine-de,True,True,False,False,False,False,False,False,False,False,2022-12-03 01:30:18.799345+00:00,2022-12-03 01:30:30.050451+00:00
1598808902853959694,ukraine-de,True,True,False,False,False,False,False,False,False,False,2022-12-03 01:30:30.050327+00:00,2022-12-03 01:30:30.050327+00:00
1598808920990130207,ukraine-de,True,True,False,False,False,False,False,False,False,False,2022-12-03 01:30:30.050226+00:00,2022-12-03 01:30:30.050226+00:00
1598808928992645121,ukraine-de,True,True,False,False,False,False,False,False,False,False,2022-12-03 01:30:30.050124+00:00,2022-12-03 01:30:30.050124+00:00
1598808942586757120,ukraine-de,True,True,False,False,False,False,False,False,False,False,2022-12-03 01:30:30.050021+00:00,2022-12-03 01:30:30.050021+00:00
1598808954343235610,ukraine-de,True,True,False,False,False,False,False,False,False,False,2022-12-03 01:30:30.049902+00:00,2022-12-03 01:30:30.049902+00:00
1598809020676153371,ukraine-de,True,True,False,False,False,False,False,False,False,False,2022-12-03 01:30:30.049702+00:00,2022-12-03 01:30:30.049702+00:00
1598809028662108164,ukraine-de,True,True,False,False,False,False,False,False,False,False,2022-12-03 01:30:30.049573+00:00,2022-12-03 01:30:30.049573+00:00
1598809032139354112,ukraine-de,True,True,False,False,False,False,False,False,False,False,2022-12-03 01:30:30.049455+00:00,2022-12-03 01:30:30.049455+00:00
1598809071049744405,ukraine-de,True,True,False,False,False,False,False,False,False,False,2022-12-03 01:30:30.049144+00:00,2022-12-03 01:30:30.049144+00:00
1598809071607586844,ukraine-de,True,True,False,False,False,False,False,False,False,False,2022-12-03 01:30:30.048919+00:00,2022-12-03 01:30:30.048919+00:00
1598809081359179776,ukraine-de,True,True,False,False,False,False,False,False,False,False,2022-12-03 01:30:30.048715+00:00,2022-12-03 01:30:30.048715+00:00
1598809102074814465,ukraine-de,True,True,False,False,False,False,False,False,False,False,2022-12-03 01:30:30.048610+00:00,2022-12-03 01:30:30.048610+00:00
1598809168919465984,ukraine-de,True,True,False,False,False,False,False,False,False,False,2022-12-03 01:30:30.048498+00:00,2022-12-03 01:30:30.048498+00:00
1598809172816142340,ukraine-de,True,False,False,False,False,False,False,False,False,False,2022-12-03 01:30:30.086726+00:00,2022-12-03 01:30:30.086726+00:00
1598809198648860677,ukraine-de,True,True,False,False,False,False,False,False,False,False,2022-12-03 01:30:30.048259+00:00,2022-12-03 01:30:30.048259+00:00
1598809342291189773,ukraine-de,True,True,False,False,False,False,False,False,False,False,2022-12-03 01:30:30.048127+00:00,2022-12-03 01:30:30.048127+00:00
1598809381503737886,ukraine-de,True,True,False,False,False,False,False,False,False,False,2022-12-03 01:30:30.047973+00:00,2022-12-03 01:30:30.047973+00:00
1598809501011824640,ukraine-de,True,True,False,False,False,False,False,False,False,False,2022-12-03 01:30:30.047757+00:00,2022-12-03 01:30:30.047757+00:00
1598809550609686528,ukraine-de,True,True,False,False,False,False,False,False,False,False,2022-12-03 01:30:30.047503+00:00,2022-12-03 01:30:30.047503+00:00
1598809567412068357,ukraine-de,True,True,False,False,False,False,False,False,False,False,2022-12-03 01:30:30.047398+00:00,2022-12-03 01:30:30.047398+00:00
1598809579072016385,ukraine-de,True,True,False,False,False,False,False,False,False,False,2022-12-03 01:30:30.047206+00:00,2022-12-03 01:30:30.047206+00:00
1598809599712403467,ukraine-de,True,True,False,False,False,False,False,False,False,False,2022-12-03 01:30:30.047073+00:00,2022-12-03 01:30:30.047073+00:00
1598809658764009475,ukraine-de,True,True,False,False,False,False,False,False,False,False,2022-12-03 01:30:30.046828+00:00,2022-12-03 01:30:30.046828+00:00
1598809665416011777,ukraine-de,True,True,False,False,False,False,False,False,False,False,2022-12-03 01:30:30.046727+00:00,2022-12-03 01:30:30.046727+00:00
1598809674223976448,ukraine-de,True,True,False,False,False,False,False,False,False,False,2022-12-03 01:30:30.046624+00:00,2022-12-03 01:30:30.046624+00:00
1598809693392183306,ukraine-de,True,True,False,False,False,False,False,False,False,False,2022-12-03 01:30:30.046508+00:00,2022-12-03 01:30:30.046508+00:00
1598809708055470088,ukraine-de,True,True,False,False,False,False,False,False,False,False,2022-12-03 01:30:30.046387+00:00,2022-12-03 01:30:30.046387+00:00
1598809758152085504,ukraine-de,True,True,False,False,False,False,False,False,False,False,2022-12-03 01:30:30.046284+00:00,2022-12-03 01:30:30.046284+00:00
1598809760232374272,ukraine-de,True,True,False,False,False,False,False,False,False,False,2022-12-03 01:30:30.046182+00:00,2022-12-03 01:30:30.046182+00:00
1598809830491398154,ukraine-de,True,True,False,False,False,False,False,False,False,False,2022-12-03 01:30:30.046079+00:00,2022-12-03 01:30:30.046079+00:00
1598809831577595905,ukraine-de,True,True,False,False,False,False,False,False,False,False,2022-12-03 01:30:30.045947+00:00,2022-12-03 01:30:30.045947+00:00
1598809864242970625,ukraine-de,True,True,False,False,False,False,False,False,False,False,2022-12-03 01:30:30.045633+00:00,2022-12-03 01:30:30.045633+00:00
1598809867967504398,ukraine-de,True,True,False,False,False,False,False,False,False,False,2022-12-03 01:30:30.045494+00:00,2022-12-03 01:30:30.045494+00:00
1598809880931934209,ukraine-de,True,True,False,False,False,False,False,False,False,False,2022-12-03 01:30:30.045261+00:00,2022-12-03 01:30:30.045261+00:00
1598809896199364618,ukraine-de,True,True,False,False,False,False,False,False,False,False,2022-12-03 01:30:30.044979+00:00,2022-12-03 01:30:30.044979+00:00
1598809905011441665,ukraine-de,True,True,False,False,False,False,False,False,False,False,2022-12-03 01:30:30.044879+00:00,2022-12-03 01:30:30.044879+00:00
1598809906974531586,ukraine-de,True,True,False,False,False,False,False,False,False,False,2022-12-03 01:30:30.044781+00:00,2022-12-03 01:30:30.044781+00:00
1598809910795542551,ukraine-de,True,True,False,False,False,False,False,False,False,False,2022-12-03 01:30:30.044682+00:00,2022-12-03 01:30:30.044682+00:00
1598809935609045021,ukraine-de,True,True,False,False,False,False,False,False,False,False,2022-12-03 01:30:30.044583+00:00,2022-12-03 01:30:30.044583+00:00
1598809941669814275,ukraine-de,True,True,False,False,False,False,False,False,False,False,2022-12-03 01:30:30.044482+00:00,2022-12-03 01:30:30.044482+00:00
1598809982006280193,ukraine-de,True,True,False,False,False,False,False,False,False,False,2022-12-03 01:30:30.044381+00:00,2022-12-03 01:30:30.044381+00:00
1598809986276028416,ukraine-de,True,True,False,False,False,False,False,False,False,False,2022-12-03 01:30:30.044269+00:00,2022-12-03 01:30:30.044269+00:00
1598810016378757149,ukraine-de,True,True,False,False,False,False,False,False,False,False,2022-12-03 01:30:30.044170+00:00,2022-12-03 01:30:30.044170+00:00
1598810057797509134,ukraine-de,True,True,False,False,False,False,False,False,False,False,2022-12-03 01:30:30.044067+00:00,2022-12-03 01:30:30.044067+00:00
1598810075669438478,ukraine-de,True,True,False,False,False,False,False,False,False,False,2022-12-03 01:30:30.043951+00:00,2022-12-03 01:30:30.043951+00:00
1598810078995521553,ukraine-de,True,True,False,False,False,False,False,False,False,False,2022-12-03 01:30:30.043833+00:00,2022-12-03 01:30:30.043833+00:00
1598810137816244224,ukraine-de,True,True,False,False,False,False,False,False,False,False,2022-12-03 01:30:30.043681+00:00,2022-12-03 01:30:30.043681+00:00
1598810150332243970,ukraine-de,True,True,False,False,False,False,False,False,False,False,2022-12-03 01:30:30.043578+00:00,2022-12-03 01:30:30.043578+00:00
1598810156170874881,ukraine-de,True,True,False,False,False,False,False,False,False,False,2022-12-03 01:30:30.043463+00:00,2022-12-03 01:30:30.043463+00:00
1598810167763562497,ukraine-de,True,True,False,False,False,False,False,False,False,False,2022-12-03 01:30:30.043361+00:00,2022-12-03 01:30:30.043361+00:00
1598810229017260032,ukraine-de,True,False,False,False,False,False,False,False,False,False,2022-12-03 01:30:18.800008+00:00,2022-12-03 01:30:18.800008+00:00
1598810229965299716,ukraine-de,True,True,False,False,False,False,False,False,False,False,2022-12-03 01:30:30.043257+00:00,2022-12-03 01:30:30.043257+00:00
1598810243558957058,ukraine-de,True,True,False,False,False,False,False,False,False,False,2022-12-03 01:30:30.043132+00:00,2022-12-03 01:30:30.043132+00:00
1598810247988224025,ukraine-de,True,True,False,False,False,False,False,False,False,False,2022-12-03 01:30:30.043010+00:00,2022-12-03 01:30:30.043010+00:00
1598810267944722440,ukraine-de,True,True,False,False,False,False,False,False,False,False,2022-12-03 01:30:18.823852+00:00,2022-12-03 01:30:30.042794+00:00
1598810339524714500,ukraine-de,True,True,False,False,False,False,False,False,False,False,2022-12-03 01:30:30.042691+00:00,2022-12-03 01:30:30.042691+00:00
1598810349985497090,ukraine-de,True,True,False,False,False,False,False,False,False,False,2022-12-03 01:30:18.800797+00:00,2022-12-03 01:30:30.042588+00:00
1598810381610278913,ukraine-de,True,True,False,False,False,False,False,False,False,False,2022-12-03 01:30:30.042461+00:00,2022-12-03 01:30:30.042461+00:00
1598810395703390208,ukraine-de,True,True,False,False,False,False,False,False,False,False,2022-12-03 01:30:30.042347+00:00,2022-12-03 01:30:30.042347+00:00
1598810435779797009,ukraine-de,True,True,False,False,False,False,False,False,False,False,2022-12-03 01:30:30.042040+00:00,2022-12-03 01:30:30.042040+00:00
1598810453861273600,ukraine-de,True,False,False,False,False,False,False,False,False,False,2022-12-03 01:30:18.813373+00:00,2022-12-03 01:30:18.813373+00:00
1598810487843700736,ukraine-de,True,True,False,False,False,False,False,False,False,False,2022-12-03 01:30:30.041925+00:00,2022-12-03 01:30:30.041925+00:00
1598810547352477703,ukraine-de,True,True,False,False,False,False,False,False,False,False,2022-12-03 01:30:30.041699+00:00,2022-12-03 01:30:30.041699+00:00
1598810564242939904,ukraine-de,True,True,False,False,False,False,False,False,False,False,2022-12-03 01:30:30.041565+00:00,2022-12-03 01:30:30.041565+00:00
1598810650943393793,ukraine-de,True,True,False,False,False,False,False,False,False,False,2022-12-03 01:30:30.041383+00:00,2022-12-03 01:30:30.041383+00:00
1598810660036521985,ukraine-de,True,True,False,False,False,False,False,False,False,False,2022-12-03 01:30:30.040715+00:00,2022-12-03 01:30:30.040715+00:00
1598810662729392154,ukraine-de,True,True,False,False,False,False,False,False,False,False,2022-12-03 01:30:30.040595+00:00,2022-12-03 01:30:30.040595+00:00
1598810683503779851,ukraine-de,True,True,False,False,False,False,False,False,False,False,2022-12-03 01:30:30.040471+00:00,2022-12-03 01:30:30.040471+00:00
1598810722611470376,ukraine-de,True,True,False,False,False,False,False,False,False,False,2022-12-03 01:30:30.040320+00:00,2022-12-03 01:30:30.040320+00:00
1598810741704134657,ukraine-de,True,True,False,False,False,False,False,False,False,False,2022-12-03 01:30:30.040158+00:00,2022-12-03 01:30:30.040158+00:00
1598810754978758656,ukraine-de,True,True,False,False,False,False,False,False,False,False,2022-12-03 01:30:30.038675+00:00,2022-12-03 01:30:30.038675+00:00
1598810865142308865,ukraine-de,True,True,False,False,False,False,False,False,False,False,2022-12-03 01:30:30.038557+00:00,2022-12-03 01:30:30.038557+00:00
1598810895592828929,ukraine-de,True,True,False,False,False,False,False,False,False,False,2022-12-03 01:30:30.038344+00:00,2022-12-03 01:30:30.038344+00:00
1598810911875035136,ukraine-de,True,True,False,False,False,False,False,False,False,False,2022-12-03 01:30:30.038243+00:00,2022-12-03 01:30:30.038243+00:00
1598810941214162944,ukraine-de,True,True,False,False,False,False,False,False,False,False,2022-12-03 01:30:30.038142+00:00,2022-12-03 01:30:30.038142+00:00
1598811044746600473,ukraine-de,True,True,False,False,False,False,False,False,False,False,2022-12-03 01:30:30.038041+00:00,2022-12-03 01:30:30.038041+00:00
1598811063901859840,ukraine-de,True,True,False,False,False,False,False,False,False,False,2022-12-03 01:30:30.037926+00:00,2022-12-03 01:30:30.037926+00:00
1598811077520891919,ukraine-de,True,True,False,False,False,False,False,False,False,False,2022-12-03 01:30:30.037767+00:00,2022-12-03 01:30:30.037767+00:00
1598811100643852288,ukraine-de,True,True,False,False,False,False,False,False,False,False,2022-12-03 01:30:30.037660+00:00,2022-12-03 01:30:30.037660+00:00
1598811135695888412,ukraine-de,True,True,False,False,False,False,False,False,False,False,2022-12-03 01:30:30.037512+00:00,2022-12-03 01:30:30.037512+00:00
1598811137541165057,ukraine-de,True,True,False,False,False,False,False,False,False,False,2022-12-03 01:30:30.037259+00:00,2022-12-03 01:30:30.037259+00:00
1598811151898247168,ukraine-de,True,True,False,False,False,False,False,False,False,False,2022-12-03 01:30:30.037157+00:00,2022-12-03 01:30:30.037157+00:00
1598811155031629829,ukraine-de,True,True,False,False,False,False,False,False,False,False,2022-12-03 01:30:30.037053+00:00,2022-12-03 01:30:30.037053+00:00
1598811172806852608,ukraine-de,True,True,False,False,False,False,False,False,False,False,2022-12-03 01:30:30.036950+00:00,2022-12-03 01:30:30.036950+00:00
1598811220416483328,ukraine-de,True,True,False,False,False,False,False,False,False,False,2022-12-03 01:30:30.036843+00:00,2022-12-03 01:30:30.036843+00:00
1598811228796854296,ukraine-de,True,True,False,False,False,False,False,False,False,False,2022-12-03 01:30:30.036700+00:00,2022-12-03 01:30:30.036700+00:00
1598811265081778189,ukraine-de,True,True,False,False,False,False,False,False,False,False,2022-12-03 01:30:30.036338+00:00,2022-12-03 01:30:30.036338+00:00
1598811299143716864,ukraine-de,True,False,False,False,False,False,False,False,False,False,2022-12-03 01:30:30.076393+00:00,2022-12-03 01:30:30.076393+00:00
1598811308354412565,ukraine-de,True,True,False,False,False,False,False,False,False,False,2022-12-03 01:30:30.036171+00:00,2022-12-03 01:30:30.036171+00:00
1598811335735009283,ukraine-de,True,False,False,False,False,False,False,False,False,False,2022-12-03 04:25:14.043834+00:00,2022-12-03 04:25:14.043834+00:00
1598811475312726017,ukraine-de,True,True,False,False,False,False,False,False,False,False,2022-12-03 01:30:30.036069+00:00,2022-12-03 01:30:30.036069+00:00
1598811520611205120,ukraine-de,True,True,False,False,False,False,False,False,False,False,2022-12-03 01:30:30.035966+00:00,2022-12-03 01:30:30.035966+00:00
1598811558984839168,ukraine-de,True,False,False,False,False,False,False,False,False,False,2022-12-03 01:30:18.797402+00:00,2022-12-03 01:30:18.797402+00:00
1598811596025139201,ukraine-de,True,True,False,False,False,False,False,False,False,False,2022-12-03 01:30:30.035850+00:00,2022-12-03 01:30:30.035850+00:00
1598811610218254336,ukraine-de,True,False,False,False,False,False,False,False,False,False,2022-12-03 11:05:26.619085+00:00,2022-12-03 11:05:26.619085+00:00
1598811617071726594,ukraine-de,True,True,False,False,False,False,False,False,False,False,2022-12-03 01:30:30.035681+00:00,2022-12-03 01:30:30.035681+00:00
1598811626769031168,ukraine-de,True,True,False,False,False,False,False,False,False,False,2022-12-03 01:30:30.035552+00:00,2022-12-03 01:30:30.035552+00:00
1598811632951517184,ukraine-de,True,True,False,False,False,False,False,False,False,False,2022-12-03 01:30:30.035451+00:00,2022-12-03 01:30:30.035451+00:00
1598811696893771776,ukraine-de,True,True,False,False,False,False,False,False,False,False,2022-12-03 01:30:30.035333+00:00,2022-12-03 01:30:30.035333+00:00
1598811795803750406,ukraine-de,True,True,False,False,False,False,False,False,False,False,2022-12-03 01:30:30.035231+00:00,2022-12-03 01:30:30.035231+00:00
1598811797850656769,ukraine-de,True,True,False,False,False,False,False,False,False,False,2022-12-03 01:30:30.035115+00:00,2022-12-03 01:30:30.035115+00:00
1598811818503307267,ukraine-de,True,True,False,False,False,False,False,False,False,False,2022-12-03 01:30:30.034998+00:00,2022-12-03 01:30:30.034998+00:00
1598811839017517057,ukraine-de,True,True,False,False,False,False,False,False,False,False,2022-12-03 01:30:30.034899+00:00,2022-12-03 01:30:30.034899+00:00
1598811867433967616,ukraine-de,True,True,False,False,False,False,False,False,False,False,2022-12-03 01:30:30.034796+00:00,2022-12-03 01:30:30.034796+00:00
1598811874602397696,ukraine-de,True,False,False,False,False,False,False,False,False,False,2022-12-03 03:40:14.828917+00:00,2022-12-03 03:40:14.828917+00:00
1598811898149052420,ukraine-de,True,True,False,False,False,False,False,False,False,False,2022-12-03 01:30:30.034692+00:00,2022-12-03 01:30:30.034692+00:00
1598811925877399553,ukraine-de,True,True,False,False,False,False,False,False,False,False,2022-12-03 01:30:18.827938+00:00,2022-12-03 01:30:30.034574+00:00
1598811941228740608,ukraine-de,True,True,False,False,False,False,False,False,False,False,2022-12-03 01:30:30.034347+00:00,2022-12-03 01:30:30.034347+00:00
1598811954852016129,ukraine-de,True,True,False,False,False,False,False,False,False,False,2022-12-03 01:30:30.034159+00:00,2022-12-03 01:30:30.034159+00:00
1598812063358492672,ukraine-de,True,True,False,False,False,False,False,False,False,False,2022-12-03 01:30:30.034057+00:00,2022-12-03 01:30:30.034057+00:00
1598812064792862720,ukraine-de,True,True,False,False,False,False,False,False,False,False,2022-12-03 01:30:30.033951+00:00,2022-12-03 01:30:30.033951+00:00
1598812076214034434,ukraine-de,True,True,False,False,False,False,False,False,False,False,2022-12-03 01:30:30.033791+00:00,2022-12-03 01:30:30.033791+00:00
1598812092294889473,ukraine-de,True,True,False,False,False,False,False,False,False,False,2022-12-03 01:30:30.033679+00:00,2022-12-03 01:30:30.033679+00:00
1598812111471349767,ukraine-de,True,True,False,False,False,False,False,False,False,False,2022-12-03 01:30:30.033432+00:00,2022-12-03 01:30:30.033432+00:00
1598812124788277249,ukraine-de,True,True,False,False,False,False,False,False,False,False,2022-12-03 01:30:30.033321+00:00,2022-12-03 01:30:30.033321+00:00
1598812140957204481,ukraine-de,True,True,False,False,False,False,False,False,False,False,2022-12-03 01:30:30.033222+00:00,2022-12-03 01:30:30.033222+00:00
1598812155624701957,ukraine-de,True,True,False,False,False,False,False,False,False,False,2022-12-03 01:30:30.033124+00:00,2022-12-03 01:30:30.033124+00:00
1598812227800223745,ukraine-de,True,True,False,False,False,False,False,False,False,False,2022-12-03 01:30:30.033025+00:00,2022-12-03 01:30:30.033025+00:00
1598812238000816128,ukraine-de,True,True,False,False,False,False,False,False,False,False,2022-12-03 01:30:30.032925+00:00,2022-12-03 01:30:30.032925+00:00
1598812238109986816,ukraine-de,True,True,False,False,False,False,False,False,False,False,2022-12-03 01:30:30.032816+00:00,2022-12-03 01:30:30.032816+00:00
1598812242266316800,ukraine-de,True,True,False,False,False,False,False,False,False,False,2022-12-03 01:30:30.032713+00:00,2022-12-03 01:30:30.032713+00:00
1598812254908035072,ukraine-de,True,True,False,False,False,False,False,False,False,False,2022-12-03 01:30:30.032608+00:00,2022-12-03 01:30:30.032608+00:00
1598812275900456960,ukraine-de,True,True,False,False,False,False,False,False,False,False,2022-12-03 01:30:30.032453+00:00,2022-12-03 01:30:30.032453+00:00
1598812294498385920,ukraine-de,True,True,False,False,False,False,False,False,False,False,2022-12-03 01:30:30.032238+00:00,2022-12-03 01:30:30.032238+00:00
1598812297752879106,ukraine-de,True,False,False,False,False,False,False,False,False,False,2022-12-03 03:40:14.815584+00:00,2022-12-03 03:40:14.815584+00:00
1598812332280274944,ukraine-de,True,True,False,False,False,False,False,False,False,False,2022-12-03 01:30:30.032004+00:00,2022-12-03 01:30:30.032004+00:00
1598812346377555968,ukraine-de,True,True,False,False,False,False,False,False,False,False,2022-12-03 01:30:30.031796+00:00,2022-12-03 01:30:30.031796+00:00
1598812377750839296,ukraine-de,True,True,False,False,False,False,False,False,False,False,2022-12-03 01:30:30.031695+00:00,2022-12-03 01:30:30.031695+00:00
1598812379478753281,ukraine-de,True,True,False,False,False,False,False,False,False,False,2022-12-03 01:30:30.031587+00:00,2022-12-03 01:30:30.031587+00:00
1598812466452070403,ukraine-de,True,True,False,False,False,False,False,False,False,False,2022-12-03 01:30:18.823335+00:00,2022-12-03 01:30:30.031348+00:00
1598812479664304128,ukraine-de,True,True,False,False,False,False,False,False,False,False,2022-12-03 01:30:30.031236+00:00,2022-12-03 01:30:30.031236+00:00
1598812497657696261,ukraine-de,True,True,False,False,False,False,False,False,False,False,2022-12-03 01:30:18.803106+00:00,2022-12-03 01:30:30.031114+00:00
1598812512547241985,ukraine-de,True,True,False,False,False,False,False,False,False,False,2022-12-03 01:30:30.031013+00:00,2022-12-03 01:30:30.031013+00:00
1598812527906938884,ukraine-de,True,True,False,False,False,False,False,False,False,False,2022-12-03 01:30:30.030912+00:00,2022-12-03 01:30:30.030912+00:00
1598812531358777346,ukraine-de,True,True,False,False,False,False,False,False,False,False,2022-12-03 01:30:30.030797+00:00,2022-12-03 01:30:30.030797+00:00
1598812615068864522,ukraine-de,True,True,False,False,False,False,False,False,False,False,2022-12-03 01:30:30.030695+00:00,2022-12-03 01:30:30.030695+00:00
1598812624745119745,ukraine-de,True,False,False,False,False,False,False,False,False,False,2022-12-03 01:30:30.076715+00:00,2022-12-03 01:30:30.076715+00:00
1598812646274437121,ukraine-de,True,True,False,False,False,False,False,False,False,False,2022-12-03 01:30:30.030592+00:00,2022-12-03 01:30:30.030592+00:00
1598812686426378240,ukraine-de,True,True,False,False,False,False,False,False,False,False,2022-12-03 01:30:30.030335+00:00,2022-12-03 01:30:30.030335+00:00
1598812713953947648,ukraine-de,True,True,False,False,False,False,False,False,False,False,2022-12-03 01:30:30.030235+00:00,2022-12-03 01:30:30.030235+00:00
1598812717644713985,ukraine-de,True,True,False,False,False,False,False,False,False,False,2022-12-03 01:30:30.030134+00:00,2022-12-03 01:30:30.030134+00:00
1598812751442325505,ukraine-de,True,True,False,False,False,False,False,False,False,False,2022-12-03 01:30:30.030031+00:00,2022-12-03 01:30:30.030031+00:00
1598812861328814080,ukraine-de,True,True,False,False,False,False,False,False,False,False,2022-12-03 01:30:30.029917+00:00,2022-12-03 01:30:30.029917+00:00
1598812865602801664,ukraine-de,True,True,False,False,False,False,False,False,False,False,2022-12-03 01:30:30.029764+00:00,2022-12-03 01:30:30.029764+00:00
1598812879653949441,ukraine-de,True,True,False,False,False,False,False,False,False,False,2022-12-03 01:30:30.029662+00:00,2022-12-03 01:30:30.029662+00:00
1598812975799885825,ukraine-de,True,True,False,False,False,False,False,False,False,False,2022-12-03 01:30:30.029538+00:00,2022-12-03 01:30:30.029538+00:00
1598813012890193921,ukraine-de,True,True,False,False,False,False,False,False,False,False,2022-12-03 01:30:30.029423+00:00,2022-12-03 01:30:30.029423+00:00
1598813015922642944,ukraine-de,True,True,False,False,False,False,False,False,False,False,2022-12-03 01:30:30.029310+00:00,2022-12-03 01:30:30.029310+00:00
1598813017122250755,ukraine-de,True,True,False,False,False,False,False,False,False,False,2022-12-03 01:30:30.029191+00:00,2022-12-03 01:30:30.029191+00:00
1598813039926517760,ukraine-de,True,False,False,False,False,False,False,False,False,False,2022-12-03 08:10:53.455715+00:00,2022-12-03 08:10:53.455715+00:00
1598813098344943616,ukraine-de,True,True,False,False,False,False,False,False,False,False,2022-12-03 01:30:30.029066+00:00,2022-12-03 01:30:30.029066+00:00
1598813121631567872,ukraine-de,True,True,False,False,False,False,False,False,False,False,2022-12-03 01:30:30.028934+00:00,2022-12-03 01:30:30.028934+00:00
1598813144507457540,ukraine-de,True,False,False,False,False,False,False,False,False,False,2022-12-03 01:30:30.079396+00:00,2022-12-03 01:30:30.079396+00:00
1598813147724451842,ukraine-de,True,True,False,False,False,False,False,False,False,False,2022-12-03 01:30:30.028517+00:00,2022-12-03 01:30:30.028517+00:00
1598813161058177026,ukraine-de,True,True,False,False,False,False,False,False,False,False,2022-12-03 01:30:30.028407+00:00,2022-12-03 01:30:30.028407+00:00
1598813163142643713,ukraine-de,True,True,False,False,False,False,False,False,False,False,2022-12-03 01:30:30.028098+00:00,2022-12-03 01:30:30.028098+00:00
1598813197326176256,ukraine-de,True,True,False,False,False,False,False,False,False,False,2022-12-03 01:30:30.027991+00:00,2022-12-03 01:30:30.027991+00:00
1598813273188712448,ukraine-de,True,True,False,False,False,False,False,False,False,False,2022-12-03 01:30:30.027738+00:00,2022-12-03 01:30:30.027738+00:00
1598813281862434816,ukraine-de,True,True,False,False,False,False,False,False,False,False,2022-12-03 01:30:30.027640+00:00,2022-12-03 01:30:30.027640+00:00
1598813297532293122,ukraine-de,True,True,False,False,False,False,False,False,False,False,2022-12-03 01:30:30.027542+00:00,2022-12-03 01:30:30.027542+00:00
1598813354503512067,ukraine-de,True,True,False,False,False,False,False,False,False,False,2022-12-03 01:30:30.027443+00:00,2022-12-03 01:30:30.027443+00:00
1598813367442890752,ukraine-de,True,True,False,False,False,False,False,False,False,False,2022-12-03 01:30:30.027345+00:00,2022-12-03 01:30:30.027345+00:00
1598813383880429568,ukraine-de,True,True,False,False,False,False,False,False,False,False,2022-12-03 01:30:30.027248+00:00,2022-12-03 01:30:30.027248+00:00
1598813426742329347,ukraine-de,True,False,False,False,False,False,False,False,False,False,2022-12-03 01:30:18.823755+00:00,2022-12-03 01:30:18.823755+00:00
1598813447709655044,ukraine-de,True,True,False,False,False,False,False,False,False,False,2022-12-03 01:30:30.027150+00:00,2022-12-03 01:30:30.027150+00:00
1598813454818762753,ukraine-de,True,True,False,False,False,False,False,False,False,False,2022-12-03 01:30:30.027049+00:00,2022-12-03 01:30:30.027049+00:00
1598813466881425408,ukraine-de,True,True,False,False,False,False,False,False,False,False,2022-12-03 01:30:30.026948+00:00,2022-12-03 01:30:30.026948+00:00
1598813514973384704,ukraine-de,True,True,False,False,False,False,False,False,False,False,2022-12-03 01:30:30.026840+00:00,2022-12-03 01:30:30.026840+00:00
1598813573957836800,ukraine-de,True,True,False,False,False,False,False,False,False,False,2022-12-03 01:30:30.026741+00:00,2022-12-03 01:30:30.026741+00:00
1598813582334066691,ukraine-de,True,True,False,False,False,False,False,False,False,False,2022-12-03 01:30:30.026640+00:00,2022-12-03 01:30:30.026640+00:00
1598813603565649925,ukraine-de,True,True,False,False,False,False,False,False,False,False,2022-12-03 01:30:30.026540+00:00,2022-12-03 01:30:30.026540+00:00
1598813645001072642,ukraine-de,True,True,False,False,False,False,False,False,False,False,2022-12-03 01:30:30.026438+00:00,2022-12-03 01:30:30.026438+00:00
1598813711715557376,ukraine-de,True,True,False,False,False,False,False,False,False,False,2022-12-03 01:30:30.026334+00:00,2022-12-03 01:30:30.026334+00:00
1598813726693478401,ukraine-de,True,True,False,False,False,False,False,False,False,False,2022-12-03 01:30:30.026221+00:00,2022-12-03 01:30:30.026221+00:00
1598813740442460160,ukraine-de,True,True,False,False,False,False,False,False,False,False,2022-12-03 01:30:30.025989+00:00,2022-12-03 01:30:30.025989+00:00
1598813777738072064,ukraine-de,True,True,False,False,False,False,False,False,False,False,2022-12-03 01:30:30.025732+00:00,2022-12-03 01:30:30.025732+00:00
1598813845275172864,ukraine-de,True,True,False,False,False,False,False,False,False,False,2022-12-03 01:30:18.813851+00:00,2022-12-03 01:30:30.025629+00:00
1598813851323052037,ukraine-de,True,True,False,False,False,False,False,False,False,False,2022-12-03 01:30:30.025491+00:00,2022-12-03 01:30:30.025491+00:00
1598813852891697153,ukraine-de,True,True,False,False,False,False,False,False,False,False,2022-12-03 01:30:30.025383+00:00,2022-12-03 01:30:30.025383+00:00
1598813882784497664,ukraine-de,True,False,False,False,False,False,False,False,False,False,2022-12-03 11:06:05.453741+00:00,2022-12-03 11:06:05.453741+00:00
1598813889264746496,ukraine-de,True,True,False,False,False,False,False,False,False,False,2022-12-03 01:30:30.025279+00:00,2022-12-03 01:30:30.025279+00:00
1598813917223874560,ukraine-de,True,True,False,False,False,False,False,False,False,False,2022-12-03 01:30:30.025141+00:00,2022-12-03 01:30:30.025141+00:00
1598813947523747843,ukraine-de,True,True,False,False,False,False,False,False,False,False,2022-12-03 01:30:30.025040+00:00,2022-12-03 01:30:30.025040+00:00
1598813960844693504,ukraine-de,True,True,False,False,False,False,False,False,False,False,2022-12-03 01:30:30.024937+00:00,2022-12-03 01:30:30.024937+00:00
1598813967916204032,ukraine-de,True,True,False,False,False,False,False,False,False,False,2022-12-03 01:30:30.024822+00:00,2022-12-03 01:30:30.024822+00:00
1598814009267847169,ukraine-de,True,True,False,False,False,False,False,False,False,False,2022-12-03 01:30:30.024716+00:00,2022-12-03 01:30:30.024716+00:00
1598814026548527106,ukraine-de,True,True,False,False,False,False,False,False,False,False,2022-12-03 01:30:30.024588+00:00,2022-12-03 01:30:30.024588+00:00
1598814033427107841,ukraine-de,True,True,False,False,False,False,False,False,False,False,2022-12-03 01:30:30.024161+00:00,2022-12-03 01:30:30.024161+00:00
1598814050418319360,ukraine-de,True,True,False,False,False,False,False,False,False,False,2022-12-03 01:30:30.024017+00:00,2022-12-03 01:30:30.024017+00:00
1598814069523288064,ukraine-de,True,True,False,False,False,False,False,False,False,False,2022-12-03 01:30:30.023818+00:00,2022-12-03 01:30:30.023818+00:00
1598814124879843329,ukraine-de,True,True,False,False,False,False,False,False,False,False,2022-12-03 01:30:30.023709+00:00,2022-12-03 01:30:30.023709+00:00
1598814126737969153,ukraine-de,True,True,False,False,False,False,False,False,False,False,2022-12-03 01:30:30.023542+00:00,2022-12-03 01:30:30.023542+00:00
1598814180638875648,ukraine-de,True,True,False,False,False,False,False,False,False,False,2022-12-03 01:30:30.023323+00:00,2022-12-03 01:30:30.023323+00:00
1598814218664427523,ukraine-de,True,True,False,False,False,False,False,False,False,False,2022-12-03 01:30:30.023141+00:00,2022-12-03 01:30:30.023141+00:00
1598814242861305856,ukraine-de,True,False,False,False,False,False,False,False,False,False,2022-12-03 05:35:06.046192+00:00,2022-12-03 05:35:06.046192+00:00
1598814280614400000,ukraine-de,True,True,False,False,False,False,False,False,False,False,2022-12-03 01:30:30.023036+00:00,2022-12-03 01:30:30.023036+00:00
1598814288193650689,ukraine-de,True,True,False,False,False,False,False,False,False,False,2022-12-03 01:30:30.022916+00:00,2022-12-03 01:30:30.022916+00:00
1598814403909939200,ukraine-de,True,True,False,False,False,False,False,False,False,False,2022-12-03 01:30:30.022797+00:00,2022-12-03 01:30:30.022797+00:00
1598814431579971584,ukraine-de,True,True,False,False,False,False,False,False,False,False,2022-12-03 01:30:30.022539+00:00,2022-12-03 01:30:30.022539+00:00
1598814433735806978,ukraine-de,True,True,False,False,False,False,False,False,False,False,2022-12-03 01:30:30.022437+00:00,2022-12-03 01:30:30.022437+00:00
1598814466136805382,ukraine-de,True,True,False,False,False,False,False,False,False,False,2022-12-03 01:30:30.022337+00:00,2022-12-03 01:30:30.022337+00:00
1598814482972540930,ukraine-de,True,True,False,False,False,False,False,False,False,False,2022-12-03 01:30:30.022234+00:00,2022-12-03 01:30:30.022234+00:00
1598814541101629444,ukraine-de,True,True,False,False,False,False,False,False,False,False,2022-12-03 01:30:30.022120+00:00,2022-12-03 01:30:30.022120+00:00
1598814622651486213,ukraine-de,True,True,False,False,False,False,False,False,False,False,2022-12-03 01:30:30.022015+00:00,2022-12-03 01:30:30.022015+00:00
1598814626120175617,ukraine-de,True,True,False,False,False,False,False,False,False,False,2022-12-03 01:30:30.021837+00:00,2022-12-03 01:30:30.021837+00:00
1598814655949852672,ukraine-de,True,True,False,False,False,False,False,False,False,False,2022-12-03 01:30:30.021611+00:00,2022-12-03 01:30:30.021611+00:00
1598814675134816256,ukraine-de,True,True,False,False,False,False,False,False,False,False,2022-12-03 01:30:30.021468+00:00,2022-12-03 01:30:30.021468+00:00
1598814714120790016,ukraine-de,True,True,False,False,False,False,False,False,False,False,2022-12-03 01:30:30.021361+00:00,2022-12-03 01:30:30.021361+00:00
1598814755791278137,ukraine-de,True,True,False,False,False,False,False,False,False,False,2022-12-03 01:30:30.021204+00:00,2022-12-03 01:30:30.021204+00:00
1598814756785295361,ukraine-de,True,True,False,False,False,False,False,False,False,False,2022-12-03 01:30:30.020999+00:00,2022-12-03 01:30:30.020999+00:00
1598814813236432897,ukraine-de,True,True,False,False,False,False,False,False,False,False,2022-12-03 01:30:30.020897+00:00,2022-12-03 01:30:30.020897+00:00
1598814818370207745,ukraine-de,True,True,False,False,False,False,False,False,False,False,2022-12-03 01:30:30.020790+00:00,2022-12-03 01:30:30.020790+00:00
1598814956706828289,ukraine-de,True,True,False,False,False,False,False,False,False,False,2022-12-03 01:30:30.020576+00:00,2022-12-03 01:30:30.020576+00:00
1598814971537784832,ukraine-de,True,False,False,False,False,False,False,False,False,False,2022-12-03 01:30:30.074061+00:00,2022-12-03 01:30:30.074061+00:00
1598814993167925258,ukraine-de,True,True,False,False,False,False,False,False,False,False,2022-12-03 01:30:30.020476+00:00,2022-12-03 01:30:30.020476+00:00
1598815009013899265,ukraine-de,True,True,False,False,False,False,False,False,False,False,2022-12-03 01:30:30.020375+00:00,2022-12-03 01:30:30.020375+00:00
1598815030513999875,ukraine-de,True,True,False,False,False,False,False,False,False,False,2022-12-03 01:30:30.020275+00:00,2022-12-03 01:30:30.020275+00:00
1598815035496841219,ukraine-de,True,True,False,False,False,False,False,False,False,False,2022-12-03 01:30:30.020173+00:00,2022-12-03 01:30:30.020173+00:00
1598815037224689664,ukraine-de,True,True,False,False,False,False,False,False,False,False,2022-12-03 01:30:30.020065+00:00,2022-12-03 01:30:30.020065+00:00
1598815046812868608,ukraine-de,True,True,False,False,False,False,False,False,False,False,2022-12-03 01:30:30.019890+00:00,2022-12-03 01:30:30.019890+00:00
1598815047823904773,ukraine-de,True,True,False,False,False,False,False,False,False,False,2022-12-03 01:30:30.019607+00:00,2022-12-03 01:30:30.019607+00:00
1598815051586174978,ukraine-de,True,True,False,False,False,False,False,False,False,False,2022-12-03 01:30:30.019505+00:00,2022-12-03 01:30:30.019505+00:00
1598815069063720960,ukraine-de,True,True,False,False,False,False,False,False,False,False,2022-12-03 01:30:30.019402+00:00,2022-12-03 01:30:30.019402+00:00
1598815069328101376,ukraine-de,True,False,False,False,False,False,False,False,False,False,2022-12-03 11:05:26.643210+00:00,2022-12-03 11:05:26.643210+00:00
1598815139163095040,ukraine-de,True,True,False,False,False,False,False,False,False,False,2022-12-03 01:30:30.019266+00:00,2022-12-03 01:30:30.019266+00:00
1598815178040041472,ukraine-de,True,False,False,False,False,False,False,False,False,False,2022-12-03 01:30:30.073952+00:00,2022-12-03 01:30:30.073952+00:00
1598815188941262848,ukraine-de,True,True,False,False,False,False,False,False,False,False,2022-12-03 01:30:30.019060+00:00,2022-12-03 01:30:30.019060+00:00
1598815215965069313,ukraine-de,True,True,False,False,False,False,False,False,False,False,2022-12-03 01:30:30.018831+00:00,2022-12-03 01:30:30.018831+00:00
1598815318922641408,ukraine-de,True,True,False,False,False,False,False,False,False,False,2022-12-03 01:30:30.018731+00:00,2022-12-03 01:30:30.018731+00:00
1598815438154104833,ukraine-de,True,True,False,False,False,False,False,False,False,False,2022-12-03 01:30:30.018631+00:00,2022-12-03 01:30:30.018631+00:00
1598815500712411139,ukraine-de,True,True,False,False,False,False,False,False,False,False,2022-12-03 01:30:30.018529+00:00,2022-12-03 01:30:30.018529+00:00
1598815563869986816,ukraine-de,True,True,False,False,False,False,False,False,False,False,2022-12-03 01:30:30.018424+00:00,2022-12-03 01:30:30.018424+00:00
1598815625580716032,ukraine-de,True,True,False,False,False,False,False,False,False,False,2022-12-03 01:30:30.018188+00:00,2022-12-03 01:30:30.018188+00:00
1598815659349057536,ukraine-de,True,True,False,False,False,False,False,False,False,False,2022-12-03 01:30:30.018083+00:00,2022-12-03 01:30:30.018083+00:00
1598815693679599616,ukraine-de,True,True,False,False,False,False,False,False,False,False,2022-12-03 01:30:30.017957+00:00,2022-12-03 01:30:30.017957+00:00
1598815716383268865,ukraine-de,True,True,False,False,False,False,False,False,False,False,2022-12-03 01:30:30.017795+00:00,2022-12-03 01:30:30.017795+00:00
1598815741003841537,ukraine-de,True,True,False,False,False,False,False,False,False,False,2022-12-03 01:30:30.017671+00:00,2022-12-03 01:30:30.017671+00:00
1598815741335191553,ukraine-de,True,True,False,False,False,False,False,False,False,False,2022-12-03 01:30:30.017419+00:00,2022-12-03 01:30:30.017419+00:00
1598815751137378305,ukraine-de,True,True,False,False,False,False,False,False,False,False,2022-12-03 01:30:30.017317+00:00,2022-12-03 01:30:30.017317+00:00
1598815764730957824,ukraine-de,True,True,False,False,False,False,False,False,False,False,2022-12-03 01:30:30.017194+00:00,2022-12-03 01:30:30.017194+00:00
1598815793394769920,ukraine-de,True,True,False,False,False,False,False,False,False,False,2022-12-03 01:30:30.017068+00:00,2022-12-03 01:30:30.017068+00:00
1598815796179902466,ukraine-de,True,True,False,False,False,False,False,False,False,False,2022-12-03 01:30:18.835605+00:00,2022-12-03 01:30:30.016957+00:00
1598815809815527425,ukraine-de,True,True,False,False,False,False,False,False,False,False,2022-12-03 01:30:30.016835+00:00,2022-12-03 01:30:30.016835+00:00
1598815810457329664,ukraine-de,True,True,False,False,False,False,False,False,False,False,2022-12-03 01:30:30.016724+00:00,2022-12-03 01:30:30.016724+00:00
1598815844725030914,ukraine-de,True,True,False,False,False,False,False,False,False,False,2022-12-03 01:30:30.016486+00:00,2022-12-03 01:30:30.016486+00:00
1598815887267536898,ukraine-de,True,True,False,False,False,False,False,False,False,False,2022-12-03 01:30:30.016385+00:00,2022-12-03 01:30:30.016385+00:00
1598815912253005824,ukraine-de,True,True,False,False,False,False,False,False,False,False,2022-12-03 01:30:30.016282+00:00,2022-12-03 01:30:30.016282+00:00
1598815956368662530,ukraine-de,True,True,False,False,False,False,False,False,False,False,2022-12-03 01:30:30.016134+00:00,2022-12-03 01:30:30.016134+00:00
1598815963662766080,ukraine-de,True,True,False,False,False,False,False,False,False,False,2022-12-03 01:30:30.016027+00:00,2022-12-03 01:30:30.016027+00:00
1598815972801986560,ukraine-de,True,False,False,False,False,False,False,False,False,False,2022-12-03 01:30:18.816736+00:00,2022-12-03 01:30:18.816736+00:00
1598815982604140546,ukraine-de,True,True,False,False,False,False,False,False,False,False,2022-12-03 01:30:30.015903+00:00,2022-12-03 01:30:30.015903+00:00
1598816069841522688,ukraine-de,True,False,False,False,False,False,False,False,False,False,2022-12-03 03:40:14.838904+00:00,2022-12-03 03:40:14.838904+00:00
1598816088615096320,ukraine-de,True,True,False,False,False,False,False,False,False,False,2022-12-03 01:30:30.015526+00:00,2022-12-03 01:30:30.015526+00:00
1598816126880055298,ukraine-de,True,True,False,False,False,False,False,False,False,False,2022-12-03 01:30:30.015334+00:00,2022-12-03 01:30:30.015334+00:00
1598816203241201664,ukraine-de,True,True,False,False,False,False,False,False,False,False,2022-12-03 01:30:30.015065+00:00,2022-12-03 01:30:30.015065+00:00
1598816203912335360,ukraine-de,True,True,False,False,False,False,False,False,False,False,2022-12-03 01:30:30.014823+00:00,2022-12-03 01:30:30.014823+00:00
1598816206332563456,ukraine-de,True,True,False,False,False,False,False,False,False,False,2022-12-03 01:30:30.014721+00:00,2022-12-03 01:30:30.014721+00:00
1598816217166643206,ukraine-de,True,True,False,False,False,False,False,False,False,False,2022-12-03 01:30:30.014617+00:00,2022-12-03 01:30:30.014617+00:00
1598816284862709761,ukraine-de,True,True,False,False,False,False,False,False,False,False,2022-12-03 01:30:30.014491+00:00,2022-12-03 01:30:30.014491+00:00
1598816293435514880,ukraine-de,True,True,False,False,False,False,False,False,False,False,2022-12-03 01:30:30.014390+00:00,2022-12-03 01:30:30.014390+00:00
1598816323232202754,ukraine-de,True,True,False,False,False,False,False,False,False,False,2022-12-03 01:30:30.014288+00:00,2022-12-03 01:30:30.014288+00:00
1598816332358635520,ukraine-de,True,True,False,False,False,False,False,False,False,False,2022-12-03 01:30:30.014182+00:00,2022-12-03 01:30:30.014182+00:00
1598816334913085442,ukraine-de,True,True,False,False,False,False,False,False,False,False,2022-12-03 01:30:30.013972+00:00,2022-12-03 01:30:30.013972+00:00
1598816399543001089,ukraine-de,True,True,False,False,False,False,False,False,False,False,2022-12-03 01:30:30.013805+00:00,2022-12-03 01:30:30.013805+00:00
1598816479511805955,ukraine-de,True,True,False,False,False,False,False,False,False,False,2022-12-03 01:30:30.013703+00:00,2022-12-03 01:30:30.013703+00:00
1598816489569628160,ukraine-de,True,True,False,False,False,False,False,False,False,False,2022-12-03 01:30:30.013549+00:00,2022-12-03 01:30:30.013549+00:00
1598816495177502720,ukraine-de,True,True,False,False,False,False,False,False,False,False,2022-12-03 01:30:30.013439+00:00,2022-12-03 01:30:30.013439+00:00
1598816550504611845,ukraine-de,True,True,False,False,False,False,False,False,False,False,2022-12-03 01:30:30.013340+00:00,2022-12-03 01:30:30.013340+00:00
1598816565754855425,ukraine-de,True,True,False,False,False,False,False,False,False,False,2022-12-03 01:30:30.013240+00:00,2022-12-03 01:30:30.013240+00:00
1598816573883445251,ukraine-de,True,True,False,False,False,False,False,False,False,False,2022-12-03 01:30:30.013137+00:00,2022-12-03 01:30:30.013137+00:00
1598816580233592833,ukraine-de,True,True,False,False,False,False,False,False,False,False,2022-12-03 01:30:30.013025+00:00,2022-12-03 01:30:30.013025+00:00
1598816613968629767,ukraine-de,True,True,False,False,False,False,False,False,False,False,2022-12-03 01:30:30.012925+00:00,2022-12-03 01:30:30.012925+00:00
1598816650035437569,ukraine-de,True,True,False,False,False,False,False,False,False,False,2022-12-03 01:30:30.012824+00:00,2022-12-03 01:30:30.012824+00:00
1598816670746693632,ukraine-de,True,False,False,False,False,False,False,False,False,False,2022-12-03 01:30:18.836507+00:00,2022-12-03 01:30:18.836507+00:00
1598816692720779265,ukraine-de,True,True,False,False,False,False,False,False,False,False,2022-12-03 01:30:30.012723+00:00,2022-12-03 01:30:30.012723+00:00
1598816699020546048,ukraine-de,True,True,False,False,False,False,False,False,False,False,2022-12-03 01:30:18.823004+00:00,2022-12-03 01:30:30.012617+00:00
1598816702254530561,ukraine-de,True,True,False,False,False,False,False,False,False,False,2022-12-03 01:30:30.012365+00:00,2022-12-03 01:30:30.012365+00:00
1598816716817063938,ukraine-de,True,True,False,False,False,False,False,False,False,False,2022-12-03 01:30:30.012264+00:00,2022-12-03 01:30:30.012264+00:00
1598816718482202626,ukraine-de,True,True,False,False,False,False,False,False,False,False,2022-12-03 01:30:18.801514+00:00,2022-12-03 01:30:30.012162+00:00
1598816745518686208,ukraine-de,True,True,False,False,False,False,False,False,False,False,2022-12-03 01:30:30.012039+00:00,2022-12-03 01:30:30.012039+00:00
1598816756713267200,ukraine-de,True,True,False,False,False,False,False,False,False,False,2022-12-03 01:30:30.011934+00:00,2022-12-03 01:30:30.011934+00:00
1598816766142160896,ukraine-de,True,True,False,False,False,False,False,False,False,False,2022-12-03 01:30:30.011755+00:00,2022-12-03 01:30:30.011755+00:00
1598816776753741831,ukraine-de,True,True,False,False,False,False,False,False,False,False,2022-12-03 01:30:30.011654+00:00,2022-12-03 01:30:30.011654+00:00
1598816786861940737,ukraine-de,True,True,False,False,False,False,False,False,False,False,2022-12-03 01:30:30.011551+00:00,2022-12-03 01:30:30.011551+00:00
1598816806545727489,ukraine-de,True,True,False,False,False,False,False,False,False,False,2022-12-03 01:30:30.011417+00:00,2022-12-03 01:30:30.011417+00:00
1598816850347016192,ukraine-de,True,True,False,False,False,False,False,False,False,False,2022-12-03 01:30:30.011133+00:00,2022-12-03 01:30:30.011133+00:00
1598816886338490368,ukraine-de,True,False,False,False,False,False,False,False,False,False,2022-12-03 03:40:14.838253+00:00,2022-12-03 03:40:14.838253+00:00
1598816950959968265,ukraine-de,True,True,False,False,False,False,False,False,False,False,2022-12-03 01:30:30.011001+00:00,2022-12-03 01:30:30.011001+00:00
1598816972556451841,ukraine-de,True,True,False,False,False,False,False,False,False,False,2022-12-03 01:30:30.010690+00:00,2022-12-03 01:30:30.010690+00:00
1598816983713075200,ukraine-de,True,True,False,False,False,False,False,False,False,False,2022-12-03 01:30:30.010457+00:00,2022-12-03 01:30:30.010457+00:00
1598817007822151681,ukraine-de,True,True,False,False,False,False,False,False,False,False,2022-12-03 01:30:30.010349+00:00,2022-12-03 01:30:30.010349+00:00
1598817053284220928,ukraine-de,True,True,False,False,False,False,False,False,False,False,2022-12-03 01:30:30.010117+00:00,2022-12-03 01:30:30.010117+00:00
1598817120430608384,ukraine-de,True,True,False,False,False,False,False,False,False,False,2022-12-03 01:30:30.010012+00:00,2022-12-03 01:30:30.010012+00:00
1598817129939103744,ukraine-de,True,True,False,False,False,False,False,False,False,False,2022-12-03 01:30:30.009823+00:00,2022-12-03 01:30:30.009823+00:00
1598817157218967553,ukraine-de,True,True,False,False,False,False,False,False,False,False,2022-12-03 01:30:30.009724+00:00,2022-12-03 01:30:30.009724+00:00
1598817170942701568,ukraine-de,True,False,False,False,False,False,False,False,False,False,2022-12-03 01:30:30.062595+00:00,2022-12-03 01:30:30.062595+00:00
1598817176508665857,ukraine-de,True,True,False,False,False,False,False,False,False,False,2022-12-03 01:30:30.009622+00:00,2022-12-03 01:30:30.009622+00:00
1598817304153714688,ukraine-de,True,True,False,False,False,False,False,False,False,False,2022-12-03 01:30:30.009496+00:00,2022-12-03 01:30:30.009496+00:00
1598817357933182976,ukraine-de,True,True,False,False,False,False,False,False,False,False,2022-12-03 01:30:30.009357+00:00,2022-12-03 01:30:30.009357+00:00
1598817362370854914,ukraine-de,True,False,False,False,False,False,False,False,False,False,2022-12-03 01:30:30.065252+00:00,2022-12-03 01:30:30.065252+00:00
1598817368871878656,ukraine-de,True,True,False,False,False,False,False,False,False,False,2022-12-03 01:30:30.009258+00:00,2022-12-03 01:30:30.009258+00:00
1598817385007370240,ukraine-de,True,True,False,False,False,False,False,False,False,False,2022-12-03 01:30:30.009159+00:00,2022-12-03 01:30:30.009159+00:00
1598817504746475521,ukraine-de,True,True,False,False,False,False,False,False,False,False,2022-12-03 01:30:30.009060+00:00,2022-12-03 01:30:30.009060+00:00
1598817506059337728,ukraine-de,True,True,False,False,False,False,False,False,False,False,2022-12-03 01:30:30.008961+00:00,2022-12-03 01:30:30.008961+00:00
1598817536421728256,ukraine-de,True,True,False,False,False,False,False,False,False,False,2022-12-03 01:30:30.008862+00:00,2022-12-03 01:30:30.008862+00:00
1598817544386789379,ukraine-de,True,True,False,False,False,False,False,False,False,False,2022-12-03 01:30:30.008761+00:00,2022-12-03 01:30:30.008761+00:00
1598817558614147072,ukraine-de,True,True,False,False,False,False,False,False,False,False,2022-12-03 01:30:30.008660+00:00,2022-12-03 01:30:30.008660+00:00
1598817574933827584,ukraine-de,True,True,False,False,False,False,False,False,False,False,2022-12-03 01:30:30.008556+00:00,2022-12-03 01:30:30.008556+00:00
1598817579174432771,ukraine-de,True,True,False,False,False,False,False,False,False,False,2022-12-03 01:30:30.008452+00:00,2022-12-03 01:30:30.008452+00:00
1598817610212069377,ukraine-de,True,True,False,False,False,False,False,False,False,False,2022-12-03 01:30:30.008350+00:00,2022-12-03 01:30:30.008350+00:00
1598817636942376960,ukraine-de,True,True,False,False,False,False,False,False,False,False,2022-12-03 01:30:30.008240+00:00,2022-12-03 01:30:30.008240+00:00
1598817688616603648,ukraine-de,True,True,False,False,False,False,False,False,False,False,2022-12-03 01:30:30.008086+00:00,2022-12-03 01:30:30.008086+00:00
1598817848456986624,ukraine-de,True,True,False,False,False,False,False,False,False,False,2022-12-03 01:30:30.007853+00:00,2022-12-03 01:30:30.007853+00:00
1598817855750885376,ukraine-de,True,True,False,False,False,False,False,False,False,False,2022-12-03 01:30:30.007697+00:00,2022-12-03 01:30:30.007697+00:00
1598817925280190464,ukraine-de,True,True,False,False,False,False,False,False,False,False,2022-12-03 01:30:30.007598+00:00,2022-12-03 01:30:30.007598+00:00
1598817965297881089,ukraine-de,True,True,False,False,False,False,False,False,False,False,2022-12-03 01:30:30.007497+00:00,2022-12-03 01:30:30.007497+00:00
1598817992204177408,ukraine-de,True,True,False,False,False,False,False,False,False,False,2022-12-03 01:30:30.007395+00:00,2022-12-03 01:30:30.007395+00:00
1598818022394929152,ukraine-de,True,False,False,False,False,False,False,False,False,False,2022-12-03 01:30:30.062824+00:00,2022-12-03 01:30:30.062824+00:00
1598818103915294721,ukraine-de,True,True,False,False,False,False,False,False,False,False,2022-12-03 01:30:30.007280+00:00,2022-12-03 01:30:30.007280+00:00
1598818104280174592,ukraine-de,True,True,False,False,False,False,False,False,False,False,2022-12-03 01:30:30.007041+00:00,2022-12-03 01:30:30.007041+00:00
1598818192432009216,ukraine-de,True,True,False,False,False,False,False,False,False,False,2022-12-03 01:30:30.006938+00:00,2022-12-03 01:30:30.006938+00:00
1598818212560478209,ukraine-de,True,True,False,False,False,False,False,False,False,False,2022-12-03 01:30:30.006829+00:00,2022-12-03 01:30:30.006829+00:00
1598818218172219392,ukraine-de,True,True,False,False,False,False,False,False,False,False,2022-12-03 01:30:30.006618+00:00,2022-12-03 01:30:30.006618+00:00
1598818271301881856,ukraine-de,True,True,False,False,False,False,False,False,False,False,2022-12-03 01:30:30.006514+00:00,2022-12-03 01:30:30.006514+00:00
1598818342059610114,ukraine-de,True,True,False,False,False,False,False,False,False,False,2022-12-03 01:30:30.006374+00:00,2022-12-03 01:30:30.006374+00:00
1598818359092514816,ukraine-de,True,True,False,False,False,False,False,False,False,False,2022-12-03 01:30:30.006118+00:00,2022-12-03 01:30:30.006118+00:00
1598818476256264197,ukraine-de,True,True,False,False,False,False,False,False,False,False,2022-12-03 01:30:30.006010+00:00,2022-12-03 01:30:30.006010+00:00
1598818626055729153,ukraine-de,True,True,False,False,False,False,False,False,False,False,2022-12-03 01:30:30.005817+00:00,2022-12-03 01:30:30.005817+00:00
1598818649728483328,ukraine-de,True,True,False,False,False,False,False,False,False,False,2022-12-03 01:30:30.005616+00:00,2022-12-03 01:30:30.005616+00:00
1598818668569313280,ukraine-de,True,True,False,False,False,False,False,False,False,False,2022-12-03 01:30:30.005489+00:00,2022-12-03 01:30:30.005489+00:00
1598818783782522880,ukraine-de,True,True,False,False,False,False,False,False,False,False,2022-12-03 01:30:30.005376+00:00,2022-12-03 01:30:30.005376+00:00
1598818803827281920,ukraine-de,True,True,False,False,False,False,False,False,False,False,2022-12-03 01:30:30.005271+00:00,2022-12-03 01:30:30.005271+00:00
1598818815906914304,ukraine-de,True,True,False,False,False,False,False,False,False,False,2022-12-03 01:30:30.005114+00:00,2022-12-03 01:30:30.005114+00:00
1598818907711836172,ukraine-de,True,True,False,False,False,False,False,False,False,False,2022-12-03 01:30:30.005012+00:00,2022-12-03 01:30:30.005012+00:00
1598818914716319756,ukraine-de,True,True,False,False,False,False,False,False,False,False,2022-12-03 01:30:30.004896+00:00,2022-12-03 01:30:30.004896+00:00
1598818929669181440,ukraine-de,True,True,False,False,False,False,False,False,False,False,2022-12-03 01:30:30.004765+00:00,2022-12-03 01:30:30.004765+00:00
1598818938032357376,ukraine-de,True,True,False,False,False,False,False,False,False,False,2022-12-03 01:30:18.832664+00:00,2022-12-03 01:30:30.004614+00:00
1598819041422049280,ukraine-de,True,True,False,False,False,False,False,False,False,False,2022-12-03 01:30:30.004506+00:00,2022-12-03 01:30:30.004506+00:00
1598819058841010182,ukraine-de,True,True,False,False,False,False,False,False,False,False,2022-12-03 01:30:30.004408+00:00,2022-12-03 01:30:30.004408+00:00
1598819123483611137,ukraine-de,True,True,False,False,False,False,False,False,False,False,2022-12-03 01:30:30.004307+00:00,2022-12-03 01:30:30.004307+00:00
1598819138495041538,ukraine-de,True,True,False,False,False,False,False,False,False,False,2022-12-03 01:30:30.004206+00:00,2022-12-03 01:30:30.004206+00:00
1598819222112567301,ukraine-de,True,True,False,False,False,False,False,False,False,False,2022-12-03 01:30:30.004103+00:00,2022-12-03 01:30:30.004103+00:00
1598819226684383236,ukraine-de,True,True,False,False,False,False,False,False,False,False,2022-12-03 01:30:18.820006+00:00,2022-12-03 01:30:30.003998+00:00
1598819234687033344,ukraine-de,True,True,False,False,False,False,False,False,False,False,2022-12-03 01:30:18.817412+00:00,2022-12-03 01:30:30.003853+00:00
1598819428363341826,ukraine-de,True,True,False,False,False,False,False,False,False,False,2022-12-03 01:30:18.802374+00:00,2022-12-03 01:30:30.003682+00:00
1598819564049297408,ukraine-de,True,True,False,False,False,False,False,False,False,False,2022-12-03 01:30:30.003571+00:00,2022-12-03 01:30:30.003571+00:00
1598819608240480256,ukraine-de,True,True,False,False,False,False,False,False,False,False,2022-12-03 01:30:30.003468+00:00,2022-12-03 01:30:30.003468+00:00
1598819630507692032,ukraine-de,True,False,False,False,False,False,False,False,False,False,2022-12-03 01:30:18.836621+00:00,2022-12-03 01:30:18.836621+00:00
1598819640494301186,ukraine-de,True,True,False,False,False,False,False,False,False,False,2022-12-03 01:30:30.003366+00:00,2022-12-03 01:30:30.003366+00:00
1598819670697676800,ukraine-de,True,True,False,False,False,False,False,False,False,False,2022-12-03 01:30:30.003262+00:00,2022-12-03 01:30:30.003262+00:00
1598819694236106752,ukraine-de,True,False,False,False,False,False,False,False,False,False,2022-12-03 01:30:30.059113+00:00,2022-12-03 01:30:30.059113+00:00
1598819731552833544,ukraine-de,True,True,False,False,False,False,False,False,False,False,2022-12-03 01:30:30.003154+00:00,2022-12-03 01:30:30.003154+00:00
1598819736808263683,ukraine-de,True,True,False,False,False,False,False,False,False,False,2022-12-03 01:30:30.002991+00:00,2022-12-03 01:30:30.002991+00:00
1598819761864982528,ukraine-de,True,True,False,False,False,False,False,False,False,False,2022-12-03 01:30:30.002778+00:00,2022-12-03 01:30:30.002778+00:00
1598819809944297472,ukraine-de,True,True,False,False,False,False,False,False,False,False,2022-12-03 01:30:30.002674+00:00,2022-12-03 01:30:30.002674+00:00
1598819815497830400,ukraine-de,True,True,False,False,False,False,False,False,False,False,2022-12-03 01:30:30.002559+00:00,2022-12-03 01:30:30.002559+00:00
1598819865841860610,ukraine-de,True,True,False,False,False,False,False,False,False,False,2022-12-03 01:30:30.002430+00:00,2022-12-03 01:30:30.002430+00:00
1598819871843680256,ukraine-de,True,True,False,False,False,False,False,False,False,False,2022-12-03 01:30:30.002325+00:00,2022-12-03 01:30:30.002325+00:00
1598819895982329858,ukraine-de,True,True,False,False,False,False,False,False,False,False,2022-12-03 01:30:30.002218+00:00,2022-12-03 01:30:30.002218+00:00
1598819919134851073,ukraine-de,True,True,False,False,False,False,False,False,False,False,2022-12-03 01:30:30.002092+00:00,2022-12-03 01:30:30.002092+00:00
1598820059413065728,ukraine-de,True,True,False,False,False,False,False,False,False,False,2022-12-03 01:30:30.001757+00:00,2022-12-03 01:30:30.001757+00:00
1598820089104564236,ukraine-de,True,False,False,False,False,False,False,False,False,False,2022-12-03 01:30:30.060800+00:00,2022-12-03 01:30:30.060800+00:00
1598820089851101185,ukraine-de,True,True,False,False,False,False,False,False,False,False,2022-12-03 01:30:30.001636+00:00,2022-12-03 01:30:30.001636+00:00
1598820097916911616,ukraine-de,True,True,False,False,False,False,False,False,False,False,2022-12-03 01:30:30.001272+00:00,2022-12-03 01:30:30.001272+00:00
1598820164740403200,ukraine-de,True,True,False,False,False,False,False,False,False,False,2022-12-03 01:30:30.001163+00:00,2022-12-03 01:30:30.001163+00:00
1598820173015810049,ukraine-de,True,False,False,False,False,False,False,False,False,False,2022-12-03 03:40:14.842782+00:00,2022-12-03 03:40:14.842782+00:00
1598820187775680512,ukraine-de,True,True,False,False,False,False,False,False,False,False,2022-12-03 01:30:30.000939+00:00,2022-12-03 01:30:30.000939+00:00
1598820273276567553,ukraine-de,True,True,False,False,False,False,False,False,False,False,2022-12-03 01:30:30.000828+00:00,2022-12-03 01:30:30.000828+00:00
1598820318025351168,ukraine-de,True,True,False,False,False,False,False,False,False,False,2022-12-03 01:30:30.000661+00:00,2022-12-03 01:30:30.000661+00:00
1598820333091713024,ukraine-de,True,True,False,False,False,False,False,False,False,False,2022-12-03 01:30:30.000559+00:00,2022-12-03 01:30:30.000559+00:00
1598820345343102978,ukraine-de,True,True,False,False,False,False,False,False,False,False,2022-12-03 01:30:30.000443+00:00,2022-12-03 01:30:30.000443+00:00
1598820370382987264,ukraine-de,True,True,False,False,False,False,False,False,False,False,2022-12-03 01:30:30.000330+00:00,2022-12-03 01:30:30.000330+00:00
1598820373390295042,ukraine-de,True,True,False,False,False,False,False,False,False,False,2022-12-03 01:30:30.000139+00:00,2022-12-03 01:30:30.000139+00:00
1598820419770798080,ukraine-de,True,True,False,False,False,False,False,False,False,False,2022-12-03 01:30:30.000002+00:00,2022-12-03 01:30:30.000002+00:00
1598820473819000832,ukraine-de,True,False,False,False,False,False,False,False,False,False,2022-12-03 01:30:30.055013+00:00,2022-12-03 01:30:30.055013+00:00
1598820588512022529,ukraine-de,True,True,False,False,False,False,False,False,False,False,2022-12-03 01:30:29.999705+00:00,2022-12-03 01:30:29.999705+00:00
1598820622921891840,ukraine-de,True,True,False,False,False,False,False,False,False,False,2022-12-03 01:30:29.999604+00:00,2022-12-03 01:30:29.999604+00:00
1598820631327305729,ukraine-de,True,True,False,False,False,False,False,False,False,False,2022-12-03 01:30:29.999500+00:00,2022-12-03 01:30:29.999500+00:00
1598820650688225280,ukraine-de,True,True,False,False,False,False,False,False,False,False,2022-12-03 01:30:29.999378+00:00,2022-12-03 01:30:29.999378+00:00
1598820675321565186,ukraine-de,True,True,False,False,False,False,False,False,False,False,2022-12-03 01:30:29.999058+00:00,2022-12-03 01:30:29.999058+00:00
1598820707068174337,ukraine-de,True,True,False,False,False,False,False,False,False,False,2022-12-03 01:30:29.998647+00:00,2022-12-03 01:30:29.998647+00:00
1598820708729200643,ukraine-de,True,True,False,False,False,False,False,False,False,False,2022-12-03 01:30:29.998486+00:00,2022-12-03 01:30:29.998486+00:00
1598820725841879049,ukraine-de,True,True,False,False,False,False,False,False,False,False,2022-12-03 01:30:29.998385+00:00,2022-12-03 01:30:29.998385+00:00
1598820774890045446,ukraine-de,True,True,False,False,False,False,False,False,False,False,2022-12-03 01:30:29.998278+00:00,2022-12-03 01:30:29.998278+00:00
1598820786546302976,ukraine-de,True,True,False,False,False,False,False,False,False,False,2022-12-03 01:30:29.998157+00:00,2022-12-03 01:30:29.998157+00:00
1598820825154473984,ukraine-de,True,True,False,False,False,False,False,False,False,False,2022-12-03 01:30:29.998028+00:00,2022-12-03 01:30:29.998028+00:00
1598820977407938562,ukraine-de,True,True,False,False,False,False,False,False,False,False,2022-12-03 01:30:29.997899+00:00,2022-12-03 01:30:29.997899+00:00
1598821138825633794,ukraine-de,True,True,False,False,False,False,False,False,False,False,2022-12-03 01:30:29.997560+00:00,2022-12-03 01:30:29.997560+00:00
1598821147482669063,ukraine-de,True,True,False,False,False,False,False,False,False,False,2022-12-03 01:30:29.997434+00:00,2022-12-03 01:30:29.997434+00:00
1598821192227504129,ukraine-de,True,True,False,False,False,False,False,False,False,False,2022-12-03 01:30:29.997328+00:00,2022-12-03 01:30:29.997328+00:00
1598821207998361600,ukraine-de,True,True,False,False,False,False,False,False,False,False,2022-12-03 01:30:29.997006+00:00,2022-12-03 01:30:29.997006+00:00
1598821252533207040,ukraine-de,True,True,False,False,False,False,False,False,False,False,2022-12-03 01:30:29.996816+00:00,2022-12-03 01:30:29.996816+00:00
1598821264789221376,ukraine-de,True,True,False,False,False,False,False,False,False,False,2022-12-03 01:30:29.996592+00:00,2022-12-03 01:30:29.996592+00:00
1598821275518267392,ukraine-de,True,True,False,False,False,False,False,False,False,False,2022-12-03 01:30:29.996315+00:00,2022-12-03 01:30:29.996315+00:00
1598821301199974401,ukraine-de,True,True,False,False,False,False,False,False,False,False,2022-12-03 01:30:29.995999+00:00,2022-12-03 01:30:29.995999+00:00
1598821306694246401,ukraine-de,True,False,False,False,False,False,False,False,False,False,2022-12-03 01:30:18.808941+00:00,2022-12-03 01:30:18.808941+00:00
1598821306799370240,ukraine-de,True,True,False,False,False,False,False,False,False,False,2022-12-03 01:30:29.995697+00:00,2022-12-03 01:30:29.995697+00:00
1598821361299980288,ukraine-de,True,True,False,False,False,False,False,False,False,False,2022-12-03 01:30:29.995572+00:00,2022-12-03 01:30:29.995572+00:00
1598821387489058817,ukraine-de,True,True,False,False,False,False,False,False,False,False,2022-12-03 01:30:29.995455+00:00,2022-12-03 01:30:29.995455+00:00
1598821406510227456,ukraine-de,True,True,False,False,False,False,False,False,False,False,2022-12-03 01:30:29.995357+00:00,2022-12-03 01:30:29.995357+00:00
1598821423824351232,ukraine-de,True,True,False,False,False,False,False,False,False,False,2022-12-03 01:30:29.995255+00:00,2022-12-03 01:30:29.995255+00:00
1598821439003537408,ukraine-de,True,True,False,False,False,False,False,False,False,False,2022-12-03 01:30:29.995128+00:00,2022-12-03 01:30:29.995128+00:00
1598821523220938753,ukraine-de,True,True,False,False,False,False,False,False,False,False,2022-12-03 01:30:29.994816+00:00,2022-12-03 01:30:29.994816+00:00
1598821544590983169,ukraine-de,True,True,False,False,False,False,False,False,False,False,2022-12-03 01:30:29.994698+00:00,2022-12-03 01:30:29.994698+00:00
1598821602283569153,ukraine-de,True,True,False,False,False,False,False,False,False,False,2022-12-03 01:30:29.994446+00:00,2022-12-03 01:30:29.994446+00:00
1598821613742563332,ukraine-de,True,True,False,False,False,False,False,False,False,False,2022-12-03 01:30:29.994337+00:00,2022-12-03 01:30:29.994337+00:00
1598821622537912326,ukraine-de,True,True,False,False,False,False,False,False,False,False,2022-12-03 01:30:29.994177+00:00,2022-12-03 01:30:29.994177+00:00
1598821688719790080,ukraine-de,True,True,False,False,False,False,False,False,False,False,2022-12-03 01:30:29.993723+00:00,2022-12-03 01:30:29.993723+00:00
1598821688728330241,ukraine-de,True,True,False,False,False,False,False,False,False,False,2022-12-03 01:30:29.993609+00:00,2022-12-03 01:30:29.993609+00:00
1598821694541643777,ukraine-de,True,False,False,False,False,False,False,False,False,False,2022-12-03 01:30:30.054052+00:00,2022-12-03 01:30:30.054052+00:00
1598821736136458240,ukraine-de,True,True,False,False,False,False,False,False,False,False,2022-12-03 01:30:29.993309+00:00,2022-12-03 01:30:29.993309+00:00
1598821801374744583,ukraine-de,True,True,False,False,False,False,False,False,False,False,2022-12-03 01:30:29.992988+00:00,2022-12-03 01:30:29.992988+00:00
1598821816013049856,ukraine-de,True,True,False,False,False,False,False,False,False,False,2022-12-03 01:30:29.992710+00:00,2022-12-03 01:30:29.992710+00:00
1598821833452781569,ukraine-de,True,True,False,False,False,False,False,False,False,False,2022-12-03 01:30:29.992608+00:00,2022-12-03 01:30:29.992608+00:00
1598821839987318784,ukraine-de,True,True,False,False,False,False,False,False,False,False,2022-12-03 01:30:29.992505+00:00,2022-12-03 01:30:29.992505+00:00
1598821851957968897,ukraine-de,True,True,False,False,False,False,False,False,False,False,2022-12-03 01:30:29.992398+00:00,2022-12-03 01:30:29.992398+00:00
1598821868055580672,ukraine-de,True,True,False,False,False,False,False,False,False,False,2022-12-03 01:30:29.992249+00:00,2022-12-03 01:30:29.992249+00:00
1598821903904358402,ukraine-de,True,True,False,False,False,False,False,False,False,False,2022-12-03 01:30:29.991701+00:00,2022-12-03 01:30:29.991701+00:00
1598821988075995138,ukraine-de,True,True,False,False,False,False,False,False,False,False,2022-12-03 01:30:29.991496+00:00,2022-12-03 01:30:29.991496+00:00
1598822026759880706,ukraine-de,True,True,False,False,False,False,False,False,False,False,2022-12-03 01:30:29.991364+00:00,2022-12-03 01:30:29.991364+00:00
1598822054211592192,ukraine-de,True,True,False,False,False,False,False,False,False,False,2022-12-03 01:30:29.991239+00:00,2022-12-03 01:30:29.991239+00:00
1598822102454489090,ukraine-de,True,True,False,False,False,False,False,False,False,False,2022-12-03 01:30:29.991140+00:00,2022-12-03 01:30:29.991140+00:00
1598822119017779200,ukraine-de,True,True,False,False,False,False,False,False,False,False,2022-12-03 01:30:29.991037+00:00,2022-12-03 01:30:29.991037+00:00
1598822129759305728,ukraine-de,True,True,False,False,False,False,False,False,False,False,2022-12-03 01:30:29.990909+00:00,2022-12-03 01:30:29.990909+00:00
1598822143164354562,ukraine-de,True,True,False,False,False,False,False,False,False,False,2022-12-03 01:30:29.990792+00:00,2022-12-03 01:30:29.990792+00:00
1598822158351867906,ukraine-de,True,True,False,False,False,False,False,False,False,False,2022-12-03 01:30:29.990675+00:00,2022-12-03 01:30:29.990675+00:00
1598822200907157505,ukraine-de,True,True,False,False,False,False,False,False,False,False,2022-12-03 01:30:29.990426+00:00,2022-12-03 01:30:29.990426+00:00
1598822222977810432,ukraine-de,True,True,False,False,False,False,False,False,False,False,2022-12-03 01:30:18.796374+00:00,2022-12-03 01:30:18.796374+00:00
1598822314077872129,ukraine-de,True,True,False,False,False,False,False,False,False,False,2022-12-03 01:30:18.796274+00:00,2022-12-03 01:30:18.796274+00:00
1598822329605398528,ukraine-de,True,True,False,False,False,False,False,False,False,False,2022-12-03 01:30:18.796176+00:00,2022-12-03 01:30:18.796176+00:00
1598822330204971008,ukraine-de,True,True,False,False,False,False,False,False,False,False,2022-12-03 01:30:18.796075+00:00,2022-12-03 01:30:18.796075+00:00
1598822333816442880,ukraine-de,True,False,False,False,False,False,False,False,False,False,2022-12-03 01:30:18.836243+00:00,2022-12-03 01:30:18.836243+00:00
1598822437751296002,ukraine-de,True,False,False,False,False,False,False,False,False,False,2022-12-03 01:30:18.833403+00:00,2022-12-03 01:30:18.833403+00:00
1598822523575099394,ukraine-de,True,False,False,False,False,False,False,False,False,False,2022-12-03 01:30:18.827177+00:00,2022-12-03 01:30:18.827177+00:00
1598822534094413825,ukraine-de,True,True,False,False,False,False,False,False,False,False,2022-12-03 01:30:18.795971+00:00,2022-12-03 01:30:18.795971+00:00
1598822609633812484,ukraine-de,True,True,False,False,False,False,False,False,False,False,2022-12-03 01:30:18.795864+00:00,2022-12-03 01:30:18.795864+00:00
1598822634531192833,ukraine-de,True,True,False,False,False,False,False,False,False,False,2022-12-03 01:30:18.795764+00:00,2022-12-03 01:30:18.795764+00:00
1598822767075495936,ukraine-de,True,True,False,False,False,False,False,False,False,False,2022-12-03 01:30:18.795665+00:00,2022-12-03 01:30:18.795665+00:00
1598822780320948224,ukraine-de,True,True,False,False,False,False,False,False,False,False,2022-12-03 01:30:18.795555+00:00,2022-12-03 01:30:18.795555+00:00
1598822815481958400,ukraine-de,True,True,False,False,False,False,False,False,False,False,2022-12-03 01:30:18.795454+00:00,2022-12-03 01:30:18.795454+00:00
1598822828786126848,ukraine-de,True,True,False,False,False,False,False,False,False,False,2022-12-03 01:30:18.795350+00:00,2022-12-03 01:30:18.795350+00:00
1598822872864137216,ukraine-de,True,True,False,False,False,False,False,False,False,False,2022-12-03 01:30:18.795241+00:00,2022-12-03 01:30:18.795241+00:00
1598822883727384576,ukraine-de,True,True,False,False,False,False,False,False,False,False,2022-12-03 01:30:18.795121+00:00,2022-12-03 01:30:18.795121+00:00
1598822913846788096,ukraine-de,True,True,False,False,False,False,False,False,False,False,2022-12-03 01:30:18.795015+00:00,2022-12-03 01:30:18.795015+00:00
1598822942292738048,ukraine-de,True,False,False,False,False,False,False,False,False,False,2022-12-03 01:30:18.833987+00:00,2022-12-03 01:30:18.833987+00:00
1598822959866683394,ukraine-de,True,False,False,False,False,False,False,False,False,False,2022-12-03 08:10:16.217274+00:00,2022-12-03 08:10:16.217274+00:00
1598822961460518914,ukraine-de,True,True,False,False,False,False,False,False,False,False,2022-12-03 01:30:18.794900+00:00,2022-12-03 01:30:18.794900+00:00
1598822973238042624,ukraine-de,True,True,False,False,False,False,False,False,False,False,2022-12-03 01:30:18.794763+00:00,2022-12-03 01:30:18.794763+00:00
1598822997091024898,ukraine-de,True,False,False,False,False,False,False,False,False,False,2022-12-03 01:30:18.828843+00:00,2022-12-03 01:30:18.828843+00:00
1598823026560221185,ukraine-de,True,True,False,False,False,False,False,False,False,False,2022-12-03 01:30:18.794574+00:00,2022-12-03 01:30:18.794574+00:00
1598823121846353921,ukraine-de,True,True,False,False,False,False,False,False,False,False,2022-12-03 01:30:18.794456+00:00,2022-12-03 01:30:18.794456+00:00
1598823176363921409,ukraine-de,True,True,False,False,False,False,False,False,False,False,2022-12-03 01:30:18.794354+00:00,2022-12-03 01:30:18.794354+00:00
1598823222031572994,ukraine-de,True,True,False,False,False,False,False,False,False,False,2022-12-03 01:30:18.794239+00:00,2022-12-03 01:30:18.794239+00:00
1598823231611437056,ukraine-de,True,True,False,False,False,False,False,False,False,False,2022-12-03 01:30:18.794013+00:00,2022-12-03 01:30:18.794013+00:00
1598823232777371652,ukraine-de,True,True,False,False,False,False,False,False,False,False,2022-12-03 01:30:18.793913+00:00,2022-12-03 01:30:18.793913+00:00
1598823237378461696,ukraine-de,True,True,False,False,False,False,False,False,False,False,2022-12-03 01:30:18.793813+00:00,2022-12-03 01:30:18.793813+00:00
1598823284904189953,ukraine-de,True,True,False,False,False,False,False,False,False,False,2022-12-03 01:30:18.793694+00:00,2022-12-03 01:30:18.793694+00:00
1598823293028425729,ukraine-de,True,True,False,False,False,False,False,False,False,False,2022-12-03 01:30:18.793571+00:00,2022-12-03 01:30:18.793571+00:00
1598823295721394179,ukraine-de,True,True,False,False,False,False,False,False,False,False,2022-12-03 01:30:18.793476+00:00,2022-12-03 01:30:18.793476+00:00
1598823314469838851,ukraine-de,True,True,False,False,False,False,False,False,False,False,2022-12-03 01:30:18.793379+00:00,2022-12-03 01:30:18.793379+00:00
1598823470359453696,ukraine-de,True,True,False,False,False,False,False,False,False,False,2022-12-03 01:30:18.793262+00:00,2022-12-03 01:30:18.793262+00:00
1598823491641303040,ukraine-de,True,True,False,False,False,False,False,False,False,False,2022-12-03 01:30:18.793145+00:00,2022-12-03 01:30:18.793145+00:00
1598823531248324608,ukraine-de,True,True,False,False,False,False,False,False,False,False,2022-12-03 01:30:18.793046+00:00,2022-12-03 01:30:18.793046+00:00
1598823540962119681,ukraine-de,True,True,False,False,False,False,False,False,False,False,2022-12-03 01:30:18.792944+00:00,2022-12-03 01:30:18.792944+00:00
1598823565196873728,ukraine-de,True,True,False,False,False,False,False,False,False,False,2022-12-03 01:30:18.792842+00:00,2022-12-03 01:30:18.792842+00:00
1598823589012279298,ukraine-de,True,True,False,False,False,False,False,False,False,False,2022-12-03 01:30:18.792741+00:00,2022-12-03 01:30:18.792741+00:00
1598823591310635008,ukraine-de,True,True,False,False,False,False,False,False,False,False,2022-12-03 01:30:18.792635+00:00,2022-12-03 01:30:18.792635+00:00
1598823622298198016,ukraine-de,True,True,False,False,False,False,False,False,False,False,2022-12-03 01:30:18.792536+00:00,2022-12-03 01:30:18.792536+00:00
1598823646759641088,ukraine-de,True,True,False,False,False,False,False,False,False,False,2022-12-03 01:30:18.792434+00:00,2022-12-03 01:30:18.792434+00:00
1598823763487109121,ukraine-de,True,True,False,False,False,False,False,False,False,False,2022-12-03 01:30:18.792332+00:00,2022-12-03 01:30:18.792332+00:00
1598823797918158848,ukraine-de,True,True,False,False,False,False,False,False,False,False,2022-12-03 01:30:18.792224+00:00,2022-12-03 01:30:18.792224+00:00
1598823814539771904,ukraine-de,True,True,False,False,False,False,False,False,False,False,2022-12-03 01:30:18.792102+00:00,2022-12-03 01:30:18.792102+00:00
1598823842998358017,ukraine-de,True,True,False,False,False,False,False,False,False,False,2022-12-03 01:30:18.792000+00:00,2022-12-03 01:30:18.792000+00:00
1598823874690486273,ukraine-de,True,True,False,False,False,False,False,False,False,False,2022-12-03 01:30:18.791897+00:00,2022-12-03 01:30:18.791897+00:00
1598823905698803712,ukraine-de,True,True,False,False,False,False,False,False,False,False,2022-12-03 01:30:18.791759+00:00,2022-12-03 01:30:18.791759+00:00
1598823915001872385,ukraine-de,True,True,False,False,False,False,False,False,False,False,2022-12-03 01:30:18.791660+00:00,2022-12-03 01:30:18.791660+00:00
1598823920840351746,ukraine-de,True,True,False,False,False,False,False,False,False,False,2022-12-03 01:30:18.791558+00:00,2022-12-03 01:30:18.791558+00:00
1598823973294424071,ukraine-de,True,True,False,False,False,False,False,False,False,False,2022-12-03 01:30:18.791446+00:00,2022-12-03 01:30:18.791446+00:00
1598823983897518080,ukraine-de,True,True,False,False,False,False,False,False,False,False,2022-12-03 01:30:18.791340+00:00,2022-12-03 01:30:18.791340+00:00
1598824025899220992,ukraine-de,True,True,False,False,False,False,False,False,False,False,2022-12-03 01:30:18.791233+00:00,2022-12-03 01:30:18.791233+00:00
1598824027526766593,ukraine-de,True,True,False,False,False,False,False,False,False,False,2022-12-03 01:30:18.791117+00:00,2022-12-03 01:30:18.791117+00:00
1598824088666939393,ukraine-de,True,True,False,False,False,False,False,False,False,False,2022-12-03 01:30:18.790970+00:00,2022-12-03 01:30:18.790970+00:00
1598824099387678722,ukraine-de,True,True,False,False,False,False,False,False,False,False,2022-12-03 01:30:18.787989+00:00,2022-12-03 01:30:18.787989+00:00
1598824110401867776,ukraine-de,True,True,False,False,False,False,False,False,False,False,2022-12-03 01:30:18.787860+00:00,2022-12-03 01:30:18.787860+00:00
1598824158669856768,ukraine-de,True,True,False,False,False,False,False,False,False,False,2022-12-03 01:30:18.787740+00:00,2022-12-03 01:30:18.787740+00:00
1598824194413821955,ukraine-de,True,True,False,False,False,False,False,False,False,False,2022-12-03 01:30:18.787636+00:00,2022-12-03 01:30:18.787636+00:00
1598824203494469633,ukraine-de,True,True,False,False,False,False,False,False,False,False,2022-12-03 01:30:18.787531+00:00,2022-12-03 01:30:18.787531+00:00
1598824249455939584,ukraine-de,True,True,False,False,False,False,False,False,False,False,2022-12-03 01:30:18.787431+00:00,2022-12-03 01:30:18.787431+00:00
1598824306792099840,ukraine-de,True,True,False,False,False,False,False,False,False,False,2022-12-03 01:30:18.787328+00:00,2022-12-03 01:30:18.787328+00:00
1598824310839414784,ukraine-de,True,True,False,False,False,False,False,False,False,False,2022-12-03 01:30:18.787228+00:00,2022-12-03 01:30:18.787228+00:00
1598824327855546368,ukraine-de,True,True,False,False,False,False,False,False,False,False,2022-12-03 01:30:18.787125+00:00,2022-12-03 01:30:18.787125+00:00
1598824360235630592,ukraine-de,True,True,False,False,False,False,False,False,False,False,2022-12-03 01:30:18.787021+00:00,2022-12-03 01:30:18.787021+00:00
1598824361787478016,ukraine-de,True,True,False,False,False,False,False,False,False,False,2022-12-03 01:30:18.786898+00:00,2022-12-03 01:30:18.786898+00:00
1598824403906723843,ukraine-de,True,True,False,False,False,False,False,False,False,False,2022-12-03 01:30:18.786795+00:00,2022-12-03 01:30:18.786795+00:00
1598824436043431936,ukraine-de,True,False,False,False,False,False,False,False,False,False,2022-12-03 01:30:18.816834+00:00,2022-12-03 01:30:18.816834+00:00
1598824439189098496,ukraine-de,True,True,False,False,False,False,False,False,False,False,2022-12-03 01:30:18.786695+00:00,2022-12-03 01:30:18.786695+00:00
1598824488384303112,ukraine-de,True,True,False,False,False,False,False,False,False,False,2022-12-03 01:30:18.786590+00:00,2022-12-03 01:30:18.786590+00:00
1598824519891681280,ukraine-de,True,True,False,False,False,False,False,False,False,False,2022-12-03 01:30:18.786487+00:00,2022-12-03 01:30:18.786487+00:00
1598824647054663680,ukraine-de,True,False,False,False,False,False,False,False,False,False,2022-12-03 08:10:16.217471+00:00,2022-12-03 08:10:16.217471+00:00
1598824655099351040,ukraine-de,True,True,False,False,False,False,False,False,False,False,2022-12-03 01:30:18.786380+00:00,2022-12-03 01:30:18.786380+00:00
1598824667837505536,ukraine-de,True,True,False,False,False,False,False,False,False,False,2022-12-03 01:30:18.786273+00:00,2022-12-03 01:30:18.786273+00:00
1598824748934434819,ukraine-de,True,True,False,False,False,False,False,False,False,False,2022-12-03 01:30:18.786148+00:00,2022-12-03 01:30:18.786148+00:00
1598824749991284738,ukraine-de,True,True,False,False,False,False,False,False,False,False,2022-12-03 01:30:18.785891+00:00,2022-12-03 01:30:18.785891+00:00
1598824945819308035,ukraine-de,True,True,False,False,False,False,False,False,False,False,2022-12-03 01:30:18.784347+00:00,2022-12-03 01:30:18.784347+00:00
1598824972436258816,ukraine-de,True,True,False,False,False,False,False,False,False,False,2022-12-03 01:30:18.784238+00:00,2022-12-03 01:30:18.784238+00:00
1598824979726061569,ukraine-de,True,True,False,False,False,False,False,False,False,False,2022-12-03 01:30:18.784108+00:00,2022-12-03 01:30:18.784108+00:00
1598825071937978369,ukraine-de,True,True,False,False,False,False,False,False,False,False,2022-12-03 01:30:18.783208+00:00,2022-12-03 01:30:18.783208+00:00
1598825118721007618,ukraine-de,True,True,False,False,False,False,False,False,False,False,2022-12-03 01:30:18.783096+00:00,2022-12-03 01:30:18.783096+00:00
1598825141739339778,ukraine-de,True,True,False,False,False,False,False,False,False,False,2022-12-03 01:30:18.782993+00:00,2022-12-03 01:30:18.782993+00:00
1598825153969938434,ukraine-de,True,True,False,False,False,False,False,False,False,False,2022-12-03 01:30:18.782892+00:00,2022-12-03 01:30:18.782892+00:00
1598825162614243328,ukraine-de,True,True,False,False,False,False,False,False,False,False,2022-12-03 01:30:18.782788+00:00,2022-12-03 01:30:18.782788+00:00
1598825225872846848,ukraine-de,True,True,False,False,False,False,False,False,False,False,2022-12-03 01:30:18.782683+00:00,2022-12-03 01:30:18.782683+00:00
1598825236522319874,ukraine-de,True,True,False,False,False,False,False,False,False,False,2022-12-03 01:30:18.782558+00:00,2022-12-03 01:30:18.782558+00:00
1598825302926315520,ukraine-de,True,True,False,False,False,False,False,False,False,False,2022-12-03 01:30:18.782411+00:00,2022-12-03 01:30:18.782411+00:00
1598825339794268160,ukraine-de,True,True,False,False,False,False,False,False,False,False,2022-12-03 01:30:18.782277+00:00,2022-12-03 01:30:18.782277+00:00
1598825352196853761,ukraine-de,True,True,False,False,False,False,False,False,False,False,2022-12-03 01:30:18.780817+00:00,2022-12-03 01:30:18.780817+00:00
1598825391812222976,ukraine-de,True,True,False,False,False,False,False,False,False,False,2022-12-03 01:30:18.780693+00:00,2022-12-03 01:30:18.780693+00:00
1598825393812905984,ukraine-de,True,True,False,False,False,False,False,False,False,False,2022-12-03 01:30:18.780586+00:00,2022-12-03 01:30:18.780586+00:00
1598825406257565696,ukraine-de,True,True,False,False,False,False,False,False,False,False,2022-12-03 01:30:18.780476+00:00,2022-12-03 01:30:18.780476+00:00
1598825429523222528,ukraine-de,True,True,False,False,False,False,False,False,False,False,2022-12-03 01:30:18.780363+00:00,2022-12-03 01:30:18.780363+00:00
1598825432740233217,ukraine-de,True,True,False,False,False,False,False,False,False,False,2022-12-03 01:30:18.780205+00:00,2022-12-03 01:30:18.780205+00:00
1598825461555122179,ukraine-de,True,True,False,False,False,False,False,False,False,False,2022-12-03 01:30:18.779677+00:00,2022-12-03 01:30:18.779677+00:00
1598825471357100033,ukraine-de,True,True,False,False,False,False,False,False,False,False,2022-12-03 01:30:18.779565+00:00,2022-12-03 01:30:18.779565+00:00
1598825474381209601,ukraine-de,True,True,False,False,False,False,False,False,False,False,2022-12-03 01:30:18.779411+00:00,2022-12-03 01:30:18.779411+00:00
1598825489975721986,ukraine-de,True,True,False,False,False,False,False,False,False,False,2022-12-03 01:30:18.775755+00:00,2022-12-03 01:30:18.775755+00:00
1598825495298285569,ukraine-de,True,True,False,False,False,False,False,False,False,False,2022-12-03 01:30:18.775654+00:00,2022-12-03 01:30:18.775654+00:00
1598825560469168129,ukraine-de,True,True,False,False,False,False,False,False,False,False,2022-12-03 01:30:18.775553+00:00,2022-12-03 01:30:18.775553+00:00
1598825600952795138,ukraine-de,True,True,False,False,False,False,False,False,False,False,2022-12-03 01:30:18.775431+00:00,2022-12-03 01:30:18.775431+00:00
1598825633622233088,ukraine-de,True,True,False,False,False,False,False,False,False,False,2022-12-03 01:30:18.775330+00:00,2022-12-03 01:30:18.775330+00:00
1598825683320381441,ukraine-de,True,True,False,False,False,False,False,False,False,False,2022-12-03 01:30:18.775211+00:00,2022-12-03 01:30:18.775211+00:00
1598825731554824192,ukraine-de,True,True,False,False,False,False,False,False,False,False,2022-12-03 01:30:18.775092+00:00,2022-12-03 01:30:18.775092+00:00
1598825773359456256,ukraine-de,True,True,False,False,False,False,False,False,False,False,2022-12-03 01:30:18.774966+00:00,2022-12-03 01:30:18.774966+00:00
1598825775670517761,ukraine-de,True,False,False,False,False,False,False,False,False,False,2022-12-03 08:10:16.228968+00:00,2022-12-03 08:10:16.228968+00:00
1598825788878438401,ukraine-de,True,True,False,False,False,False,False,False,False,False,2022-12-03 01:30:18.774868+00:00,2022-12-03 01:30:18.774868+00:00
1598825826727956482,ukraine-de,True,True,False,False,False,False,False,False,False,False,2022-12-03 01:30:18.774764+00:00,2022-12-03 01:30:18.774764+00:00
1598825845803606016,ukraine-de,True,True,False,False,False,False,False,False,False,False,2022-12-03 01:30:18.774663+00:00,2022-12-03 01:30:18.774663+00:00
1598825868809637888,ukraine-de,True,True,False,False,False,False,False,False,False,False,2022-12-03 01:30:18.774561+00:00,2022-12-03 01:30:18.774561+00:00
1598825897066479617,ukraine-de,True,True,False,False,False,False,False,False,False,False,2022-12-03 01:30:18.774453+00:00,2022-12-03 01:30:18.774453+00:00
1598825907363332096,ukraine-de,True,True,False,False,False,False,False,False,False,False,2022-12-03 01:30:18.774351+00:00,2022-12-03 01:30:18.774351+00:00
1598825907933806593,ukraine-de,True,True,False,False,False,False,False,False,False,False,2022-12-03 01:30:18.774246+00:00,2022-12-03 01:30:18.774246+00:00
1598825932403331072,ukraine-de,True,True,False,False,False,False,False,False,False,False,2022-12-03 01:30:18.774125+00:00,2022-12-03 01:30:18.774125+00:00
1598825961579053058,ukraine-de,True,True,False,False,False,False,False,False,False,False,2022-12-03 01:30:18.774019+00:00,2022-12-03 01:30:18.774019+00:00
1598826058320592896,ukraine-de,True,True,False,False,False,False,False,False,False,False,2022-12-03 01:30:18.773920+00:00,2022-12-03 01:30:18.773920+00:00
1598826198020526080,ukraine-de,True,True,False,False,False,False,False,False,False,False,2022-12-03 01:30:18.773816+00:00,2022-12-03 01:30:18.773816+00:00
1598826214340399104,ukraine-de,True,True,False,False,False,False,False,False,False,False,2022-12-03 01:30:18.773673+00:00,2022-12-03 01:30:18.773673+00:00
1598826254957805570,ukraine-de,True,True,False,False,False,False,False,False,False,False,2022-12-03 01:30:18.773547+00:00,2022-12-03 01:30:18.773547+00:00
1598826312981962752,ukraine-de,True,True,False,False,False,False,False,False,False,False,2022-12-03 01:30:18.773449+00:00,2022-12-03 01:30:18.773449+00:00
1598826329390317568,ukraine-de,True,True,False,False,False,False,False,False,False,False,2022-12-03 01:30:18.773349+00:00,2022-12-03 01:30:18.773349+00:00
1598826419223597057,ukraine-de,True,True,False,False,False,False,False,False,False,False,2022-12-03 01:30:18.773251+00:00,2022-12-03 01:30:18.773251+00:00
1598826492934455298,ukraine-de,True,True,False,False,False,False,False,False,False,False,2022-12-03 01:30:18.773146+00:00,2022-12-03 01:30:18.773146+00:00
1598826553403744256,ukraine-de,True,True,False,False,False,False,False,False,False,False,2022-12-03 01:30:18.773043+00:00,2022-12-03 01:30:18.773043+00:00
1598826595992489985,ukraine-de,True,True,False,False,False,False,False,False,False,False,2022-12-03 01:30:18.772920+00:00,2022-12-03 01:30:18.772920+00:00
1598826622081196033,ukraine-de,True,True,False,False,False,False,False,False,False,False,2022-12-03 01:30:18.772803+00:00,2022-12-03 01:30:18.772803+00:00
1598826646521335808,ukraine-de,True,True,False,False,False,False,False,False,False,False,2022-12-03 01:30:18.772691+00:00,2022-12-03 01:30:18.772691+00:00
1598826751001612289,ukraine-de,True,True,False,False,False,False,False,False,False,False,2022-12-03 01:30:18.772593+00:00,2022-12-03 01:30:18.772593+00:00
1598826841187516416,ukraine-de,True,True,False,False,False,False,False,False,False,False,2022-12-03 01:30:18.772496+00:00,2022-12-03 01:30:18.772496+00:00
1598826944576901120,ukraine-de,True,True,False,False,False,False,False,False,False,False,2022-12-03 01:30:18.772397+00:00,2022-12-03 01:30:18.772397+00:00
1598826952378531840,ukraine-de,True,True,False,False,False,False,False,False,False,False,2022-12-03 01:30:18.772294+00:00,2022-12-03 01:30:18.772294+00:00
1598827137129189377,ukraine-de,True,True,False,False,False,False,False,False,False,False,2022-12-03 01:30:18.772191+00:00,2022-12-03 01:30:18.772191+00:00
1598827158453080064,ukraine-de,True,True,False,False,False,False,False,False,False,False,2022-12-03 01:30:18.772073+00:00,2022-12-03 01:30:18.772073+00:00
1598827179089006596,ukraine-de,True,True,False,False,False,False,False,False,False,False,2022-12-03 01:30:18.771949+00:00,2022-12-03 01:30:18.771949+00:00
1598827181139959808,ukraine-de,True,True,False,False,False,False,False,False,False,False,2022-12-03 01:30:18.770138+00:00,2022-12-03 01:30:18.770138+00:00
1598827191537647617,ukraine-de,True,True,False,False,False,False,False,False,False,False,2022-12-03 01:30:18.770029+00:00,2022-12-03 01:30:18.770029+00:00
1598827237347835906,ukraine-de,True,True,False,False,False,False,False,False,False,False,2022-12-03 01:30:18.769907+00:00,2022-12-03 01:30:18.769907+00:00
1598827324165718016,ukraine-de,True,True,False,False,False,False,False,False,False,False,2022-12-03 01:30:18.769788+00:00,2022-12-03 01:30:18.769788+00:00
1598827360530403329,ukraine-de,True,True,False,False,False,False,False,False,False,False,2022-12-03 01:30:18.769666+00:00,2022-12-03 01:30:18.769666+00:00
1598827456131059712,ukraine-de,True,True,False,False,False,False,False,False,False,False,2022-12-03 01:30:18.769512+00:00,2022-12-03 01:30:18.769512+00:00
1598827738692870144,ukraine-de,True,True,False,False,False,False,False,False,False,False,2022-12-03 01:30:18.769178+00:00,2022-12-03 01:30:18.769178+00:00
1598827842145746946,ukraine-de,True,True,False,False,False,False,False,False,False,False,2022-12-03 01:30:18.762699+00:00,2022-12-03 01:30:18.762699+00:00
1598827905341071361,ukraine-de,True,True,False,False,False,False,False,False,False,False,2022-12-03 01:30:18.762580+00:00,2022-12-03 01:30:18.762580+00:00
1598827928439377920,ukraine-de,True,True,False,False,False,False,False,False,False,False,2022-12-03 01:30:18.762481+00:00,2022-12-03 01:30:18.762481+00:00
1598827930313900032,ukraine-de,True,True,False,False,False,False,False,False,False,False,2022-12-03 01:30:18.762379+00:00,2022-12-03 01:30:18.762379+00:00
1598828124292120576,ukraine-de,True,True,False,False,False,False,False,False,False,False,2022-12-03 01:30:18.762277+00:00,2022-12-03 01:30:18.762277+00:00
1598828203812032512,ukraine-de,True,True,False,False,False,False,False,False,False,False,2022-12-03 01:30:18.762145+00:00,2022-12-03 01:30:18.762145+00:00
1598828233138573312,ukraine-de,True,True,False,False,False,False,False,False,False,False,2022-12-03 01:30:18.762040+00:00,2022-12-03 01:30:18.762040+00:00
1598828235713925120,ukraine-de,True,True,False,False,False,False,False,False,False,False,2022-12-03 01:30:18.761942+00:00,2022-12-03 01:30:18.761942+00:00
1598828266877509639,ukraine-de,True,True,False,False,False,False,False,False,False,False,2022-12-03 01:30:18.761841+00:00,2022-12-03 01:30:18.761841+00:00
1598828285651083264,ukraine-de,True,True,False,False,False,False,False,False,False,False,2022-12-03 01:30:18.761721+00:00,2022-12-03 01:30:18.761721+00:00
1598828402395545600,ukraine-de,True,True,False,False,False,False,False,False,False,False,2022-12-03 01:30:18.761609+00:00,2022-12-03 01:30:18.761609+00:00
1598828457819099138,ukraine-de,True,False,False,False,False,False,False,False,False,False,2022-12-03 01:30:18.828947+00:00,2022-12-03 01:30:18.828947+00:00
1598828545534468098,ukraine-de,True,True,False,False,False,False,False,False,False,False,2022-12-03 01:30:18.761488+00:00,2022-12-03 01:30:18.761488+00:00
1598828592200241152,ukraine-de,True,False,False,False,False,False,False,False,False,False,2022-12-03 03:40:14.813764+00:00,2022-12-03 03:40:14.813764+00:00
1598828608864149504,ukraine-de,True,True,False,False,False,False,False,False,False,False,2022-12-03 01:30:18.761351+00:00,2022-12-03 01:30:18.761351+00:00
1598828635711934464,ukraine-de,True,True,False,False,False,False,False,False,False,False,2022-12-03 01:30:18.761254+00:00,2022-12-03 01:30:18.761254+00:00
1598828642540441600,ukraine-de,True,True,False,False,False,False,False,False,False,False,2022-12-03 01:30:18.761158+00:00,2022-12-03 01:30:18.761158+00:00
1598828673179713537,ukraine-de,True,True,False,False,False,False,False,False,False,False,2022-12-03 01:30:18.761049+00:00,2022-12-03 01:30:18.761049+00:00
1598828681828376577,ukraine-de,True,True,False,False,False,False,False,False,False,False,2022-12-03 01:30:18.760946+00:00,2022-12-03 01:30:18.760946+00:00
1598828683413823489,ukraine-de,True,True,False,False,False,False,False,False,False,False,2022-12-03 01:30:18.760833+00:00,2022-12-03 01:30:18.760833+00:00
1598828717723230217,ukraine-de,True,True,False,False,False,False,False,False,False,False,2022-12-03 01:30:18.760733+00:00,2022-12-03 01:30:18.760733+00:00
1598828730834554882,ukraine-de,True,True,False,False,False,False,False,False,False,False,2022-12-03 01:30:18.760632+00:00,2022-12-03 01:30:18.760632+00:00
1598828762182963200,ukraine-de,True,True,False,False,False,False,False,False,False,False,2022-12-03 01:30:18.760527+00:00,2022-12-03 01:30:18.760527+00:00
1598828790901518336,ukraine-de,True,True,False,False,False,False,False,False,False,False,2022-12-03 01:30:18.760410+00:00,2022-12-03 01:30:18.760410+00:00
1598828825579847680,ukraine-de,True,True,False,False,False,False,False,False,False,False,2022-12-03 01:30:18.760313+00:00,2022-12-03 01:30:18.760313+00:00
1598828840318488576,ukraine-de,True,True,False,False,False,False,False,False,False,False,2022-12-03 01:30:18.760195+00:00,2022-12-03 01:30:18.760195+00:00
1598828874825080835,ukraine-de,True,True,False,False,False,False,False,False,False,False,2022-12-03 01:30:18.760101+00:00,2022-12-03 01:30:18.760101+00:00
1598828907414757376,ukraine-de,True,True,False,False,False,False,False,False,False,False,2022-12-03 01:30:18.760003+00:00,2022-12-03 01:30:18.760003+00:00
1598829037916459008,ukraine-de,True,True,False,False,False,False,False,False,False,False,2022-12-03 01:30:18.759908+00:00,2022-12-03 01:30:18.759908+00:00
1598829172649955329,ukraine-de,True,True,False,False,False,False,False,False,False,False,2022-12-03 01:30:18.759809+00:00,2022-12-03 01:30:18.759809+00:00
1598829217533362178,ukraine-de,True,True,False,False,False,False,False,False,False,False,2022-12-03 01:30:18.759709+00:00,2022-12-03 01:30:18.759709+00:00
1598829227377233921,ukraine-de,True,True,False,False,False,False,False,False,False,False,2022-12-03 01:30:18.759596+00:00,2022-12-03 01:30:18.759596+00:00
1598829274533793792,ukraine-de,True,True,False,False,False,False,False,False,False,False,2022-12-03 01:30:18.759497+00:00,2022-12-03 01:30:18.759497+00:00
1598829318230003712,ukraine-de,True,True,False,False,False,False,False,False,False,False,2022-12-03 01:30:18.759381+00:00,2022-12-03 01:30:18.759381+00:00
