id,event,from_search,directly_from_search,from_stream,directly_from_stream,from_convo_search,directly_from_convo_search,from_quote_search,directly_from_quote_search,from_timeline_search,directly_from_timeline_search,inserted_at,last_updated_at
1527802745767485440,bucha-de,True,True,False,False,False,False,False,False,False,False,2022-05-21 00:05:58.538826+00:00,2022-05-21 00:11:10.490043+00:00
1527802938067910658,bucha-de,True,True,False,False,False,False,False,False,False,False,2022-05-21 00:11:10.489791+00:00,2022-05-21 00:15:48.702471+00:00
1527804529969729542,bucha-de,True,True,False,False,False,False,False,False,False,False,2022-05-21 00:15:48.702352+00:00,2022-05-21 00:15:48.702352+00:00
1527804766683799554,bucha-de,True,True,False,False,False,False,False,False,False,False,2022-05-21 00:15:48.702073+00:00,2022-05-21 00:20:48.133642+00:00
1527805563488321536,bucha-de,True,True,False,False,False,False,False,False,False,False,2022-05-21 00:20:48.133497+00:00,2022-05-21 00:20:48.133497+00:00
1527805710377025538,bucha-de,True,True,False,False,False,False,False,False,False,False,2022-05-21 00:20:48.133100+00:00,2022-05-21 00:25:47.798096+00:00
1527806173751148544,bucha-de,True,False,False,False,False,False,False,False,False,False,2022-05-21 00:42:18.644553+00:00,2022-05-21 00:42:18.644553+00:00
1527806826988900356,bucha-de,True,True,False,False,False,False,False,False,False,False,2022-05-21 00:25:47.797974+00:00,2022-05-21 00:25:47.797974+00:00
1527807326647996417,bucha-de,True,True,False,False,False,False,False,False,False,False,2022-05-21 00:25:47.797623+00:00,2022-05-21 00:30:50.558022+00:00
1527808855362527232,bucha-de,True,True,False,False,False,False,False,False,False,False,2022-05-21 00:30:50.557776+00:00,2022-05-21 00:35:49.655202+00:00
1527809474039267328,bucha-de,True,True,False,False,False,False,False,False,False,False,2022-05-21 00:35:49.655050+00:00,2022-05-21 00:35:49.655050+00:00
1527809851983798272,bucha-de,True,True,False,False,False,False,False,False,False,False,2022-05-21 00:35:49.654801+00:00,2022-05-21 00:42:18.644348+00:00
1527809927342858241,bucha-de,True,False,False,False,False,False,False,False,False,False,2022-05-21 00:42:18.644453+00:00,2022-05-21 00:42:18.644453+00:00
1527810704002142209,bucha-de,True,True,False,False,False,False,False,False,False,False,2022-05-21 00:42:18.644220+00:00,2022-05-21 00:42:18.644220+00:00
1527810737623773184,bucha-de,True,True,False,False,False,False,False,False,False,False,2022-05-21 00:42:18.643914+00:00,2022-05-21 00:42:18.643914+00:00
1527810928808452097,bucha-de,True,True,False,False,False,False,False,False,False,False,2022-05-21 00:42:18.643707+00:00,2022-05-21 00:42:18.643707+00:00
1527811061973504000,bucha-de,True,True,False,False,False,False,False,False,False,False,2022-05-21 00:42:18.643038+00:00,2022-05-21 00:45:50.944251+00:00
1527812131302916096,bucha-de,True,True,False,False,False,False,False,False,False,False,2022-05-21 00:45:50.944121+00:00,2022-05-21 00:45:50.944121+00:00
1527812571188776961,bucha-de,True,True,False,False,False,False,False,False,False,False,2022-05-21 00:45:50.943817+00:00,2022-05-21 00:45:50.943817+00:00
1527813212330045440,bucha-de,True,True,False,False,False,False,False,False,False,False,2022-05-21 00:50:48.452090+00:00,2022-05-21 00:55:51.653794+00:00
1527813777420439555,bucha-de,True,False,False,False,False,False,False,False,False,False,2022-05-21 01:00:53.040408+00:00,2022-05-21 01:00:53.040408+00:00
1527814350999801867,bucha-de,True,True,False,False,False,False,False,False,False,False,2022-05-21 00:55:51.651674+00:00,2022-05-21 00:55:51.651674+00:00
1527814974566977540,bucha-de,True,True,False,False,False,False,False,False,False,False,2022-05-21 00:55:51.651546+00:00,2022-05-21 00:55:51.651546+00:00
1527815190137425921,bucha-de,True,True,False,False,False,False,False,False,False,False,2022-05-21 00:55:51.651252+00:00,2022-05-21 01:00:53.040284+00:00
1527815424682885121,bucha-de,True,True,False,False,False,False,False,False,False,False,2022-05-21 01:00:53.040123+00:00,2022-05-21 01:00:53.040123+00:00
1527815538017280002,bucha-de,True,True,False,False,False,False,False,False,False,False,2022-05-21 01:00:53.039555+00:00,2022-05-21 01:00:53.039555+00:00
1527815730787405824,bucha-de,True,True,False,False,False,False,False,False,False,False,2022-05-21 01:00:53.039294+00:00,2022-05-21 01:10:47.735026+00:00
1527817951684050944,bucha-de,True,True,False,False,False,False,False,False,False,False,2022-05-21 01:10:47.734896+00:00,2022-05-21 01:10:47.734896+00:00
1527818224091508736,bucha-de,True,True,False,False,False,False,False,False,False,False,2022-05-21 01:10:47.734607+00:00,2022-05-21 01:15:51.306022+00:00
1527819630252785665,bucha-de,True,True,False,False,False,False,False,False,False,False,2022-05-21 01:15:51.305766+00:00,2022-05-21 01:15:51.305766+00:00
1527820512021434368,bucha-de,True,True,False,False,False,False,False,False,False,False,2022-05-21 01:20:54.572611+00:00,2022-05-21 01:31:34.217443+00:00
1527823173324050433,bucha-de,True,True,False,False,False,False,False,False,False,False,2022-05-21 01:31:34.217190+00:00,2022-05-21 01:46:29.863227+00:00
1527827635547652096,bucha-de,True,True,False,False,False,False,False,False,False,False,2022-05-21 01:46:29.862980+00:00,2022-05-21 01:55:47.790335+00:00
1527829325206233088,bucha-de,True,True,False,False,False,False,False,False,False,False,2022-05-21 01:55:47.790217+00:00,2022-05-21 01:55:47.790217+00:00
1527829750412091393,bucha-de,True,True,False,False,False,False,False,False,False,False,2022-05-21 01:55:47.789906+00:00,2022-05-21 02:10:47.389080+00:00
1527832648680357888,bucha-de,True,False,False,False,False,False,False,False,False,False,2022-05-21 03:40:49.540578+00:00,2022-05-21 03:40:49.540578+00:00
1527833466917867520,bucha-de,True,True,False,False,False,False,False,False,False,False,2022-05-21 02:10:47.388968+00:00,2022-05-21 02:10:47.388968+00:00
1527833553932795904,bucha-de,True,True,False,False,False,False,False,False,False,False,2022-05-21 02:10:47.388717+00:00,2022-05-21 02:21:11.757316+00:00
1527835937945837568,bucha-de,True,True,False,False,False,False,False,False,False,False,2022-05-21 02:21:11.757047+00:00,2022-05-21 02:21:11.757047+00:00
1527839867069157377,bucha-de,True,True,False,False,False,False,False,False,False,False,2022-05-21 02:36:08.060165+00:00,2022-05-21 02:36:08.060165+00:00
1527840262982193152,bucha-de,True,True,False,False,False,False,False,False,False,False,2022-05-21 02:36:08.059668+00:00,2022-05-21 02:40:48.820502+00:00
1527841007299067904,bucha-de,True,True,False,False,False,False,False,False,False,False,2022-05-21 02:40:48.820356+00:00,2022-05-21 02:40:48.820356+00:00
1527841152497602566,bucha-de,True,True,False,False,False,False,False,False,False,False,2022-05-21 02:40:48.820106+00:00,2022-05-21 02:50:47.670183+00:00
1527843678517174272,bucha-de,True,True,False,False,False,False,False,False,False,False,2022-05-21 02:50:47.669935+00:00,2022-05-21 02:55:51.410263+00:00
1527844746886098944,bucha-de,True,True,False,False,False,False,False,False,False,False,2022-05-21 02:55:51.410005+00:00,2022-05-21 03:00:50.141198+00:00
1527845610807869443,bucha-de,True,True,False,False,False,False,False,False,False,False,2022-05-21 03:00:50.140941+00:00,2022-05-21 03:05:50.333250+00:00
1527847809961140225,bucha-de,True,True,False,False,False,False,False,False,False,False,2022-05-21 03:05:50.332937+00:00,2022-05-21 03:11:12.432521+00:00
1527849036694396928,bucha-de,True,True,False,False,False,False,False,False,False,False,2022-05-21 03:11:12.432334+00:00,2022-05-21 03:11:12.432334+00:00
1527849146949980160,bucha-de,True,True,False,False,False,False,False,False,False,False,2022-05-21 03:11:12.432110+00:00,2022-05-21 03:11:12.432110+00:00
1527849163760754690,bucha-de,True,True,False,False,False,False,False,False,False,False,2022-05-21 03:11:12.431786+00:00,2022-05-21 03:20:53.277742+00:00
1527851785393737728,bucha-de,True,True,False,False,False,False,False,False,False,False,2022-05-21 03:20:53.277494+00:00,2022-05-21 03:26:40.692077+00:00
1527852144044523520,bucha-de,True,True,False,False,False,False,False,False,False,False,2022-05-21 03:26:40.691927+00:00,2022-05-21 03:26:40.691927+00:00
1527852549180641281,bucha-de,True,True,False,False,False,False,False,False,False,False,2022-05-21 03:26:40.691678+00:00,2022-05-21 03:35:48.760582+00:00
1527854950138650624,bucha-de,True,True,False,False,False,False,False,False,False,False,2022-05-21 03:35:48.760334+00:00,2022-05-21 03:40:49.539780+00:00
1527855920436371457,bucha-de,True,True,False,False,False,False,False,False,False,False,2022-05-21 03:40:49.539634+00:00,2022-05-21 03:40:49.539634+00:00
1527855948215246848,bucha-de,True,True,False,False,False,False,False,False,False,False,2022-05-21 03:40:49.539418+00:00,2022-05-21 03:40:49.539418+00:00
1527856041882537984,bucha-de,True,True,False,False,False,False,False,False,False,False,2022-05-21 03:40:49.539125+00:00,2022-05-21 03:50:48.402465+00:00
1527858177005477895,bucha-de,True,True,False,False,False,False,False,False,False,False,2022-05-21 03:50:48.402339+00:00,2022-05-21 03:50:48.402339+00:00
1527858464134991874,bucha-de,True,True,False,False,False,False,False,False,False,False,2022-05-21 03:50:48.402208+00:00,2022-05-21 03:50:48.402208+00:00
1527858850837286914,bucha-de,True,True,False,False,False,False,False,False,False,False,2022-05-21 03:50:48.401936+00:00,2022-05-21 03:55:54.761179+00:00
1527859539780960256,bucha-de,True,True,False,False,False,False,False,False,False,False,2022-05-21 03:55:54.761061+00:00,2022-05-21 03:55:54.761061+00:00
1527860025443622913,bucha-de,True,True,False,False,False,False,False,False,False,False,2022-05-21 03:55:54.760797+00:00,2022-05-21 04:05:50.307326+00:00
1527861972871553027,bucha-de,True,True,False,False,False,False,False,False,False,False,2022-05-21 04:05:50.307040+00:00,2022-05-21 04:18:56.383922+00:00
1527863741248831493,bucha-de,True,False,False,False,False,False,False,False,False,False,2022-05-21 10:15:51.598534+00:00,2022-05-21 10:15:51.598534+00:00
1527865180511772673,bucha-de,True,True,False,False,False,False,False,False,False,False,2022-05-21 04:18:56.383666+00:00,2022-05-21 04:20:48.073739+00:00
1527865189907017730,bucha-de,True,False,False,False,False,False,False,False,False,False,2022-05-21 12:02:54.774682+00:00,2022-05-21 12:02:54.774682+00:00
1527866382498639872,bucha-de,True,False,False,False,False,False,False,False,False,False,2022-05-21 06:00:54.112923+00:00,2022-05-21 06:00:54.112923+00:00
1527866649638055936,bucha-de,True,True,False,False,False,False,False,False,False,False,2022-05-21 04:20:48.073492+00:00,2022-05-21 04:30:50.422409+00:00
1527868226675384320,bucha-de,True,True,False,False,False,False,False,False,False,False,2022-05-21 04:30:50.422254+00:00,2022-05-21 04:30:50.422254+00:00
1527868379561922561,bucha-de,True,True,False,False,False,False,False,False,False,False,2022-05-21 04:30:50.422005+00:00,2022-05-21 04:35:49.039251+00:00
1527870353854369793,bucha-de,True,True,False,False,False,False,False,False,False,False,2022-05-21 04:35:49.039130+00:00,2022-05-21 04:35:49.039130+00:00
1527870697569193986,bucha-de,True,True,False,False,False,False,False,False,False,False,2022-05-21 04:35:49.038858+00:00,2022-05-21 04:40:52.366362+00:00
1527871193247801345,bucha-de,True,True,False,False,False,False,False,False,False,False,2022-05-21 04:40:52.366253+00:00,2022-05-21 04:40:52.366253+00:00
1527871896179589122,bucha-de,True,True,False,False,False,False,False,False,False,False,2022-05-21 04:40:52.366137+00:00,2022-05-21 04:40:52.366137+00:00
1527871915930619904,bucha-de,True,True,False,False,False,False,False,False,False,False,2022-05-21 04:40:52.365865+00:00,2022-05-21 04:45:48.471540+00:00
1527872010369609729,bucha-de,True,True,False,False,False,False,False,False,False,False,2022-05-21 04:45:48.471296+00:00,2022-05-21 04:50:48.859020+00:00
1527874233811992576,bucha-de,True,True,False,False,False,False,False,False,False,False,2022-05-21 04:50:48.858904+00:00,2022-05-21 04:50:48.858904+00:00
1527874457611673601,bucha-de,True,True,False,False,False,False,False,False,False,False,2022-05-21 04:50:48.858650+00:00,2022-05-21 04:55:58.492787+00:00
1527875242621812736,bucha-de,True,True,False,False,False,False,False,False,False,False,2022-05-21 04:55:58.492527+00:00,2022-05-21 05:00:54.383605+00:00
1527875926297550849,bucha-de,True,True,False,False,False,False,False,False,False,False,2022-05-21 05:00:54.383479+00:00,2022-05-21 05:00:54.383479+00:00
1527876406868426754,bucha-de,True,True,False,False,False,False,False,False,False,False,2022-05-21 05:00:54.383345+00:00,2022-05-21 05:00:54.383345+00:00
1527876774218055681,bucha-de,True,False,False,False,False,False,False,False,False,False,2022-05-21 09:00:57.254922+00:00,2022-05-21 09:00:57.254922+00:00
1527876897903878144,bucha-de,True,True,False,False,False,False,False,False,False,False,2022-05-21 05:00:54.382943+00:00,2022-05-21 05:08:31.438709+00:00
1527877153374752769,bucha-de,True,True,False,False,False,False,False,False,False,False,2022-05-21 05:08:31.438409+00:00,2022-05-21 05:08:31.438409+00:00
1527877179580862464,bucha-de,True,True,False,False,False,False,False,False,False,False,2022-05-21 05:08:31.438306+00:00,2022-05-21 05:08:31.438306+00:00
1527877993175064578,bucha-de,True,True,False,False,False,False,False,False,False,False,2022-05-21 05:08:31.438201+00:00,2022-05-21 05:08:31.438201+00:00
1527878173811216384,bucha-de,True,True,False,False,False,False,False,False,False,False,2022-05-21 05:08:31.438084+00:00,2022-05-21 05:08:31.438084+00:00
1527878795939786752,bucha-de,True,True,False,False,False,False,False,False,False,False,2022-05-21 05:08:31.437808+00:00,2022-05-21 05:10:49.731547+00:00
1527878947232436224,bucha-de,True,True,False,False,False,False,False,False,False,False,2022-05-21 05:10:49.731297+00:00,2022-05-21 05:15:50.327552+00:00
1527879756577898498,bucha-de,True,True,False,False,False,False,False,False,False,False,2022-05-21 05:15:50.327445+00:00,2022-05-21 05:15:50.327445+00:00
1527879762441543681,bucha-de,True,True,False,False,False,False,False,False,False,False,2022-05-21 05:15:50.327306+00:00,2022-05-21 05:15:50.327306+00:00
1527879923985268736,bucha-de,True,True,False,False,False,False,False,False,False,False,2022-05-21 05:15:50.327183+00:00,2022-05-21 05:15:50.327183+00:00
1527880066671300609,bucha-de,True,True,False,False,False,False,False,False,False,False,2022-05-21 05:15:50.327076+00:00,2022-05-21 05:15:50.327076+00:00
1527880238142832640,bucha-de,True,True,False,False,False,False,False,False,False,False,2022-05-21 05:15:50.326954+00:00,2022-05-21 05:15:50.326954+00:00
1527880318824419328,bucha-de,True,True,False,False,False,False,False,False,False,False,2022-05-21 05:15:50.326678+00:00,2022-05-21 05:20:49.798438+00:00
1527880976050835457,bucha-de,True,True,False,False,False,False,False,False,False,False,2022-05-21 05:20:49.798303+00:00,2022-05-21 05:20:49.798303+00:00
1527881114492227587,bucha-de,True,True,False,False,False,False,False,False,False,False,2022-05-21 05:20:49.798199+00:00,2022-05-21 05:20:49.798199+00:00
1527881600276611074,bucha-de,True,True,False,False,False,False,False,False,False,False,2022-05-21 05:20:49.798092+00:00,2022-05-21 05:20:49.798092+00:00
1527881658338316289,bucha-de,True,True,False,False,False,False,False,False,False,False,2022-05-21 05:20:49.797968+00:00,2022-05-21 05:20:49.797968+00:00
1527881848159870976,bucha-de,True,False,False,False,False,False,False,False,False,False,2022-05-21 06:10:54.256425+00:00,2022-05-21 06:10:54.256425+00:00
1527882023989350400,bucha-de,True,True,False,False,False,False,False,False,False,False,2022-05-21 05:20:49.797690+00:00,2022-05-21 05:25:54.610288+00:00
1527882369209970688,bucha-de,True,True,False,False,False,False,False,False,False,False,2022-05-21 05:25:54.610090+00:00,2022-05-21 05:25:54.610090+00:00
1527882434527764481,bucha-de,True,True,False,False,False,False,False,False,False,False,2022-05-21 05:25:54.609987+00:00,2022-05-21 05:25:54.609987+00:00
1527882508813099009,bucha-de,True,True,False,False,False,False,False,False,False,False,2022-05-21 05:25:54.609880+00:00,2022-05-21 05:25:54.609880+00:00
1527882713314865153,bucha-de,True,True,False,False,False,False,False,False,False,False,2022-05-21 05:25:54.609752+00:00,2022-05-21 05:25:54.609752+00:00
1527882893577568256,bucha-de,True,True,False,False,False,False,False,False,False,False,2022-05-21 05:25:54.609642+00:00,2022-05-21 05:25:54.609642+00:00
1527882937156370432,bucha-de,True,True,False,False,False,False,False,False,False,False,2022-05-21 05:25:54.609525+00:00,2022-05-21 05:25:54.609525+00:00
1527883047156211713,bucha-de,True,True,False,False,False,False,False,False,False,False,2022-05-21 05:25:54.609267+00:00,2022-05-21 05:30:50.982562+00:00
1527883453538131968,bucha-de,True,True,False,False,False,False,False,False,False,False,2022-05-21 05:30:50.982453+00:00,2022-05-21 05:30:50.982453+00:00
1527883605824905218,bucha-de,True,True,False,False,False,False,False,False,False,False,2022-05-21 05:30:50.982281+00:00,2022-05-21 05:30:50.982281+00:00
1527884088409051136,bucha-de,True,True,False,False,False,False,False,False,False,False,2022-05-21 05:30:50.981580+00:00,2022-05-21 05:35:49.893541+00:00
1527885308301295617,bucha-de,True,True,False,False,False,False,False,False,False,False,2022-05-21 05:35:49.893277+00:00,2022-05-21 05:41:06.608623+00:00
1527885893251518466,bucha-de,True,True,False,False,False,False,False,False,False,False,2022-05-21 05:41:06.608491+00:00,2022-05-21 05:41:06.608491+00:00
1527886140287614977,bucha-de,True,True,False,False,False,False,False,False,False,False,2022-05-21 05:41:06.608383+00:00,2022-05-21 05:41:06.608383+00:00
1527886223498518529,bucha-de,True,True,False,False,False,False,False,False,False,False,2022-05-21 05:41:06.608264+00:00,2022-05-21 05:41:06.608264+00:00
1527886519092011011,bucha-de,True,True,False,False,False,False,False,False,False,False,2022-05-21 05:41:06.607936+00:00,2022-05-21 05:45:50.657812+00:00
1527887200444203009,bucha-de,True,False,False,False,False,False,False,False,False,False,2022-05-21 08:26:00.499699+00:00,2022-05-21 08:26:00.499699+00:00
1527887709494296576,bucha-de,True,True,False,False,False,False,False,False,False,False,2022-05-21 05:45:50.657711+00:00,2022-05-21 05:45:50.657711+00:00
1527887727592718336,bucha-de,True,True,False,False,False,False,False,False,False,False,2022-05-21 05:45:50.657607+00:00,2022-05-21 05:45:50.657607+00:00
1527887982098796546,bucha-de,True,True,False,False,False,False,False,False,False,False,2022-05-21 05:45:50.657500+00:00,2022-05-21 05:45:50.657500+00:00
1527888083730980865,bucha-de,True,True,False,False,False,False,False,False,False,False,2022-05-21 05:45:50.657381+00:00,2022-05-21 05:45:50.657381+00:00
1527888291386769408,bucha-de,True,True,False,False,False,False,False,False,False,False,2022-05-21 05:45:50.657122+00:00,2022-05-21 05:50:52.286609+00:00
1527889096080760832,bucha-de,True,True,False,False,False,False,False,False,False,False,2022-05-21 05:50:52.286352+00:00,2022-05-21 05:57:10.189640+00:00
1527890169621250049,bucha-de,True,True,False,False,False,False,False,False,False,False,2022-05-21 05:57:10.189541+00:00,2022-05-21 05:57:10.189541+00:00
1527890527840092160,bucha-de,True,True,False,False,False,False,False,False,False,False,2022-05-21 05:57:10.189440+00:00,2022-05-21 05:57:10.189440+00:00
1527890529823899648,bucha-de,True,True,False,False,False,False,False,False,False,False,2022-05-21 05:57:10.189337+00:00,2022-05-21 05:57:10.189337+00:00
1527890608269959168,bucha-de,True,True,False,False,False,False,False,False,False,False,2022-05-21 05:57:10.189210+00:00,2022-05-21 05:57:10.189210+00:00
1527890666470129664,bucha-de,True,True,False,False,False,False,False,False,False,False,2022-05-21 05:57:10.189104+00:00,2022-05-21 05:57:10.189104+00:00
1527890747046957058,bucha-de,True,True,False,False,False,False,False,False,False,False,2022-05-21 05:57:10.188980+00:00,2022-05-21 05:57:10.188980+00:00
1527890992761917442,bucha-de,True,True,False,False,False,False,False,False,False,False,2022-05-21 05:57:10.188848+00:00,2022-05-21 05:57:10.188848+00:00
1527891097468510209,bucha-de,True,True,False,False,False,False,False,False,False,False,2022-05-21 05:57:10.188711+00:00,2022-05-21 05:57:10.188711+00:00
1527891101218222080,bucha-de,True,True,False,False,False,False,False,False,False,False,2022-05-21 05:57:10.188386+00:00,2022-05-21 06:00:54.112799+00:00
1527891518664630273,bucha-de,True,True,False,False,False,False,False,False,False,False,2022-05-21 06:00:54.112521+00:00,2022-05-21 06:05:50.574529+00:00
1527892331118084097,bucha-de,True,True,False,False,False,False,False,False,False,False,2022-05-21 06:05:50.574406+00:00,2022-05-21 06:05:50.574406+00:00
1527892671171284993,bucha-de,True,True,False,False,False,False,False,False,False,False,2022-05-21 06:05:50.574267+00:00,2022-05-21 06:05:50.574267+00:00
1527892673994031105,bucha-de,True,True,False,False,False,False,False,False,False,False,2022-05-21 06:05:50.574162+00:00,2022-05-21 06:05:50.574162+00:00
1527892695846424576,bucha-de,True,True,False,False,False,False,False,False,False,False,2022-05-21 06:05:50.574051+00:00,2022-05-21 06:05:50.574051+00:00
1527892939824824320,bucha-de,True,True,False,False,False,False,False,False,False,False,2022-05-21 06:05:50.573854+00:00,2022-05-21 06:05:50.573854+00:00
1527893107328659456,bucha-de,True,True,False,False,False,False,False,False,False,False,2022-05-21 06:05:50.573602+00:00,2022-05-21 06:10:54.256298+00:00
1527893406189486080,bucha-de,True,True,False,False,False,False,False,False,False,False,2022-05-21 06:10:54.256193+00:00,2022-05-21 06:10:54.256193+00:00
1527893567590617090,bucha-de,True,True,False,False,False,False,False,False,False,False,2022-05-21 06:10:54.256075+00:00,2022-05-21 06:10:54.256075+00:00
1527893938027241472,bucha-de,True,True,False,False,False,False,False,False,False,False,2022-05-21 06:10:54.255910+00:00,2022-05-21 06:10:54.255910+00:00
1527894486109630465,bucha-de,True,True,False,False,False,False,False,False,False,False,2022-05-21 06:10:54.255663+00:00,2022-05-21 06:15:50.623042+00:00
1527894692297326592,bucha-de,True,True,False,False,False,False,False,False,False,False,2022-05-21 06:15:50.622937+00:00,2022-05-21 06:15:50.622937+00:00
1527894850309394433,bucha-de,True,False,False,False,False,False,False,False,False,False,2022-05-21 06:25:57.929655+00:00,2022-05-21 06:25:57.929655+00:00
1527894880906878977,bucha-de,True,True,False,False,False,False,False,False,False,False,2022-05-21 06:15:50.622832+00:00,2022-05-21 06:15:50.622832+00:00
1527894918634647552,bucha-de,True,True,False,False,False,False,False,False,False,False,2022-05-21 06:15:50.622722+00:00,2022-05-21 06:15:50.622722+00:00
1527894965585596416,bucha-de,True,True,False,False,False,False,False,False,False,False,2022-05-21 06:15:50.622552+00:00,2022-05-21 06:15:50.622552+00:00
1527895003544301568,bucha-de,True,True,False,False,False,False,False,False,False,False,2022-05-21 06:15:50.622446+00:00,2022-05-21 06:15:50.622446+00:00
1527895029242638338,bucha-de,True,True,False,False,False,False,False,False,False,False,2022-05-21 06:15:50.622340+00:00,2022-05-21 06:15:50.622340+00:00
1527895043872329729,bucha-de,True,True,False,False,False,False,False,False,False,False,2022-05-21 06:15:50.622242+00:00,2022-05-21 06:15:50.622242+00:00
1527895098872057856,bucha-de,True,True,False,False,False,False,False,False,False,False,2022-05-21 06:15:50.622136+00:00,2022-05-21 06:15:50.622136+00:00
1527895133320003585,bucha-de,True,True,False,False,False,False,False,False,False,False,2022-05-21 06:15:50.622012+00:00,2022-05-21 06:15:50.622012+00:00
1527895144887898112,bucha-de,True,True,False,False,False,False,False,False,False,False,2022-05-21 06:15:50.621894+00:00,2022-05-21 06:15:50.621894+00:00
1527895169189699590,bucha-de,True,True,False,False,False,False,False,False,False,False,2022-05-21 06:15:50.621785+00:00,2022-05-21 06:15:50.621785+00:00
1527895205105508353,bucha-de,True,True,False,False,False,False,False,False,False,False,2022-05-21 06:15:50.621676+00:00,2022-05-21 06:15:50.621676+00:00
1527895241084260360,bucha-de,True,True,False,False,False,False,False,False,False,False,2022-05-21 06:15:50.621566+00:00,2022-05-21 06:15:50.621566+00:00
1527895284470136838,bucha-de,True,True,False,False,False,False,False,False,False,False,2022-05-21 06:15:50.621452+00:00,2022-05-21 06:15:50.621452+00:00
1527895322445418496,bucha-de,True,True,False,False,False,False,False,False,False,False,2022-05-21 06:15:50.621344+00:00,2022-05-21 06:15:50.621344+00:00
1527895354246631424,bucha-de,True,True,False,False,False,False,False,False,False,False,2022-05-21 06:15:50.621234+00:00,2022-05-21 06:15:50.621234+00:00
1527895402493661188,bucha-de,True,True,False,False,False,False,False,False,False,False,2022-05-21 06:15:50.621123+00:00,2022-05-21 06:15:50.621123+00:00
1527895544395358209,bucha-de,True,True,False,False,False,False,False,False,False,False,2022-05-21 06:15:50.621011+00:00,2022-05-21 06:15:50.621011+00:00
1527895610585759745,bucha-de,True,True,False,False,False,False,False,False,False,False,2022-05-21 06:15:50.620897+00:00,2022-05-21 06:15:50.620897+00:00
1527895646631604225,bucha-de,True,True,False,False,False,False,False,False,False,False,2022-05-21 06:15:50.620780+00:00,2022-05-21 06:15:50.620780+00:00
1527895676956336129,bucha-de,True,True,False,False,False,False,False,False,False,False,2022-05-21 06:15:50.620648+00:00,2022-05-21 06:15:50.620648+00:00
1527895708065484800,bucha-de,True,True,False,False,False,False,False,False,False,False,2022-05-21 06:15:50.620422+00:00,2022-05-21 06:15:50.620422+00:00
1527895739266998277,bucha-de,True,True,False,False,False,False,False,False,False,False,2022-05-21 06:15:50.617126+00:00,2022-05-21 06:20:51.101027+00:00
1527895961770532864,bucha-de,True,True,False,False,False,False,False,False,False,False,2022-05-21 06:20:51.100914+00:00,2022-05-21 06:20:51.100914+00:00
1527895991898218496,bucha-de,True,True,False,False,False,False,False,False,False,False,2022-05-21 06:20:51.100799+00:00,2022-05-21 06:20:51.100799+00:00
1527895997879394305,bucha-de,True,True,False,False,False,False,False,False,False,False,2022-05-21 06:20:51.100688+00:00,2022-05-21 06:20:51.100688+00:00
1527896029537910784,bucha-de,True,True,False,False,False,False,False,False,False,False,2022-05-21 06:20:51.100562+00:00,2022-05-21 06:20:51.100562+00:00
1527896029793746945,bucha-de,True,True,False,False,False,False,False,False,False,False,2022-05-21 06:20:51.100447+00:00,2022-05-21 06:20:51.100447+00:00
1527896074815414272,bucha-de,True,True,False,False,False,False,False,False,False,False,2022-05-21 06:20:51.100346+00:00,2022-05-21 06:20:51.100346+00:00
1527896116783681542,bucha-de,True,True,False,False,False,False,False,False,False,False,2022-05-21 06:20:51.100227+00:00,2022-05-21 06:20:51.100227+00:00
1527896154217799680,bucha-de,True,True,False,False,False,False,False,False,False,False,2022-05-21 06:20:51.100099+00:00,2022-05-21 06:20:51.100099+00:00
1527896185389867009,bucha-de,True,True,False,False,False,False,False,False,False,False,2022-05-21 06:20:51.099934+00:00,2022-05-21 06:20:51.099934+00:00
1527896217447018497,bucha-de,True,True,False,False,False,False,False,False,False,False,2022-05-21 06:20:51.099820+00:00,2022-05-21 06:20:51.099820+00:00
1527896249344659457,bucha-de,True,True,False,False,False,False,False,False,False,False,2022-05-21 06:20:51.099706+00:00,2022-05-21 06:20:51.099706+00:00
1527896286313291776,bucha-de,True,True,False,False,False,False,False,False,False,False,2022-05-21 06:20:51.099591+00:00,2022-05-21 06:20:51.099591+00:00
1527896317963300864,bucha-de,True,True,False,False,False,False,False,False,False,False,2022-05-21 06:20:51.099477+00:00,2022-05-21 06:20:51.099477+00:00
1527896338750390274,bucha-de,True,True,False,False,False,False,False,False,False,False,2022-05-21 06:20:51.099361+00:00,2022-05-21 06:20:51.099361+00:00
1527896352704933888,bucha-de,True,True,False,False,False,False,False,False,False,False,2022-05-21 06:20:51.099259+00:00,2022-05-21 06:20:51.099259+00:00
1527896384996790273,bucha-de,True,True,False,False,False,False,False,False,False,False,2022-05-21 06:20:51.099139+00:00,2022-05-21 06:20:51.099139+00:00
1527896425228476421,bucha-de,True,True,False,False,False,False,False,False,False,False,2022-05-21 06:20:51.099004+00:00,2022-05-21 06:20:51.099004+00:00
1527896544506269696,bucha-de,True,True,False,False,False,False,False,False,False,False,2022-05-21 06:20:51.098901+00:00,2022-05-21 06:20:51.098901+00:00
1527896746638155776,bucha-de,True,True,False,False,False,False,False,False,False,False,2022-05-21 06:20:51.098794+00:00,2022-05-21 06:20:51.098794+00:00
1527896795136901121,bucha-de,True,True,False,False,False,False,False,False,False,False,2022-05-21 06:20:51.098676+00:00,2022-05-21 06:20:51.098676+00:00
1527896911931400193,bucha-de,True,False,False,False,False,False,False,False,False,False,2022-05-21 06:25:57.929551+00:00,2022-05-21 06:25:57.929551+00:00
1527897112671047680,bucha-de,True,True,False,False,False,False,False,False,False,False,2022-05-21 06:20:51.098424+00:00,2022-05-21 06:25:57.929121+00:00
1527897297991892993,bucha-de,True,True,False,False,False,False,False,False,False,False,2022-05-21 06:25:57.929017+00:00,2022-05-21 06:25:57.929017+00:00
1527897383673135106,bucha-de,True,True,False,False,False,False,False,False,False,False,2022-05-21 06:25:57.928910+00:00,2022-05-21 06:25:57.928910+00:00
1527897605799399425,bucha-de,True,True,False,False,False,False,False,False,False,False,2022-05-21 06:25:57.928787+00:00,2022-05-21 06:25:57.928787+00:00
1527897621771304960,bucha-de,True,True,False,False,False,False,False,False,False,False,2022-05-21 06:25:57.928628+00:00,2022-05-21 06:25:57.928628+00:00
1527897738473525248,bucha-de,True,False,False,False,False,False,False,False,False,False,2022-05-21 07:15:51.759272+00:00,2022-05-21 07:15:51.759272+00:00
1527897909840183298,bucha-de,True,True,False,False,False,False,False,False,False,False,2022-05-21 06:25:57.928342+00:00,2022-05-21 06:25:57.928342+00:00
1527898396698238976,bucha-de,True,True,False,False,False,False,False,False,False,False,2022-05-21 06:25:57.927559+00:00,2022-05-21 06:30:52.925341+00:00
1527899338952802304,bucha-de,True,True,False,False,False,False,False,False,False,False,2022-05-21 06:30:52.925193+00:00,2022-05-21 06:30:52.925193+00:00
1527899626145193985,bucha-de,True,True,False,False,False,False,False,False,False,False,2022-05-21 06:30:52.924950+00:00,2022-05-21 06:35:52.331852+00:00
1527899919582887936,bucha-de,True,True,False,False,False,False,False,False,False,False,2022-05-21 06:35:52.331752+00:00,2022-05-21 06:35:52.331752+00:00
1527899935231860736,bucha-de,True,True,False,False,False,False,False,False,False,False,2022-05-21 06:35:52.331650+00:00,2022-05-21 06:35:52.331650+00:00
1527899999962599426,bucha-de,True,False,False,False,False,False,False,False,False,False,2022-05-21 08:05:52.001685+00:00,2022-05-21 08:05:52.001685+00:00
1527900338635870208,bucha-de,True,True,False,False,False,False,False,False,False,False,2022-05-21 06:35:52.331546+00:00,2022-05-21 06:35:52.331546+00:00
1527900624003678208,bucha-de,True,True,False,False,False,False,False,False,False,False,2022-05-21 06:35:52.331433+00:00,2022-05-21 06:35:52.331433+00:00
1527900738055454720,bucha-de,True,True,False,False,False,False,False,False,False,False,2022-05-21 06:35:52.331180+00:00,2022-05-21 06:42:54.294394+00:00
1527900827129626624,bucha-de,True,False,False,False,False,False,False,False,False,False,2022-05-21 13:18:12.567409+00:00,2022-05-21 13:18:12.567409+00:00
1527901074627211266,bucha-de,True,True,False,False,False,False,False,False,False,False,2022-05-21 06:42:54.293048+00:00,2022-05-21 06:42:54.293048+00:00
1527901476949053440,bucha-de,True,True,False,False,False,False,False,False,False,False,2022-05-21 06:42:54.292941+00:00,2022-05-21 06:42:54.292941+00:00
1527901546528313344,bucha-de,True,True,False,False,False,False,False,False,False,False,2022-05-21 06:42:54.292822+00:00,2022-05-21 06:42:54.292822+00:00
1527901560268898304,bucha-de,True,True,False,False,False,False,False,False,False,False,2022-05-21 06:42:54.292712+00:00,2022-05-21 06:42:54.292712+00:00
1527901674265878528,bucha-de,True,True,False,False,False,False,False,False,False,False,2022-05-21 06:42:54.292539+00:00,2022-05-21 06:42:54.292539+00:00
1527902273682153472,bucha-de,True,True,False,False,False,False,False,False,False,False,2022-05-21 06:42:54.292412+00:00,2022-05-21 06:42:54.292412+00:00
1527902279726157824,bucha-de,True,True,False,False,False,False,False,False,False,False,2022-05-21 06:42:54.292155+00:00,2022-05-21 06:45:51.865772+00:00
1527903008180297728,bucha-de,True,True,False,False,False,False,False,False,False,False,2022-05-21 06:45:51.865655+00:00,2022-05-21 06:45:51.865655+00:00
1527903143476051968,bucha-de,True,True,False,False,False,False,False,False,False,False,2022-05-21 06:45:51.865544+00:00,2022-05-21 06:45:51.865544+00:00
1527903210568142848,bucha-de,True,True,False,False,False,False,False,False,False,False,2022-05-21 06:45:51.865412+00:00,2022-05-21 06:45:51.865412+00:00
1527903257670164481,bucha-de,True,True,False,False,False,False,False,False,False,False,2022-05-21 06:45:51.865152+00:00,2022-05-21 06:50:51.101487+00:00
1527903613988790272,bucha-de,True,True,False,False,False,False,False,False,False,False,2022-05-21 06:50:51.101388+00:00,2022-05-21 06:50:51.101388+00:00
1527903652169539588,bucha-de,True,True,False,False,False,False,False,False,False,False,2022-05-21 06:50:51.101288+00:00,2022-05-21 06:50:51.101288+00:00
1527903749334831104,bucha-de,True,True,False,False,False,False,False,False,False,False,2022-05-21 06:50:51.101185+00:00,2022-05-21 06:50:51.101185+00:00
1527903793458839554,bucha-de,True,True,False,False,False,False,False,False,False,False,2022-05-21 06:50:51.101079+00:00,2022-05-21 06:50:51.101079+00:00
1527903979019157507,bucha-de,True,True,False,False,False,False,False,False,False,False,2022-05-21 06:50:51.100971+00:00,2022-05-21 06:50:51.100971+00:00
1527904336470233089,bucha-de,True,True,False,False,False,False,False,False,False,False,2022-05-21 06:50:51.100841+00:00,2022-05-21 06:50:51.100841+00:00
1527904405768572928,bucha-de,True,True,False,False,False,False,False,False,False,False,2022-05-21 06:50:51.100675+00:00,2022-05-21 06:50:51.100675+00:00
1527904528267354113,bucha-de,True,True,False,False,False,False,False,False,False,False,2022-05-21 06:50:51.099951+00:00,2022-05-21 06:56:08.185614+00:00
1527904854353518592,bucha-de,True,True,False,False,False,False,False,False,False,False,2022-05-21 06:56:08.185269+00:00,2022-05-21 06:56:08.185269+00:00
1527904900981657600,bucha-de,True,True,False,False,False,False,False,False,False,False,2022-05-21 06:56:08.185071+00:00,2022-05-21 06:56:08.185071+00:00
1527904994980204545,bucha-de,True,True,False,False,False,False,False,False,False,False,2022-05-21 06:56:08.184837+00:00,2022-05-21 06:56:08.184837+00:00
1527905621303074816,bucha-de,True,True,False,False,False,False,False,False,False,False,2022-05-21 06:56:08.184549+00:00,2022-05-21 07:00:53.691875+00:00
1527906140922728448,bucha-de,True,True,False,False,False,False,False,False,False,False,2022-05-21 07:00:53.691773+00:00,2022-05-21 07:00:53.691773+00:00
1527906164855521280,bucha-de,True,True,False,False,False,False,False,False,False,False,2022-05-21 07:00:53.691668+00:00,2022-05-21 07:00:53.691668+00:00
1527906993469636608,bucha-de,True,True,False,False,False,False,False,False,False,False,2022-05-21 07:00:53.691557+00:00,2022-05-21 07:00:53.691557+00:00
1527907145869578240,bucha-de,True,True,False,False,False,False,False,False,False,False,2022-05-21 07:00:53.691406+00:00,2022-05-21 07:00:53.691406+00:00
1527907149313097728,bucha-de,True,True,False,False,False,False,False,False,False,False,2022-05-21 07:00:53.691129+00:00,2022-05-21 07:05:51.538162+00:00
1527907743427874817,bucha-de,True,True,False,False,False,False,False,False,False,False,2022-05-21 07:05:51.538046+00:00,2022-05-21 07:05:51.538046+00:00
1527908287009767424,bucha-de,True,True,False,False,False,False,False,False,False,False,2022-05-21 07:05:51.537783+00:00,2022-05-21 07:10:58.299293+00:00
1527908484800561153,bucha-de,True,False,False,False,False,False,False,False,False,False,2022-05-21 07:15:51.759577+00:00,2022-05-21 07:15:51.759577+00:00
1527908486008520707,bucha-de,True,True,False,False,False,False,False,False,False,False,2022-05-21 07:10:58.299176+00:00,2022-05-21 07:10:58.299176+00:00
1527908561296171008,bucha-de,True,True,False,False,False,False,False,False,False,False,2022-05-21 07:10:58.299072+00:00,2022-05-21 07:10:58.299072+00:00
1527908632100278272,bucha-de,True,False,False,False,False,False,False,False,False,False,2022-05-21 08:11:01.458864+00:00,2022-05-21 08:11:01.458864+00:00
1527908844990504961,bucha-de,True,True,False,False,False,False,False,False,False,False,2022-05-21 07:10:58.298964+00:00,2022-05-21 07:10:58.298964+00:00
1527908986330263552,bucha-de,True,True,False,False,False,False,False,False,False,False,2022-05-21 07:10:58.298833+00:00,2022-05-21 07:10:58.298833+00:00
1527909419094253570,bucha-de,True,True,False,False,False,False,False,False,False,False,2022-05-21 07:10:58.298683+00:00,2022-05-21 07:10:58.298683+00:00
1527909620181880843,bucha-de,True,True,False,False,False,False,False,False,False,False,2022-05-21 07:10:58.298431+00:00,2022-05-21 07:15:51.759170+00:00
1527909763878727682,bucha-de,True,True,False,False,False,False,False,False,False,False,2022-05-21 07:15:51.759038+00:00,2022-05-21 07:15:51.759038+00:00
1527909948729982984,bucha-de,True,True,False,False,False,False,False,False,False,False,2022-05-21 07:15:51.758939+00:00,2022-05-21 07:15:51.758939+00:00
1527910118645452802,bucha-de,True,True,False,False,False,False,False,False,False,False,2022-05-21 07:15:51.758839+00:00,2022-05-21 07:15:51.758839+00:00
1527910131572576256,bucha-de,True,True,False,False,False,False,False,False,False,False,2022-05-21 07:15:51.758737+00:00,2022-05-21 07:15:51.758737+00:00
1527910454642843648,bucha-de,True,True,False,False,False,False,False,False,False,False,2022-05-21 07:15:51.758628+00:00,2022-05-21 07:15:51.758628+00:00
1527910493733650433,bucha-de,True,True,False,False,False,False,False,False,False,False,2022-05-21 07:15:51.758513+00:00,2022-05-21 07:15:51.758513+00:00
1527910512494792704,bucha-de,True,True,False,False,False,False,False,False,False,False,2022-05-21 07:15:51.758235+00:00,2022-05-21 07:15:51.758235+00:00
1527910673258369025,bucha-de,True,False,False,False,False,False,False,False,False,False,2022-05-21 09:05:52.582848+00:00,2022-05-21 09:05:52.582848+00:00
1527910768037044229,bucha-de,True,False,False,False,False,False,False,False,False,False,2022-05-21 11:35:53.933581+00:00,2022-05-21 11:35:53.933581+00:00
1527910841298870273,bucha-de,True,False,False,False,False,False,False,False,False,False,2022-05-21 09:30:52.515099+00:00,2022-05-21 09:30:52.515099+00:00
1527911216903032833,bucha-de,True,True,False,False,False,False,False,False,False,False,2022-05-21 07:21:15.718993+00:00,2022-05-21 07:21:15.718993+00:00
1527911340089696256,bucha-de,True,True,False,False,False,False,False,False,False,False,2022-05-21 07:21:15.718863+00:00,2022-05-21 07:21:15.718863+00:00
1527911344284000257,bucha-de,True,True,False,False,False,False,False,False,False,False,2022-05-21 07:21:15.718720+00:00,2022-05-21 07:21:15.718720+00:00
1527911511188021250,bucha-de,True,True,False,False,False,False,False,False,False,False,2022-05-21 07:21:15.718559+00:00,2022-05-21 07:21:15.718559+00:00
1527911613495398400,bucha-de,True,True,False,False,False,False,False,False,False,False,2022-05-21 07:21:15.717354+00:00,2022-05-21 07:21:15.717354+00:00
1527911829632057346,bucha-de,True,True,False,False,False,False,False,False,False,False,2022-05-21 07:21:15.717249+00:00,2022-05-21 07:21:15.717249+00:00
1527911974427836416,bucha-de,True,True,False,False,False,False,False,False,False,False,2022-05-21 07:21:15.717105+00:00,2022-05-21 07:21:15.717105+00:00
1527911982724177921,bucha-de,True,True,False,False,False,False,False,False,False,False,2022-05-21 07:21:15.717006+00:00,2022-05-21 07:21:15.717006+00:00
1527911992559816704,bucha-de,True,True,False,False,False,False,False,False,False,False,2022-05-21 07:21:15.716906+00:00,2022-05-21 07:21:15.716906+00:00
1527912028295286800,bucha-de,True,True,False,False,False,False,False,False,False,False,2022-05-21 07:21:15.716805+00:00,2022-05-21 07:21:15.716805+00:00
1527912081776955392,bucha-de,True,True,False,False,False,False,False,False,False,False,2022-05-21 07:21:15.716702+00:00,2022-05-21 07:21:15.716702+00:00
1527912095794208768,bucha-de,True,True,False,False,False,False,False,False,False,False,2022-05-21 07:21:15.716598+00:00,2022-05-21 07:21:15.716598+00:00
1527912197460045825,bucha-de,True,True,False,False,False,False,False,False,False,False,2022-05-21 07:21:15.716489+00:00,2022-05-21 07:21:15.716489+00:00
1527912198508535814,bucha-de,True,True,False,False,False,False,False,False,False,False,2022-05-21 07:21:15.716350+00:00,2022-05-21 07:21:15.716350+00:00
1527912318474104832,bucha-de,True,True,False,False,False,False,False,False,False,False,2022-05-21 07:21:15.715694+00:00,2022-05-21 07:27:02.483112+00:00
1527912575765291008,bucha-de,True,True,False,False,False,False,False,False,False,False,2022-05-21 07:27:02.483013+00:00,2022-05-21 07:27:02.483013+00:00
1527912641695469568,bucha-de,True,True,False,False,False,False,False,False,False,False,2022-05-21 07:27:02.482910+00:00,2022-05-21 07:27:02.482910+00:00
1527912642626609152,bucha-de,True,True,False,False,False,False,False,False,False,False,2022-05-21 07:27:02.482810+00:00,2022-05-21 07:27:02.482810+00:00
1527912743340212224,bucha-de,True,True,False,False,False,False,False,False,False,False,2022-05-21 07:27:02.482706+00:00,2022-05-21 07:27:02.482706+00:00
1527912782045356032,bucha-de,True,True,False,False,False,False,False,False,False,False,2022-05-21 07:27:02.482576+00:00,2022-05-21 07:27:02.482576+00:00
1527912791138619393,bucha-de,True,True,False,False,False,False,False,False,False,False,2022-05-21 07:27:02.482478+00:00,2022-05-21 07:27:02.482478+00:00
1527912811548000256,bucha-de,True,True,False,False,False,False,False,False,False,False,2022-05-21 07:27:02.482380+00:00,2022-05-21 07:27:02.482380+00:00
1527912969933361152,bucha-de,True,True,False,False,False,False,False,False,False,False,2022-05-21 07:27:02.482279+00:00,2022-05-21 07:27:02.482279+00:00
1527912994889469954,bucha-de,True,True,False,False,False,False,False,False,False,False,2022-05-21 07:27:02.482178+00:00,2022-05-21 07:27:02.482178+00:00
1527913056218624002,bucha-de,True,True,False,False,False,False,False,False,False,False,2022-05-21 07:27:02.482076+00:00,2022-05-21 07:27:02.482076+00:00
1527913230114426881,bucha-de,True,True,False,False,False,False,False,False,False,False,2022-05-21 07:27:02.481974+00:00,2022-05-21 07:27:02.481974+00:00
1527913471412781058,bucha-de,True,True,False,False,False,False,False,False,False,False,2022-05-21 07:27:02.481869+00:00,2022-05-21 07:27:02.481869+00:00
1527913552039792640,bucha-de,True,True,False,False,False,False,False,False,False,False,2022-05-21 07:27:02.481761+00:00,2022-05-21 07:27:02.481761+00:00
1527913716095803395,bucha-de,True,True,False,False,False,False,False,False,False,False,2022-05-21 07:27:02.481642+00:00,2022-05-21 07:27:02.481642+00:00
1527913727273623558,bucha-de,True,True,False,False,False,False,False,False,False,False,2022-05-21 07:27:02.481377+00:00,2022-05-21 07:30:54.213706+00:00
1527913827232321536,bucha-de,True,True,False,False,False,False,False,False,False,False,2022-05-21 07:30:54.213560+00:00,2022-05-21 07:30:54.213560+00:00
1527913883939360769,bucha-de,True,False,False,False,False,False,False,False,False,False,2022-05-21 07:41:26.912700+00:00,2022-05-21 07:41:26.912700+00:00
1527913903526666240,bucha-de,True,True,False,False,False,False,False,False,False,False,2022-05-21 07:30:54.213283+00:00,2022-05-21 07:30:54.213283+00:00
1527913960179130368,bucha-de,True,True,False,False,False,False,False,False,False,False,2022-05-21 07:30:54.213182+00:00,2022-05-21 07:30:54.213182+00:00
1527914039656980480,bucha-de,True,True,False,False,False,False,False,False,False,False,2022-05-21 07:30:54.213075+00:00,2022-05-21 07:30:54.213075+00:00
1527914139519225857,bucha-de,True,True,False,False,False,False,False,False,False,False,2022-05-21 07:30:54.212958+00:00,2022-05-21 07:30:54.212958+00:00
1527914501219270663,bucha-de,True,True,False,False,False,False,False,False,False,False,2022-05-21 07:30:54.212839+00:00,2022-05-21 07:30:54.212839+00:00
1527914642894356482,bucha-de,True,True,False,False,False,False,False,False,False,False,2022-05-21 07:30:54.212584+00:00,2022-05-21 07:35:52.776323+00:00
1527914654881746945,bucha-de,True,False,False,False,False,False,False,False,False,False,2022-05-21 07:41:26.912911+00:00,2022-05-21 07:41:26.912911+00:00
1527914791502761984,bucha-de,True,True,False,False,False,False,False,False,False,False,2022-05-21 07:35:52.776227+00:00,2022-05-21 07:35:52.776227+00:00
1527914845986770944,bucha-de,True,True,False,False,False,False,False,False,False,False,2022-05-21 07:35:52.776115+00:00,2022-05-21 07:35:52.776115+00:00
1527914983572512768,bucha-de,True,True,False,False,False,False,False,False,False,False,2022-05-21 07:35:52.775965+00:00,2022-05-21 07:35:52.775965+00:00
1527915111247237120,bucha-de,True,True,False,False,False,False,False,False,False,False,2022-05-21 07:35:52.775869+00:00,2022-05-21 07:35:52.775869+00:00
1527915157501927425,bucha-de,True,True,False,False,False,False,False,False,False,False,2022-05-21 07:35:52.775773+00:00,2022-05-21 07:35:52.775773+00:00
1527915162119946245,bucha-de,True,True,False,False,False,False,False,False,False,False,2022-05-21 07:35:52.775673+00:00,2022-05-21 07:35:52.775673+00:00
1527915174795038722,bucha-de,True,True,False,False,False,False,False,False,False,False,2022-05-21 07:35:52.775483+00:00,2022-05-21 07:35:52.775483+00:00
1527915460293013504,bucha-de,True,True,False,False,False,False,False,False,False,False,2022-05-21 07:35:52.775382+00:00,2022-05-21 07:35:52.775382+00:00
1527915486037659649,bucha-de,True,True,False,False,False,False,False,False,False,False,2022-05-21 07:35:52.775277+00:00,2022-05-21 07:35:52.775277+00:00
1527915540127404040,bucha-de,True,True,False,False,False,False,False,False,False,False,2022-05-21 07:35:52.775170+00:00,2022-05-21 07:35:52.775170+00:00
1527915788589535232,bucha-de,True,False,False,False,False,False,False,False,False,False,2022-05-21 07:41:26.913010+00:00,2022-05-21 07:41:26.913010+00:00
1527915951114661888,bucha-de,True,True,False,False,False,False,False,False,False,False,2022-05-21 07:35:52.775049+00:00,2022-05-21 07:35:52.775049+00:00
1527916017992798208,bucha-de,True,True,False,False,False,False,False,False,False,False,2022-05-21 07:35:52.774798+00:00,2022-05-21 07:41:26.912095+00:00
1527916120384192514,bucha-de,True,True,False,False,False,False,False,False,False,False,2022-05-21 07:41:26.911964+00:00,2022-05-21 07:41:26.911964+00:00
1527916276529741825,bucha-de,True,True,False,False,False,False,False,False,False,False,2022-05-21 07:41:26.911849+00:00,2022-05-21 07:41:26.911849+00:00
1527916453726507008,bucha-de,True,True,False,False,False,False,False,False,False,False,2022-05-21 07:41:26.911735+00:00,2022-05-21 07:41:26.911735+00:00
1527916662833438720,bucha-de,True,True,False,False,False,False,False,False,False,False,2022-05-21 07:41:26.911540+00:00,2022-05-21 07:41:26.911540+00:00
1527916768186060800,bucha-de,True,True,False,False,False,False,False,False,False,False,2022-05-21 07:41:26.907162+00:00,2022-05-21 07:41:26.907162+00:00
1527916802365431808,bucha-de,True,True,False,False,False,False,False,False,False,False,2022-05-21 07:41:26.907064+00:00,2022-05-21 07:41:26.907064+00:00
1527916911337545728,bucha-de,True,True,False,False,False,False,False,False,False,False,2022-05-21 07:41:26.906962+00:00,2022-05-21 07:41:26.906962+00:00
1527917045672816640,bucha-de,True,True,False,False,False,False,False,False,False,False,2022-05-21 07:41:26.906842+00:00,2022-05-21 07:41:26.906842+00:00
1527917050718453760,bucha-de,True,True,False,False,False,False,False,False,False,False,2022-05-21 07:41:26.906744+00:00,2022-05-21 07:41:26.906744+00:00
1527917062898728960,bucha-de,True,True,False,False,False,False,False,False,False,False,2022-05-21 07:41:26.906645+00:00,2022-05-21 07:41:26.906645+00:00
1527917232461946881,bucha-de,True,True,False,False,False,False,False,False,False,False,2022-05-21 07:41:26.906543+00:00,2022-05-21 07:41:26.906543+00:00
1527917266439966720,bucha-de,True,True,False,False,False,False,False,False,False,False,2022-05-21 07:41:26.906427+00:00,2022-05-21 07:41:26.906427+00:00
1527917406190022656,bucha-de,True,True,False,False,False,False,False,False,False,False,2022-05-21 07:41:26.906186+00:00,2022-05-21 07:45:52.800538+00:00
1527917512318496769,bucha-de,True,False,False,False,False,False,False,False,False,False,2022-05-21 08:11:01.459059+00:00,2022-05-21 08:11:01.459059+00:00
1527917532887142401,bucha-de,True,True,False,False,False,False,False,False,False,False,2022-05-21 07:45:52.800421+00:00,2022-05-21 07:45:52.800421+00:00
1527917550163697666,bucha-de,True,False,False,False,False,False,False,False,False,False,2022-05-21 07:50:51.950694+00:00,2022-05-21 07:50:51.950694+00:00
1527917872135151616,bucha-de,True,True,False,False,False,False,False,False,False,False,2022-05-21 07:45:52.800160+00:00,2022-05-21 07:50:51.950163+00:00
1527918248720736256,bucha-de,True,False,False,False,False,False,False,False,False,False,2022-05-21 08:16:34.886285+00:00,2022-05-21 08:16:34.886285+00:00
1527918750565122050,bucha-de,True,False,False,False,False,False,False,False,False,False,2022-05-21 09:41:02.353353+00:00,2022-05-21 09:41:02.353353+00:00
1527918811890032650,bucha-de,True,True,False,False,False,False,False,False,False,False,2022-05-21 07:50:51.950065+00:00,2022-05-21 07:50:51.950065+00:00
1527919009634652160,bucha-de,True,True,False,False,False,False,False,False,False,False,2022-05-21 07:50:51.949962+00:00,2022-05-21 07:50:51.949962+00:00
1527919077066432512,bucha-de,True,True,False,False,False,False,False,False,False,False,2022-05-21 07:50:51.949866+00:00,2022-05-21 07:50:51.949866+00:00
1527919137389006848,bucha-de,True,True,False,False,False,False,False,False,False,False,2022-05-21 07:50:51.949769+00:00,2022-05-21 07:50:51.949769+00:00
1527919193101836290,bucha-de,True,True,False,False,False,False,False,False,False,False,2022-05-21 07:50:51.949670+00:00,2022-05-21 07:50:51.949670+00:00
1527919294062944256,bucha-de,True,True,False,False,False,False,False,False,False,False,2022-05-21 07:50:51.949572+00:00,2022-05-21 07:50:51.949572+00:00
1527919312526356482,bucha-de,True,True,False,False,False,False,False,False,False,False,2022-05-21 07:50:51.949473+00:00,2022-05-21 07:50:51.949473+00:00
1527919428968513536,bucha-de,True,True,False,False,False,False,False,False,False,False,2022-05-21 07:50:51.949374+00:00,2022-05-21 07:50:51.949374+00:00
1527919431049003008,bucha-de,True,True,False,False,False,False,False,False,False,False,2022-05-21 07:50:51.949271+00:00,2022-05-21 07:50:51.949271+00:00
1527919532534288384,bucha-de,True,True,False,False,False,False,False,False,False,False,2022-05-21 07:50:51.949148+00:00,2022-05-21 07:50:51.949148+00:00
1527919581825843200,bucha-de,True,True,False,False,False,False,False,False,False,False,2022-05-21 07:50:51.949045+00:00,2022-05-21 07:50:51.949045+00:00
1527919670900183040,bucha-de,True,True,False,False,False,False,False,False,False,False,2022-05-21 07:50:51.948938+00:00,2022-05-21 07:50:51.948938+00:00
1527919725036163072,bucha-de,True,True,False,False,False,False,False,False,False,False,2022-05-21 07:50:51.948805+00:00,2022-05-21 07:50:51.948805+00:00
1527919760259829760,bucha-de,True,True,False,False,False,False,False,False,False,False,2022-05-21 07:50:51.948647+00:00,2022-05-21 07:50:51.948647+00:00
1527919791339610112,bucha-de,True,True,False,False,False,False,False,False,False,False,2022-05-21 07:50:51.947958+00:00,2022-05-21 07:55:59.372078+00:00
1527920035871834112,bucha-de,True,True,False,False,False,False,False,False,False,False,2022-05-21 07:55:59.371931+00:00,2022-05-21 07:55:59.371931+00:00
1527920149075992577,bucha-de,True,True,False,False,False,False,False,False,False,False,2022-05-21 07:55:59.371833+00:00,2022-05-21 07:55:59.371833+00:00
1527920150154031107,bucha-de,True,True,False,False,False,False,False,False,False,False,2022-05-21 07:55:59.371734+00:00,2022-05-21 07:55:59.371734+00:00
1527920380047937538,bucha-de,True,True,False,False,False,False,False,False,False,False,2022-05-21 07:55:59.371636+00:00,2022-05-21 07:55:59.371636+00:00
1527920525355495428,bucha-de,True,True,False,False,False,False,False,False,False,False,2022-05-21 07:55:59.371537+00:00,2022-05-21 07:55:59.371537+00:00
1527920603566571522,bucha-de,True,True,False,False,False,False,False,False,False,False,2022-05-21 07:55:59.371436+00:00,2022-05-21 07:55:59.371436+00:00
1527920613536538625,bucha-de,True,True,False,False,False,False,False,False,False,False,2022-05-21 07:55:59.371333+00:00,2022-05-21 07:55:59.371333+00:00
1527920643689394177,bucha-de,True,False,False,False,False,False,False,False,False,False,2022-05-21 08:01:01.451682+00:00,2022-05-21 08:01:01.451682+00:00
1527920725042114560,bucha-de,True,False,False,False,False,False,False,False,False,False,2022-05-21 08:05:52.001454+00:00,2022-05-21 08:05:52.001454+00:00
1527920736966520832,bucha-de,True,True,False,False,False,False,False,False,False,False,2022-05-21 07:55:59.371228+00:00,2022-05-21 07:55:59.371228+00:00
1527920795246379010,bucha-de,True,True,False,False,False,False,False,False,False,False,2022-05-21 07:55:59.371118+00:00,2022-05-21 07:55:59.371118+00:00
1527920973474848769,bucha-de,True,True,False,False,False,False,False,False,False,False,2022-05-21 07:55:59.370999+00:00,2022-05-21 07:55:59.370999+00:00
1527921060036890625,bucha-de,True,True,False,False,False,False,False,False,False,False,2022-05-21 07:55:59.370748+00:00,2022-05-21 08:01:01.451224+00:00
1527921178492518407,bucha-de,True,True,False,False,False,False,False,False,False,False,2022-05-21 08:01:01.451124+00:00,2022-05-21 08:01:01.451124+00:00
1527921221991530496,bucha-de,True,True,False,False,False,False,False,False,False,False,2022-05-21 08:01:01.451026+00:00,2022-05-21 08:01:01.451026+00:00
1527921339973115904,bucha-de,True,True,False,False,False,False,False,False,False,False,2022-05-21 08:01:01.450928+00:00,2022-05-21 08:01:01.450928+00:00
1527921383908552709,bucha-de,True,True,False,False,False,False,False,False,False,False,2022-05-21 08:01:01.450829+00:00,2022-05-21 08:01:01.450829+00:00
1527921476195606528,bucha-de,True,True,False,False,False,False,False,False,False,False,2022-05-21 08:01:01.450729+00:00,2022-05-21 08:01:01.450729+00:00
1527921710539882496,bucha-de,True,True,False,False,False,False,False,False,False,False,2022-05-21 08:01:01.450629+00:00,2022-05-21 08:01:01.450629+00:00
1527921848113147906,bucha-de,True,True,False,False,False,False,False,False,False,False,2022-05-21 08:01:01.450526+00:00,2022-05-21 08:01:01.450526+00:00
1527921862914842625,bucha-de,True,True,False,False,False,False,False,False,False,False,2022-05-21 08:01:01.450421+00:00,2022-05-21 08:01:01.450421+00:00
1527921937703485440,bucha-de,True,True,False,False,False,False,False,False,False,False,2022-05-21 08:01:01.450312+00:00,2022-05-21 08:01:01.450312+00:00
1527922149444530177,bucha-de,True,True,False,False,False,False,False,False,False,False,2022-05-21 08:01:01.450195+00:00,2022-05-21 08:01:01.450195+00:00
1527922293422403585,bucha-de,True,True,False,False,False,False,False,False,False,False,2022-05-21 08:01:01.449932+00:00,2022-05-21 08:05:52.001350+00:00
1527922524478230528,bucha-de,True,True,False,False,False,False,False,False,False,False,2022-05-21 08:05:52.001244+00:00,2022-05-21 08:05:52.001244+00:00
1527922546917646338,bucha-de,True,True,False,False,False,False,False,False,False,False,2022-05-21 08:05:52.001133+00:00,2022-05-21 08:05:52.001133+00:00
1527922658100256768,bucha-de,True,True,False,False,False,False,False,False,False,False,2022-05-21 08:05:52.000973+00:00,2022-05-21 08:05:52.000973+00:00
1527922863457636352,bucha-de,True,True,False,False,False,False,False,False,False,False,2022-05-21 08:05:52.000705+00:00,2022-05-21 08:11:01.458223+00:00
1527923683116863488,bucha-de,True,True,False,False,False,False,False,False,False,False,2022-05-21 08:11:01.458124+00:00,2022-05-21 08:11:01.458124+00:00
1527923700703678465,bucha-de,True,True,False,False,False,False,False,False,False,False,2022-05-21 08:11:01.457997+00:00,2022-05-21 08:11:01.457997+00:00
1527923703283171330,bucha-de,True,True,False,False,False,False,False,False,False,False,2022-05-21 08:11:01.457881+00:00,2022-05-21 08:11:01.457881+00:00
1527923771843260416,bucha-de,True,True,False,False,False,False,False,False,False,False,2022-05-21 08:11:01.457709+00:00,2022-05-21 08:11:01.457709+00:00
1527923793339027458,bucha-de,True,True,False,False,False,False,False,False,False,False,2022-05-21 08:11:01.457595+00:00,2022-05-21 08:11:01.457595+00:00
1527923856928919552,bucha-de,True,True,False,False,False,False,False,False,False,False,2022-05-21 08:11:01.457481+00:00,2022-05-21 08:11:01.457481+00:00
1527923977305440260,bucha-de,True,True,False,False,False,False,False,False,False,False,2022-05-21 08:11:01.457212+00:00,2022-05-21 08:11:01.457212+00:00
1527924003310018560,bucha-de,True,True,False,False,False,False,False,False,False,False,2022-05-21 08:11:01.457112+00:00,2022-05-21 08:11:01.457112+00:00
1527924161984745472,bucha-de,True,True,False,False,False,False,False,False,False,False,2022-05-21 08:11:01.457010+00:00,2022-05-21 08:11:01.457010+00:00
1527924171841339394,bucha-de,True,True,False,False,False,False,False,False,False,False,2022-05-21 08:11:01.456905+00:00,2022-05-21 08:11:01.456905+00:00
1527924374166118401,bucha-de,True,True,False,False,False,False,False,False,False,False,2022-05-21 08:11:01.456736+00:00,2022-05-21 08:11:01.456736+00:00
1527924399415894017,bucha-de,True,True,False,False,False,False,False,False,False,False,2022-05-21 08:11:01.456631+00:00,2022-05-21 08:11:01.456631+00:00
1527924560900898816,bucha-de,True,True,False,False,False,False,False,False,False,False,2022-05-21 08:11:01.456506+00:00,2022-05-21 08:11:01.456506+00:00
1527924658443632640,bucha-de,True,True,False,False,False,False,False,False,False,False,2022-05-21 08:11:01.456394+00:00,2022-05-21 08:11:01.456394+00:00
1527924802140381184,bucha-de,True,True,False,False,False,False,False,False,False,False,2022-05-21 08:11:01.456244+00:00,2022-05-21 08:11:01.456244+00:00
1527924820138242048,bucha-de,True,True,False,False,False,False,False,False,False,False,2022-05-21 08:11:01.455941+00:00,2022-05-21 08:16:34.885600+00:00
1527924962362896384,bucha-de,True,True,False,False,False,False,False,False,False,False,2022-05-21 08:16:34.885483+00:00,2022-05-21 08:16:34.885483+00:00
1527925029354491904,bucha-de,True,True,False,False,False,False,False,False,False,False,2022-05-21 08:16:34.885347+00:00,2022-05-21 08:16:34.885347+00:00
1527925065471369216,bucha-de,True,True,False,False,False,False,False,False,False,False,2022-05-21 08:16:34.885230+00:00,2022-05-21 08:16:34.885230+00:00
1527925179212607489,bucha-de,True,True,False,False,False,False,False,False,False,False,2022-05-21 08:16:34.885128+00:00,2022-05-21 08:16:34.885128+00:00
1527925612437987330,bucha-de,True,True,False,False,False,False,False,False,False,False,2022-05-21 08:16:34.885022+00:00,2022-05-21 08:16:34.885022+00:00
1527925683338584064,bucha-de,True,True,False,False,False,False,False,False,False,False,2022-05-21 08:16:34.884875+00:00,2022-05-21 08:16:34.884875+00:00
1527925860942102528,bucha-de,True,True,False,False,False,False,False,False,False,False,2022-05-21 08:16:34.884753+00:00,2022-05-21 08:16:34.884753+00:00
1527925864494682112,bucha-de,True,True,False,False,False,False,False,False,False,False,2022-05-21 08:16:34.884260+00:00,2022-05-21 08:16:34.884260+00:00
1527925967653679107,bucha-de,True,True,False,False,False,False,False,False,False,False,2022-05-21 08:16:34.883994+00:00,2022-05-21 08:16:34.883994+00:00
1527926000620867585,bucha-de,True,True,False,False,False,False,False,False,False,False,2022-05-21 08:16:34.883893+00:00,2022-05-21 08:16:34.883893+00:00
1527926044614959104,bucha-de,True,True,False,False,False,False,False,False,False,False,2022-05-21 08:16:34.883788+00:00,2022-05-21 08:16:34.883788+00:00
1527926115972567041,bucha-de,True,True,False,False,False,False,False,False,False,False,2022-05-21 08:16:34.883680+00:00,2022-05-21 08:16:34.883680+00:00
1527926129998307328,bucha-de,True,True,False,False,False,False,False,False,False,False,2022-05-21 08:16:34.883561+00:00,2022-05-21 08:16:34.883561+00:00
1527926221442621440,bucha-de,True,True,False,False,False,False,False,False,False,False,2022-05-21 08:16:34.883303+00:00,2022-05-21 08:20:51.924434+00:00
1527926311095779328,bucha-de,True,True,False,False,False,False,False,False,False,False,2022-05-21 08:20:51.924327+00:00,2022-05-21 08:20:51.924327+00:00
1527926499030056961,bucha-de,True,False,False,False,False,False,False,False,False,False,2022-05-21 08:50:50.741414+00:00,2022-05-21 08:50:50.741414+00:00
1527926609872920576,bucha-de,True,True,False,False,False,False,False,False,False,False,2022-05-21 08:20:51.924210+00:00,2022-05-21 08:20:51.924210+00:00
1527926804631236613,bucha-de,True,False,False,False,False,False,False,False,False,False,2022-05-21 14:58:52.861653+00:00,2022-05-21 14:58:52.861653+00:00
1527926994473721857,bucha-de,True,True,False,False,False,False,False,False,False,False,2022-05-21 08:20:51.924083+00:00,2022-05-21 08:20:51.924083+00:00
1527927312209125376,bucha-de,True,True,False,False,False,False,False,False,False,False,2022-05-21 08:20:51.923772+00:00,2022-05-21 08:26:00.499335+00:00
1527927402185297921,bucha-de,True,True,False,False,False,False,False,False,False,False,2022-05-21 08:26:00.499230+00:00,2022-05-21 08:26:00.499230+00:00
1527927500684374017,bucha-de,True,True,False,False,False,False,False,False,False,False,2022-05-21 08:26:00.499070+00:00,2022-05-21 08:26:00.499070+00:00
1527927661418487808,bucha-de,True,True,False,False,False,False,False,False,False,False,2022-05-21 08:26:00.498622+00:00,2022-05-21 08:26:00.498622+00:00
1527927681144262656,bucha-de,True,True,False,False,False,False,False,False,False,False,2022-05-21 08:26:00.498521+00:00,2022-05-21 08:26:00.498521+00:00
1527927708675620864,bucha-de,True,True,False,False,False,False,False,False,False,False,2022-05-21 08:26:00.498415+00:00,2022-05-21 08:26:00.498415+00:00
1527927905141108736,bucha-de,True,True,False,False,False,False,False,False,False,False,2022-05-21 08:26:00.498268+00:00,2022-05-21 08:26:00.498268+00:00
1527928190232150016,bucha-de,True,True,False,False,False,False,False,False,False,False,2022-05-21 08:26:00.497075+00:00,2022-05-21 08:26:00.497075+00:00
1527928354753716224,bucha-de,True,True,False,False,False,False,False,False,False,False,2022-05-21 08:26:00.496830+00:00,2022-05-21 08:30:52.856263+00:00
1527928593048911872,bucha-de,True,False,False,False,False,False,False,False,False,False,2022-05-21 10:55:51.925339+00:00,2022-05-21 10:55:51.925339+00:00
1527928849186623490,bucha-de,True,True,False,False,False,False,False,False,False,False,2022-05-21 08:30:52.856160+00:00,2022-05-21 08:30:52.856160+00:00
1527928905029636096,bucha-de,True,True,False,False,False,False,False,False,False,False,2022-05-21 08:30:52.855996+00:00,2022-05-21 08:30:52.855996+00:00
1527928917537042433,bucha-de,True,True,False,False,False,False,False,False,False,False,2022-05-21 08:30:52.855862+00:00,2022-05-21 08:30:52.855862+00:00
1527929181941768192,bucha-de,True,True,False,False,False,False,False,False,False,False,2022-05-21 08:30:52.855758+00:00,2022-05-21 08:30:52.855758+00:00
1527929443645366272,bucha-de,True,True,False,False,False,False,False,False,False,False,2022-05-21 08:30:52.855652+00:00,2022-05-21 08:30:52.855652+00:00
1527929469025013760,bucha-de,True,True,False,False,False,False,False,False,False,False,2022-05-21 08:30:52.855537+00:00,2022-05-21 08:30:52.855537+00:00
1527929612155617280,bucha-de,True,True,False,False,False,False,False,False,False,False,2022-05-21 08:30:52.855285+00:00,2022-05-21 08:35:51.114529+00:00
1527930065539186689,bucha-de,True,True,False,False,False,False,False,False,False,False,2022-05-21 08:35:51.114433+00:00,2022-05-21 08:35:51.114433+00:00
1527930086170796032,bucha-de,True,True,False,False,False,False,False,False,False,False,2022-05-21 08:35:51.114331+00:00,2022-05-21 08:35:51.114331+00:00
1527930546881429504,bucha-de,True,True,False,False,False,False,False,False,False,False,2022-05-21 08:35:51.114158+00:00,2022-05-21 08:35:51.114158+00:00
1527930645166571526,bucha-de,True,True,False,False,False,False,False,False,False,False,2022-05-21 08:35:51.114056+00:00,2022-05-21 08:35:51.114056+00:00
1527930750795923456,bucha-de,True,True,False,False,False,False,False,False,False,False,2022-05-21 08:35:51.113951+00:00,2022-05-21 08:35:51.113951+00:00
1527930847927623681,bucha-de,True,True,False,False,False,False,False,False,False,False,2022-05-21 08:35:51.113843+00:00,2022-05-21 08:35:51.113843+00:00
1527930979339362304,bucha-de,True,True,False,False,False,False,False,False,False,False,2022-05-21 08:35:51.113725+00:00,2022-05-21 08:35:51.113725+00:00
1527931056803938304,bucha-de,True,True,False,False,False,False,False,False,False,False,2022-05-21 08:35:51.113475+00:00,2022-05-21 08:40:54.530154+00:00
1527931163947450373,bucha-de,True,True,False,False,False,False,False,False,False,False,2022-05-21 08:40:54.530046+00:00,2022-05-21 08:40:54.530046+00:00
1527931310085390336,bucha-de,True,True,False,False,False,False,False,False,False,False,2022-05-21 08:40:54.529909+00:00,2022-05-21 08:40:54.529909+00:00
1527931575824007168,bucha-de,True,True,False,False,False,False,False,False,False,False,2022-05-21 08:40:54.528568+00:00,2022-05-21 08:40:54.528568+00:00
1527932004444119040,bucha-de,True,True,False,False,False,False,False,False,False,False,2022-05-21 08:40:54.528461+00:00,2022-05-21 08:40:54.528461+00:00
1527932052187881472,bucha-de,True,True,False,False,False,False,False,False,False,False,2022-05-21 08:40:54.528342+00:00,2022-05-21 08:40:54.528342+00:00
1527932163928338432,bucha-de,True,True,False,False,False,False,False,False,False,False,2022-05-21 08:40:54.528052+00:00,2022-05-21 08:45:51.720136+00:00
1527932215019069440,bucha-de,True,False,False,False,False,False,False,False,False,False,2022-05-21 17:31:03.734623+00:00,2022-05-21 17:31:03.734623+00:00
1527932422897147906,bucha-de,True,False,False,False,False,False,False,False,False,False,2022-05-21 10:01:15.182427+00:00,2022-05-21 10:01:15.182427+00:00
1527932466601803778,bucha-de,True,True,False,False,False,False,False,False,False,False,2022-05-21 08:45:51.719978+00:00,2022-05-21 08:45:51.719978+00:00
1527932512844099584,bucha-de,True,True,False,False,False,False,False,False,False,False,2022-05-21 08:45:51.719883+00:00,2022-05-21 08:45:51.719883+00:00
1527932688266674176,bucha-de,True,True,False,False,False,False,False,False,False,False,2022-05-21 08:45:51.719772+00:00,2022-05-21 08:45:51.719772+00:00
1527933007167987713,bucha-de,True,True,False,False,False,False,False,False,False,False,2022-05-21 08:45:51.719671+00:00,2022-05-21 08:45:51.719671+00:00
1527933128244862977,bucha-de,True,True,False,False,False,False,False,False,False,False,2022-05-21 08:45:51.719549+00:00,2022-05-21 08:45:51.719549+00:00
1527933280225476608,bucha-de,True,True,False,False,False,False,False,False,False,False,2022-05-21 08:45:51.719445+00:00,2022-05-21 08:45:51.719445+00:00
1527933292565209089,bucha-de,True,False,False,False,False,False,False,False,False,False,2022-05-21 11:16:53.353204+00:00,2022-05-21 11:16:53.353204+00:00
1527933363646083073,bucha-de,True,True,False,False,False,False,False,False,False,False,2022-05-21 08:45:51.719333+00:00,2022-05-21 08:45:51.719333+00:00
1527933489819049984,bucha-de,True,True,False,False,False,False,False,False,False,False,2022-05-21 08:45:51.719026+00:00,2022-05-21 08:50:50.740537+00:00
1527933741712154629,bucha-de,True,True,False,False,False,False,False,False,False,False,2022-05-21 08:50:50.740412+00:00,2022-05-21 08:50:50.740412+00:00
1527934020809523200,bucha-de,True,True,False,False,False,False,False,False,False,False,2022-05-21 08:50:50.740192+00:00,2022-05-21 08:50:50.740192+00:00
1527934024597004288,bucha-de,True,True,False,False,False,False,False,False,False,False,2022-05-21 08:50:50.739826+00:00,2022-05-21 08:50:50.739826+00:00
1527934273713577984,bucha-de,True,True,False,False,False,False,False,False,False,False,2022-05-21 08:50:50.739728+00:00,2022-05-21 08:50:50.739728+00:00
1527934335172714496,bucha-de,True,True,False,False,False,False,False,False,False,False,2022-05-21 08:50:50.739629+00:00,2022-05-21 08:50:50.739629+00:00
1527934410510704641,bucha-de,True,True,False,False,False,False,False,False,False,False,2022-05-21 08:50:50.739529+00:00,2022-05-21 08:50:50.739529+00:00
1527934480614400002,bucha-de,True,True,False,False,False,False,False,False,False,False,2022-05-21 08:50:50.739411+00:00,2022-05-21 08:50:50.739411+00:00
1527934536293703680,bucha-de,True,True,False,False,False,False,False,False,False,False,2022-05-21 08:50:50.739307+00:00,2022-05-21 08:50:50.739307+00:00
1527934654048780290,bucha-de,True,True,False,False,False,False,False,False,False,False,2022-05-21 08:50:50.739157+00:00,2022-05-21 08:50:50.739157+00:00
1527934763817893888,bucha-de,True,True,False,False,False,False,False,False,False,False,2022-05-21 08:50:50.739045+00:00,2022-05-21 08:50:50.739045+00:00
1527934793350103040,bucha-de,True,True,False,False,False,False,False,False,False,False,2022-05-21 08:50:50.738803+00:00,2022-05-21 08:56:00.158022+00:00
1527934947855679488,bucha-de,True,True,False,False,False,False,False,False,False,False,2022-05-21 08:56:00.157920+00:00,2022-05-21 08:56:00.157920+00:00
1527934981430968321,bucha-de,True,True,False,False,False,False,False,False,False,False,2022-05-21 08:56:00.157814+00:00,2022-05-21 08:56:00.157814+00:00
1527935010665275394,bucha-de,True,True,False,False,False,False,False,False,False,False,2022-05-21 08:56:00.157702+00:00,2022-05-21 08:56:00.157702+00:00
1527935282716233728,bucha-de,True,True,False,False,False,False,False,False,False,False,2022-05-21 08:56:00.157535+00:00,2022-05-21 08:56:00.157535+00:00
1527935311082409986,bucha-de,True,True,False,False,False,False,False,False,False,False,2022-05-21 08:56:00.156045+00:00,2022-05-21 08:56:00.156045+00:00
1527935368779247616,bucha-de,True,True,False,False,False,False,False,False,False,False,2022-05-21 08:56:00.155139+00:00,2022-05-21 08:56:00.155139+00:00
1527935410994831361,bucha-de,True,True,False,False,False,False,False,False,False,False,2022-05-21 08:56:00.154989+00:00,2022-05-21 08:56:00.154989+00:00
1527935530477953025,bucha-de,True,True,False,False,False,False,False,False,False,False,2022-05-21 08:56:00.154856+00:00,2022-05-21 08:56:00.154856+00:00
1527935689144381440,bucha-de,True,True,False,False,False,False,False,False,False,False,2022-05-21 08:56:00.153156+00:00,2022-05-21 08:56:00.153156+00:00
1527935910075150336,bucha-de,True,True,False,False,False,False,False,False,False,False,2022-05-21 08:56:00.153049+00:00,2022-05-21 08:56:00.153049+00:00
1527935934951481348,bucha-de,True,True,False,False,False,False,False,False,False,False,2022-05-21 08:56:00.152931+00:00,2022-05-21 08:56:00.152931+00:00
1527936020762730496,bucha-de,True,True,False,False,False,False,False,False,False,False,2022-05-21 08:56:00.152660+00:00,2022-05-21 09:00:57.254617+00:00
1527936281912741888,bucha-de,True,True,False,False,False,False,False,False,False,False,2022-05-21 09:00:57.254523+00:00,2022-05-21 09:00:57.254523+00:00
1527936398757609472,bucha-de,True,True,False,False,False,False,False,False,False,False,2022-05-21 09:00:57.254429+00:00,2022-05-21 09:00:57.254429+00:00
1527936492999528449,bucha-de,True,True,False,False,False,False,False,False,False,False,2022-05-21 09:00:57.254334+00:00,2022-05-21 09:00:57.254334+00:00
1527936598343565313,bucha-de,True,True,False,False,False,False,False,False,False,False,2022-05-21 09:00:57.254237+00:00,2022-05-21 09:00:57.254237+00:00
1527936648826298370,bucha-de,True,False,False,False,False,False,False,False,False,False,2022-05-21 09:56:38.115849+00:00,2022-05-21 09:56:38.115849+00:00
1527936787703799809,bucha-de,True,True,False,False,False,False,False,False,False,False,2022-05-21 09:00:57.254128+00:00,2022-05-21 09:00:57.254128+00:00
1527936838970777604,bucha-de,True,True,False,False,False,False,False,False,False,False,2022-05-21 09:00:57.254025+00:00,2022-05-21 09:00:57.254025+00:00
1527936912954167297,bucha-de,True,True,False,False,False,False,False,False,False,False,2022-05-21 09:00:57.253894+00:00,2022-05-21 09:00:57.253894+00:00
1527937098120052736,bucha-de,True,True,False,False,False,False,False,False,False,False,2022-05-21 09:00:57.253790+00:00,2022-05-21 09:00:57.253790+00:00
1527937173374353408,bucha-de,True,True,False,False,False,False,False,False,False,False,2022-05-21 09:00:57.253683+00:00,2022-05-21 09:00:57.253683+00:00
1527937215434788864,bucha-de,True,True,False,False,False,False,False,False,False,False,2022-05-21 09:00:57.253560+00:00,2022-05-21 09:00:57.253560+00:00
1527937321454141440,bucha-de,True,True,False,False,False,False,False,False,False,False,2022-05-21 09:00:57.253202+00:00,2022-05-21 09:00:57.253202+00:00
1527937336507568129,bucha-de,True,True,False,False,False,False,False,False,False,False,2022-05-21 09:00:57.253083+00:00,2022-05-21 09:00:57.253083+00:00
1527937425409990657,bucha-de,True,True,False,False,False,False,False,False,False,False,2022-05-21 09:00:57.252793+00:00,2022-05-21 09:05:52.582521+00:00
1527937707175038977,bucha-de,True,True,False,False,False,False,False,False,False,False,2022-05-21 09:05:52.582421+00:00,2022-05-21 09:05:52.582421+00:00
1527937848686551041,bucha-de,True,True,False,False,False,False,False,False,False,False,2022-05-21 09:05:52.582304+00:00,2022-05-21 09:05:52.582304+00:00
1527937912263802881,bucha-de,True,True,False,False,False,False,False,False,False,False,2022-05-21 09:05:52.582191+00:00,2022-05-21 09:05:52.582191+00:00
1527937922514751488,bucha-de,True,True,False,False,False,False,False,False,False,False,2022-05-21 09:05:52.582091+00:00,2022-05-21 09:05:52.582091+00:00
1527937973131542530,bucha-de,True,False,False,False,False,False,False,False,False,False,2022-05-21 09:41:02.354610+00:00,2022-05-21 09:41:02.354610+00:00
1527938054538797057,bucha-de,True,True,False,False,False,False,False,False,False,False,2022-05-21 09:05:52.581974+00:00,2022-05-21 09:05:52.581974+00:00
1527938186776875009,bucha-de,True,True,False,False,False,False,False,False,False,False,2022-05-21 09:05:52.581857+00:00,2022-05-21 09:05:52.581857+00:00
1527938533939417088,bucha-de,True,True,False,False,False,False,False,False,False,False,2022-05-21 09:05:52.581747+00:00,2022-05-21 09:05:52.581747+00:00
1527938591254528000,bucha-de,True,True,False,False,False,False,False,False,False,False,2022-05-21 09:05:52.581601+00:00,2022-05-21 09:05:52.581601+00:00
1527938638495076352,bucha-de,True,True,False,False,False,False,False,False,False,False,2022-05-21 09:05:52.581314+00:00,2022-05-21 09:11:05.710645+00:00
1527938846058496000,bucha-de,True,True,False,False,False,False,False,False,False,False,2022-05-21 09:11:05.710542+00:00,2022-05-21 09:11:05.710542+00:00
1527939099084132352,bucha-de,True,True,False,False,False,False,False,False,False,False,2022-05-21 09:11:05.710429+00:00,2022-05-21 09:11:05.710429+00:00
1527939135549358080,bucha-de,True,True,False,False,False,False,False,False,False,False,2022-05-21 09:11:05.710186+00:00,2022-05-21 09:11:05.710186+00:00
1527939532783595520,bucha-de,True,True,False,False,False,False,False,False,False,False,2022-05-21 09:11:05.710068+00:00,2022-05-21 09:11:05.710068+00:00
1527939625813164034,bucha-de,True,False,False,False,False,False,False,False,False,False,2022-05-21 09:16:20.791734+00:00,2022-05-21 09:16:20.791734+00:00
1527939967384682496,bucha-de,True,True,False,False,False,False,False,False,False,False,2022-05-21 09:11:05.709781+00:00,2022-05-21 09:16:20.791288+00:00
1527940048179851264,bucha-de,True,True,False,False,False,False,False,False,False,False,2022-05-21 09:16:20.791113+00:00,2022-05-21 09:16:20.791113+00:00
1527940049366548484,bucha-de,True,True,False,False,False,False,False,False,False,False,2022-05-21 09:16:20.790918+00:00,2022-05-21 09:16:20.790918+00:00
1527940235757330432,bucha-de,True,True,False,False,False,False,False,False,False,False,2022-05-21 09:16:20.790820+00:00,2022-05-21 09:16:20.790820+00:00
1527940355391639553,bucha-de,True,True,False,False,False,False,False,False,False,False,2022-05-21 09:16:20.790720+00:00,2022-05-21 09:16:20.790720+00:00
1527940533452255233,bucha-de,True,True,False,False,False,False,False,False,False,False,2022-05-21 09:16:20.790616+00:00,2022-05-21 09:16:20.790616+00:00
1527940665337946114,bucha-de,True,True,False,False,False,False,False,False,False,False,2022-05-21 09:16:20.790503+00:00,2022-05-21 09:16:20.790503+00:00
1527941222882586625,bucha-de,True,True,False,False,False,False,False,False,False,False,2022-05-21 09:16:20.790246+00:00,2022-05-21 09:20:51.821322+00:00
1527941366659047425,bucha-de,True,False,False,False,False,False,False,False,False,False,2022-05-21 15:10:55.195752+00:00,2022-05-21 15:10:55.195752+00:00
1527941578869940224,bucha-de,True,True,False,False,False,False,False,False,False,False,2022-05-21 09:20:51.821223+00:00,2022-05-21 09:20:51.821223+00:00
1527941804653518848,bucha-de,True,True,False,False,False,False,False,False,False,False,2022-05-21 09:20:51.821122+00:00,2022-05-21 09:20:51.821122+00:00
1527941930444808192,bucha-de,True,True,False,False,False,False,False,False,False,False,2022-05-21 09:20:51.821019+00:00,2022-05-21 09:20:51.821019+00:00
1527941951084961793,bucha-de,True,True,False,False,False,False,False,False,False,False,2022-05-21 09:20:51.820911+00:00,2022-05-21 09:20:51.820911+00:00
1527942161299382272,bucha-de,True,False,False,False,False,False,False,False,False,False,2022-05-21 09:25:54.717488+00:00,2022-05-21 09:25:54.717488+00:00
1527942182476324864,bucha-de,True,True,False,False,False,False,False,False,False,False,2022-05-21 09:20:51.820650+00:00,2022-05-21 09:20:51.820650+00:00
1527942192223997953,bucha-de,True,True,False,False,False,False,False,False,False,False,2022-05-21 09:20:51.820529+00:00,2022-05-21 09:20:51.820529+00:00
1527942233768566784,bucha-de,True,True,False,False,False,False,False,False,False,False,2022-05-21 09:20:51.820278+00:00,2022-05-21 09:25:54.716965+00:00
1527943382441635841,bucha-de,True,True,False,False,False,False,False,False,False,False,2022-05-21 09:25:54.716866+00:00,2022-05-21 09:25:54.716866+00:00
1527943409389998080,bucha-de,True,True,False,False,False,False,False,False,False,False,2022-05-21 09:25:54.716765+00:00,2022-05-21 09:25:54.716765+00:00
1527943444722814976,bucha-de,True,True,False,False,False,False,False,False,False,False,2022-05-21 09:25:54.716653+00:00,2022-05-21 09:25:54.716653+00:00
1527943451106484227,bucha-de,True,True,False,False,False,False,False,False,False,False,2022-05-21 09:25:54.716513+00:00,2022-05-21 09:25:54.716513+00:00
1527943469272285184,bucha-de,True,True,False,False,False,False,False,False,False,False,2022-05-21 09:25:54.716409+00:00,2022-05-21 09:25:54.716409+00:00
1527943491359211520,bucha-de,True,True,False,False,False,False,False,False,False,False,2022-05-21 09:25:54.716300+00:00,2022-05-21 09:25:54.716300+00:00
1527943610578178049,bucha-de,True,True,False,False,False,False,False,False,False,False,2022-05-21 09:25:54.716142+00:00,2022-05-21 09:25:54.716142+00:00
1527943713946750978,bucha-de,True,True,False,False,False,False,False,False,False,False,2022-05-21 09:25:54.715796+00:00,2022-05-21 09:30:52.514496+00:00
1527943720145981443,bucha-de,True,True,False,False,False,False,False,False,False,False,2022-05-21 09:30:52.514392+00:00,2022-05-21 09:30:52.514392+00:00
1527943727720935424,bucha-de,True,True,False,False,False,False,False,False,False,False,2022-05-21 09:30:52.514280+00:00,2022-05-21 09:30:52.514280+00:00
1527944031841525761,bucha-de,True,True,False,False,False,False,False,False,False,False,2022-05-21 09:30:52.514091+00:00,2022-05-21 09:30:52.514091+00:00
1527944180017811456,bucha-de,True,True,False,False,False,False,False,False,False,False,2022-05-21 09:30:52.513237+00:00,2022-05-21 09:30:52.513237+00:00
1527944383181557760,bucha-de,True,False,False,False,False,False,False,False,False,False,2022-05-21 09:56:38.115419+00:00,2022-05-21 09:56:38.115419+00:00
1527944572646694912,bucha-de,True,True,False,False,False,False,False,False,False,False,2022-05-21 09:30:52.513133+00:00,2022-05-21 09:30:52.513133+00:00
1527944579785302016,bucha-de,True,True,False,False,False,False,False,False,False,False,2022-05-21 09:30:52.513028+00:00,2022-05-21 09:30:52.513028+00:00
1527944656641982464,bucha-de,True,True,False,False,False,False,False,False,False,False,2022-05-21 09:30:52.512916+00:00,2022-05-21 09:30:52.512916+00:00
1527944715127209984,bucha-de,True,True,False,False,False,False,False,False,False,False,2022-05-21 09:30:52.512743+00:00,2022-05-21 09:30:52.512743+00:00
1527944845339377666,bucha-de,True,True,False,False,False,False,False,False,False,False,2022-05-21 09:30:52.511725+00:00,2022-05-21 09:35:51.083922+00:00
1527945116979236867,bucha-de,True,True,False,False,False,False,False,False,False,False,2022-05-21 09:35:51.083821+00:00,2022-05-21 09:35:51.083821+00:00
1527945342284705792,bucha-de,True,True,False,False,False,False,False,False,False,False,2022-05-21 09:35:51.083718+00:00,2022-05-21 09:35:51.083718+00:00
1527945605787668481,bucha-de,True,True,False,False,False,False,False,False,False,False,2022-05-21 09:35:51.083614+00:00,2022-05-21 09:35:51.083614+00:00
1527945673303371778,bucha-de,True,True,False,False,False,False,False,False,False,False,2022-05-21 09:35:51.083505+00:00,2022-05-21 09:35:51.083505+00:00
1527945709756067840,bucha-de,True,True,False,False,False,False,False,False,False,False,2022-05-21 09:35:51.083388+00:00,2022-05-21 09:35:51.083388+00:00
1527945837975941120,bucha-de,True,True,False,False,False,False,False,False,False,False,2022-05-21 09:35:51.083119+00:00,2022-05-21 09:41:02.352771+00:00
1527946015910899712,bucha-de,True,False,False,False,False,False,False,False,False,False,2022-05-21 09:56:38.115645+00:00,2022-05-21 09:56:38.115645+00:00
1527946278667264000,bucha-de,True,True,False,False,False,False,False,False,False,False,2022-05-21 09:41:02.352666+00:00,2022-05-21 09:41:02.352666+00:00
1527946321319145473,bucha-de,True,True,False,False,False,False,False,False,False,False,2022-05-21 09:41:02.352546+00:00,2022-05-21 09:41:02.352546+00:00
1527946416903053312,bucha-de,True,True,False,False,False,False,False,False,False,False,2022-05-21 09:41:02.352441+00:00,2022-05-21 09:41:02.352441+00:00
1527946573652574208,bucha-de,True,True,False,False,False,False,False,False,False,False,2022-05-21 09:41:02.352306+00:00,2022-05-21 09:41:02.352306+00:00
1527946632339329024,bucha-de,True,True,False,False,False,False,False,False,False,False,2022-05-21 09:41:02.352203+00:00,2022-05-21 09:41:02.352203+00:00
1527946854109003776,bucha-de,True,True,False,False,False,False,False,False,False,False,2022-05-21 09:41:02.352067+00:00,2022-05-21 09:41:02.352067+00:00
1527946935600136196,bucha-de,True,True,False,False,False,False,False,False,False,False,2022-05-21 09:41:02.351914+00:00,2022-05-21 09:41:02.351914+00:00
1527947188596314113,bucha-de,True,True,False,False,False,False,False,False,False,False,2022-05-21 09:41:02.351809+00:00,2022-05-21 09:41:02.351809+00:00
1527947278090227714,bucha-de,True,True,False,False,False,False,False,False,False,False,2022-05-21 09:41:02.351695+00:00,2022-05-21 09:41:02.351695+00:00
1527947309782384641,bucha-de,True,True,False,False,False,False,False,False,False,False,2022-05-21 09:41:02.351426+00:00,2022-05-21 09:45:57.487688+00:00
1527947885643538432,bucha-de,True,True,False,False,False,False,False,False,False,False,2022-05-21 09:45:57.487591+00:00,2022-05-21 09:45:57.487591+00:00
1527947927209005056,bucha-de,True,True,False,False,False,False,False,False,False,False,2022-05-21 09:45:57.487492+00:00,2022-05-21 09:45:57.487492+00:00
1527948148630601728,bucha-de,True,True,False,False,False,False,False,False,False,False,2022-05-21 09:45:57.487390+00:00,2022-05-21 09:45:57.487390+00:00
1527948174765309953,bucha-de,True,True,False,False,False,False,False,False,False,False,2022-05-21 09:45:57.487285+00:00,2022-05-21 09:45:57.487285+00:00
1527948331384819712,bucha-de,True,True,False,False,False,False,False,False,False,False,2022-05-21 09:45:57.487173+00:00,2022-05-21 09:45:57.487173+00:00
1527948700881981440,bucha-de,True,True,False,False,False,False,False,False,False,False,2022-05-21 09:45:57.486924+00:00,2022-05-21 09:50:52.548102+00:00
1527948767357550593,bucha-de,True,True,False,False,False,False,False,False,False,False,2022-05-21 09:50:52.547957+00:00,2022-05-21 09:50:52.547957+00:00
1527949304794599424,bucha-de,True,False,False,False,False,False,False,False,False,False,2022-05-21 10:26:19.482430+00:00,2022-05-21 10:26:19.482430+00:00
1527949379130253312,bucha-de,True,True,False,False,False,False,False,False,False,False,2022-05-21 09:50:52.547820+00:00,2022-05-21 09:50:52.547820+00:00
1527949909885870080,bucha-de,True,True,False,False,False,False,False,False,False,False,2022-05-21 09:50:52.547542+00:00,2022-05-21 09:56:38.115321+00:00
1527950203113902083,bucha-de,True,True,False,False,False,False,False,False,False,False,2022-05-21 09:56:38.115223+00:00,2022-05-21 09:56:38.115223+00:00
1527950289940230144,bucha-de,True,True,False,False,False,False,False,False,False,False,2022-05-21 09:56:38.115121+00:00,2022-05-21 09:56:38.115121+00:00
1527950499911241728,bucha-de,True,True,False,False,False,False,False,False,False,False,2022-05-21 09:56:38.115021+00:00,2022-05-21 09:56:38.115021+00:00
1527950639984173056,bucha-de,True,True,False,False,False,False,False,False,False,False,2022-05-21 09:56:38.114922+00:00,2022-05-21 09:56:38.114922+00:00
1527950799854346242,bucha-de,True,True,False,False,False,False,False,False,False,False,2022-05-21 09:56:38.114821+00:00,2022-05-21 09:56:38.114821+00:00
1527950993987616769,bucha-de,True,True,False,False,False,False,False,False,False,False,2022-05-21 09:56:38.114718+00:00,2022-05-21 09:56:38.114718+00:00
1527951181338882048,bucha-de,True,True,False,False,False,False,False,False,False,False,2022-05-21 09:56:38.114611+00:00,2022-05-21 09:56:38.114611+00:00
1527951204252278784,bucha-de,True,False,False,False,False,False,False,False,False,False,2022-05-21 10:40:55.253714+00:00,2022-05-21 10:40:55.253714+00:00
1527951261122846720,bucha-de,True,True,False,False,False,False,False,False,False,False,2022-05-21 09:56:38.114493+00:00,2022-05-21 09:56:38.114493+00:00
1527951412520427521,bucha-de,True,True,False,False,False,False,False,False,False,False,2022-05-21 09:56:38.114244+00:00,2022-05-21 10:01:15.181883+00:00
1527951561871302656,bucha-de,True,True,False,False,False,False,False,False,False,False,2022-05-21 10:01:15.181739+00:00,2022-05-21 10:01:15.181739+00:00
1527951777433255937,bucha-de,True,True,False,False,False,False,False,False,False,False,2022-05-21 10:01:15.181610+00:00,2022-05-21 10:01:15.181610+00:00
1527951859784331264,bucha-de,True,True,False,False,False,False,False,False,False,False,2022-05-21 10:01:15.181511+00:00,2022-05-21 10:01:15.181511+00:00
1527951909541355520,bucha-de,True,True,False,False,False,False,False,False,False,False,2022-05-21 10:01:15.181412+00:00,2022-05-21 10:01:15.181412+00:00
1527951938997952513,bucha-de,True,True,False,False,False,False,False,False,False,False,2022-05-21 10:01:15.181295+00:00,2022-05-21 10:01:15.181295+00:00
1527951997873307650,bucha-de,True,True,False,False,False,False,False,False,False,False,2022-05-21 10:01:15.181167+00:00,2022-05-21 10:01:15.181167+00:00
1527952447838294018,bucha-de,True,True,False,False,False,False,False,False,False,False,2022-05-21 10:01:15.180778+00:00,2022-05-21 10:05:52.498264+00:00
1527952900110032900,bucha-de,True,True,False,False,False,False,False,False,False,False,2022-05-21 10:05:52.498157+00:00,2022-05-21 10:05:52.498157+00:00
1527952954963156993,bucha-de,True,True,False,False,False,False,False,False,False,False,2022-05-21 10:05:52.498040+00:00,2022-05-21 10:05:52.498040+00:00
1527953194923466752,bucha-de,True,True,False,False,False,False,False,False,False,False,2022-05-21 10:05:52.497783+00:00,2022-05-21 10:10:51.805851+00:00
1527953633282859009,bucha-de,True,False,False,False,False,False,False,False,False,False,2022-05-21 10:31:31.854282+00:00,2022-05-21 10:31:31.854282+00:00
1527953793756934144,bucha-de,True,True,False,False,False,False,False,False,False,False,2022-05-21 10:10:51.805544+00:00,2022-05-21 10:10:51.805544+00:00
1527953795044593664,bucha-de,True,True,False,False,False,False,False,False,False,False,2022-05-21 10:10:51.805447+00:00,2022-05-21 10:10:51.805447+00:00
1527954418494316545,bucha-de,True,True,False,False,False,False,False,False,False,False,2022-05-21 10:10:51.805293+00:00,2022-05-21 10:10:51.805293+00:00
1527954801203478529,bucha-de,True,True,False,False,False,False,False,False,False,False,2022-05-21 10:10:51.805190+00:00,2022-05-21 10:10:51.805190+00:00
1527954849136103425,bucha-de,True,True,False,False,False,False,False,False,False,False,2022-05-21 10:10:51.805083+00:00,2022-05-21 10:10:51.805083+00:00
1527954899773927424,bucha-de,True,True,False,False,False,False,False,False,False,False,2022-05-21 10:10:51.804967+00:00,2022-05-21 10:10:51.804967+00:00
1527954950239703040,bucha-de,True,True,False,False,False,False,False,False,False,False,2022-05-21 10:10:51.804713+00:00,2022-05-21 10:15:51.598302+00:00
1527955052228485120,bucha-de,True,True,False,False,False,False,False,False,False,False,2022-05-21 10:15:51.598204+00:00,2022-05-21 10:15:51.598204+00:00
1527955146990358528,bucha-de,True,False,False,False,False,False,False,False,False,False,2022-05-21 10:21:24.268302+00:00,2022-05-21 10:21:24.268302+00:00
1527955416080056320,bucha-de,True,True,False,False,False,False,False,False,False,False,2022-05-21 10:15:51.598107+00:00,2022-05-21 10:15:51.598107+00:00
1527955529728942080,bucha-de,True,True,False,False,False,False,False,False,False,False,2022-05-21 10:15:51.598008+00:00,2022-05-21 10:15:51.598008+00:00
1527955588897972224,bucha-de,True,True,False,False,False,False,False,False,False,False,2022-05-21 10:15:51.597909+00:00,2022-05-21 10:15:51.597909+00:00
1527955600776257536,bucha-de,True,True,False,False,False,False,False,False,False,False,2022-05-21 10:15:51.597807+00:00,2022-05-21 10:15:51.597807+00:00
1527955724420128771,bucha-de,True,True,False,False,False,False,False,False,False,False,2022-05-21 10:15:51.597701+00:00,2022-05-21 10:15:51.597701+00:00
1527955777532592132,bucha-de,True,True,False,False,False,False,False,False,False,False,2022-05-21 10:15:51.597568+00:00,2022-05-21 10:15:51.597568+00:00
1527955925432156160,bucha-de,True,True,False,False,False,False,False,False,False,False,2022-05-21 10:15:51.597452+00:00,2022-05-21 10:15:51.597452+00:00
1527956123378130949,bucha-de,True,True,False,False,False,False,False,False,False,False,2022-05-21 10:15:51.597183+00:00,2022-05-21 10:21:24.267654+00:00
1527956788255023106,bucha-de,True,True,False,False,False,False,False,False,False,False,2022-05-21 10:21:24.267550+00:00,2022-05-21 10:21:24.267550+00:00
1527956894048034816,bucha-de,True,True,False,False,False,False,False,False,False,False,2022-05-21 10:21:24.267442+00:00,2022-05-21 10:21:24.267442+00:00
1527956949672906757,bucha-de,True,True,False,False,False,False,False,False,False,False,2022-05-21 10:21:24.267319+00:00,2022-05-21 10:21:24.267319+00:00
1527956996581908483,bucha-de,True,True,False,False,False,False,False,False,False,False,2022-05-21 10:21:24.266195+00:00,2022-05-21 10:21:24.266195+00:00
1527957040068448259,bucha-de,True,True,False,False,False,False,False,False,False,False,2022-05-21 10:21:24.265966+00:00,2022-05-21 10:21:24.265966+00:00
1527957239268577280,bucha-de,True,True,False,False,False,False,False,False,False,False,2022-05-21 10:21:24.265758+00:00,2022-05-21 10:21:24.265758+00:00
1527957282398642176,bucha-de,True,True,False,False,False,False,False,False,False,False,2022-05-21 10:21:24.265497+00:00,2022-05-21 10:26:19.480475+00:00
1527957841088331778,bucha-de,True,True,False,False,False,False,False,False,False,False,2022-05-21 10:26:19.480352+00:00,2022-05-21 10:26:19.480352+00:00
1527958789109997568,bucha-de,True,True,False,False,False,False,False,False,False,False,2022-05-21 10:26:19.478475+00:00,2022-05-21 10:31:31.853591+00:00
1527959604482670592,bucha-de,True,True,False,False,False,False,False,False,False,False,2022-05-21 10:31:31.853485+00:00,2022-05-21 10:31:31.853485+00:00
1527959657305751552,bucha-de,True,True,False,False,False,False,False,False,False,False,2022-05-21 10:31:31.853372+00:00,2022-05-21 10:31:31.853372+00:00
1527959922549342208,bucha-de,True,True,False,False,False,False,False,False,False,False,2022-05-21 10:31:31.853193+00:00,2022-05-21 10:31:31.853193+00:00
1527959925615362050,bucha-de,True,True,False,False,False,False,False,False,False,False,2022-05-21 10:31:31.851905+00:00,2022-05-21 10:31:31.851905+00:00
1527959977264021504,bucha-de,True,True,False,False,False,False,False,False,False,False,2022-05-21 10:31:31.851788+00:00,2022-05-21 10:31:31.851788+00:00
1527960112652079104,bucha-de,True,True,False,False,False,False,False,False,False,False,2022-05-21 10:31:31.851520+00:00,2022-05-21 10:35:52.089069+00:00
1527960244416020480,bucha-de,True,True,False,False,False,False,False,False,False,False,2022-05-21 10:35:52.088745+00:00,2022-05-21 10:35:52.088745+00:00
1527960885154746368,bucha-de,True,True,False,False,False,False,False,False,False,False,2022-05-21 10:35:52.088619+00:00,2022-05-21 10:35:52.088619+00:00
1527961059134517248,bucha-de,True,True,False,False,False,False,False,False,False,False,2022-05-21 10:35:52.087970+00:00,2022-05-21 10:40:55.251955+00:00
1527961095855648768,bucha-de,True,False,False,False,False,False,False,False,False,False,2022-05-21 10:40:55.253188+00:00,2022-05-21 10:40:55.253188+00:00
1527961284817338373,bucha-de,True,False,False,False,False,False,False,False,False,False,2022-05-21 12:02:54.774224+00:00,2022-05-21 12:02:54.774224+00:00
1527961644340584450,bucha-de,True,True,False,False,False,False,False,False,False,False,2022-05-21 10:40:55.251851+00:00,2022-05-21 10:40:55.251851+00:00
1527961823198203905,bucha-de,True,True,False,False,False,False,False,False,False,False,2022-05-21 10:40:55.251743+00:00,2022-05-21 10:40:55.251743+00:00
1527962038236073984,bucha-de,True,True,False,False,False,False,False,False,False,False,2022-05-21 10:40:55.251621+00:00,2022-05-21 10:40:55.251621+00:00
1527962259741413377,bucha-de,True,True,False,False,False,False,False,False,False,False,2022-05-21 10:40:55.251363+00:00,2022-05-21 10:46:27.975989+00:00
1527962403081699328,bucha-de,True,False,False,False,False,False,False,False,False,False,2022-05-21 10:55:51.925234+00:00,2022-05-21 10:55:51.925234+00:00
1527962627888095233,bucha-de,True,True,False,False,False,False,False,False,False,False,2022-05-21 10:46:27.975835+00:00,2022-05-21 10:46:27.975835+00:00
1527963427288797185,bucha-de,True,True,False,False,False,False,False,False,False,False,2022-05-21 10:46:27.975720+00:00,2022-05-21 10:46:27.975720+00:00
1527963497237291008,bucha-de,True,True,False,False,False,False,False,False,False,False,2022-05-21 10:46:27.975550+00:00,2022-05-21 10:46:27.975550+00:00
1527963639545831424,bucha-de,True,False,False,False,False,False,False,False,False,False,2022-05-21 11:06:31.190882+00:00,2022-05-21 11:06:31.190882+00:00
1527963720571404289,bucha-de,True,True,False,False,False,False,False,False,False,False,2022-05-21 10:46:27.975424+00:00,2022-05-21 10:46:27.975424+00:00
1527963803685638144,bucha-de,True,True,False,False,False,False,False,False,False,False,2022-05-21 10:46:27.975057+00:00,2022-05-21 10:50:51.713026+00:00
1527963845368717312,bucha-de,True,False,False,False,False,False,False,False,False,False,2022-05-21 15:20:55.438778+00:00,2022-05-21 15:20:55.438778+00:00
1527964120796082179,bucha-de,True,True,False,False,False,False,False,False,False,False,2022-05-21 10:50:51.712922+00:00,2022-05-21 10:50:51.712922+00:00
1527964709068148736,bucha-de,True,True,False,False,False,False,False,False,False,False,2022-05-21 10:50:51.712811+00:00,2022-05-21 10:50:51.712811+00:00
1527964877016518656,bucha-de,True,True,False,False,False,False,False,False,False,False,2022-05-21 10:50:51.712689+00:00,2022-05-21 10:50:51.712689+00:00
1527965075415478273,bucha-de,True,True,False,False,False,False,False,False,False,False,2022-05-21 10:50:51.712376+00:00,2022-05-21 10:50:51.712376+00:00
1527965260765966339,bucha-de,True,True,False,False,False,False,False,False,False,False,2022-05-21 10:55:51.924790+00:00,2022-05-21 10:55:51.924790+00:00
1527965298481156096,bucha-de,True,True,False,False,False,False,False,False,False,False,2022-05-21 10:55:51.924688+00:00,2022-05-21 10:55:51.924688+00:00
1527965367603183617,bucha-de,True,True,False,False,False,False,False,False,False,False,2022-05-21 10:55:51.924582+00:00,2022-05-21 10:55:51.924582+00:00
1527965736597004288,bucha-de,True,True,False,False,False,False,False,False,False,False,2022-05-21 10:55:51.924416+00:00,2022-05-21 10:55:51.924416+00:00
1527965891475939330,bucha-de,True,True,False,False,False,False,False,False,False,False,2022-05-21 10:55:51.924297+00:00,2022-05-21 10:55:51.924297+00:00
1527966321887137792,bucha-de,True,True,False,False,False,False,False,False,False,False,2022-05-21 10:55:51.923913+00:00,2022-05-21 10:55:51.923913+00:00
1527966754760179712,bucha-de,True,True,False,False,False,False,False,False,False,False,2022-05-21 11:00:55.433527+00:00,2022-05-21 11:00:55.433527+00:00
1527966879045804039,bucha-de,True,True,False,False,False,False,False,False,False,False,2022-05-21 11:00:55.433427+00:00,2022-05-21 11:00:55.433427+00:00
1527966911367204864,bucha-de,True,False,False,False,False,False,False,False,False,False,2022-05-21 11:00:55.433788+00:00,2022-05-21 11:00:55.433788+00:00
1527967075607711744,bucha-de,True,True,False,False,False,False,False,False,False,False,2022-05-21 11:00:55.433325+00:00,2022-05-21 11:00:55.433325+00:00
1527967085116239873,bucha-de,True,True,False,False,False,False,False,False,False,False,2022-05-21 11:00:55.433218+00:00,2022-05-21 11:00:55.433218+00:00
1527967189009145861,bucha-de,True,True,False,False,False,False,False,False,False,False,2022-05-21 11:00:55.433101+00:00,2022-05-21 11:00:55.433101+00:00
1527967466055409664,bucha-de,True,True,False,False,False,False,False,False,False,False,2022-05-21 11:00:55.432839+00:00,2022-05-21 11:06:31.190569+00:00
1527967919493328897,bucha-de,True,True,False,False,False,False,False,False,False,False,2022-05-21 11:06:31.190466+00:00,2022-05-21 11:06:31.190466+00:00
1527967942029193218,bucha-de,True,True,False,False,False,False,False,False,False,False,2022-05-21 11:06:31.190360+00:00,2022-05-21 11:06:31.190360+00:00
1527968006697099264,bucha-de,True,True,False,False,False,False,False,False,False,False,2022-05-21 11:06:31.190202+00:00,2022-05-21 11:06:31.190202+00:00
1527968159524868096,bucha-de,True,True,False,False,False,False,False,False,False,False,2022-05-21 11:06:31.190097+00:00,2022-05-21 11:06:31.190097+00:00
1527968458801045505,bucha-de,True,True,False,False,False,False,False,False,False,False,2022-05-21 11:06:31.189957+00:00,2022-05-21 11:06:31.189957+00:00
1527968511624101890,bucha-de,True,True,False,False,False,False,False,False,False,False,2022-05-21 11:06:31.189544+00:00,2022-05-21 11:10:58.601510+00:00
1527969237796536322,bucha-de,True,True,False,False,False,False,False,False,False,False,2022-05-21 11:10:58.599800+00:00,2022-05-21 11:10:58.599800+00:00
1527969303026442241,bucha-de,True,True,False,False,False,False,False,False,False,False,2022-05-21 11:10:58.599700+00:00,2022-05-21 11:10:58.599700+00:00
1527969505430872072,bucha-de,True,True,False,False,False,False,False,False,False,False,2022-05-21 11:10:58.599597+00:00,2022-05-21 11:10:58.599597+00:00
1527969567594754048,bucha-de,True,True,False,False,False,False,False,False,False,False,2022-05-21 11:10:58.599482+00:00,2022-05-21 11:10:58.599482+00:00
1527969665456214028,bucha-de,True,True,False,False,False,False,False,False,False,False,2022-05-21 11:10:58.599213+00:00,2022-05-21 11:16:53.353106+00:00
1527970177572343809,bucha-de,True,True,False,False,False,False,False,False,False,False,2022-05-21 11:16:53.353009+00:00,2022-05-21 11:16:53.353009+00:00
1527970394770120704,bucha-de,True,True,False,False,False,False,False,False,False,False,2022-05-21 11:16:53.352911+00:00,2022-05-21 11:16:53.352911+00:00
1527970432590176257,bucha-de,True,True,False,False,False,False,False,False,False,False,2022-05-21 11:16:53.352814+00:00,2022-05-21 11:16:53.352814+00:00
1527970441054326785,bucha-de,True,True,False,False,False,False,False,False,False,False,2022-05-21 11:16:53.352716+00:00,2022-05-21 11:16:53.352716+00:00
1527970678703521793,bucha-de,True,True,False,False,False,False,False,False,False,False,2022-05-21 11:16:53.352614+00:00,2022-05-21 11:16:53.352614+00:00
1527970730243248129,bucha-de,True,True,False,False,False,False,False,False,False,False,2022-05-21 11:16:53.352508+00:00,2022-05-21 11:16:53.352508+00:00
1527970795212898304,bucha-de,True,True,False,False,False,False,False,False,False,False,2022-05-21 11:16:53.352368+00:00,2022-05-21 11:16:53.352368+00:00
1527970929166385152,bucha-de,True,True,False,False,False,False,False,False,False,False,2022-05-21 11:16:53.352257+00:00,2022-05-21 11:16:53.352257+00:00
1527971018148614144,bucha-de,True,True,False,False,False,False,False,False,False,False,2022-05-21 11:16:53.352108+00:00,2022-05-21 11:16:53.352108+00:00
1527971107948699648,bucha-de,True,True,False,False,False,False,False,False,False,False,2022-05-21 11:16:53.351671+00:00,2022-05-21 11:20:53.223038+00:00
1527971463487180800,bucha-de,True,False,False,False,False,False,False,False,False,False,2022-05-21 13:49:25.841335+00:00,2022-05-21 13:49:25.841335+00:00
1527971642877652992,bucha-de,True,True,False,False,False,False,False,False,False,False,2022-05-21 11:20:53.222865+00:00,2022-05-21 11:20:53.222865+00:00
1527971964349972481,bucha-de,True,True,False,False,False,False,False,False,False,False,2022-05-21 11:20:53.222610+00:00,2022-05-21 11:25:58.782835+00:00
1527972767483801600,bucha-de,True,True,False,False,False,False,False,False,False,False,2022-05-21 11:25:58.782738+00:00,2022-05-21 11:25:58.782738+00:00
1527973665769500674,bucha-de,True,True,False,False,False,False,False,False,False,False,2022-05-21 11:25:58.782639+00:00,2022-05-21 11:25:58.782639+00:00
1527973722677723142,bucha-de,True,True,False,False,False,False,False,False,False,False,2022-05-21 11:25:58.782535+00:00,2022-05-21 11:25:58.782535+00:00
1527973889468510208,bucha-de,True,True,False,False,False,False,False,False,False,False,2022-05-21 11:25:58.782422+00:00,2022-05-21 11:25:58.782422+00:00
1527973909051723777,bucha-de,True,True,False,False,False,False,False,False,False,False,2022-05-21 11:25:58.782155+00:00,2022-05-21 11:31:08.712146+00:00
1527974049309249536,bucha-de,True,True,False,False,False,False,False,False,False,False,2022-05-21 11:31:08.711910+00:00,2022-05-21 11:31:08.711910+00:00
1527974279060529152,bucha-de,True,True,False,False,False,False,False,False,False,False,2022-05-21 11:31:08.711692+00:00,2022-05-21 11:31:08.711692+00:00
1527974472418054144,bucha-de,True,True,False,False,False,False,False,False,False,False,2022-05-21 11:31:08.711424+00:00,2022-05-21 11:31:08.711424+00:00
1527974815092690944,bucha-de,True,True,False,False,False,False,False,False,False,False,2022-05-21 11:31:08.711102+00:00,2022-05-21 11:35:53.933256+00:00
1527975268882735104,bucha-de,True,True,False,False,False,False,False,False,False,False,2022-05-21 11:35:53.933156+00:00,2022-05-21 11:35:53.933156+00:00
1527975388772716544,bucha-de,True,True,False,False,False,False,False,False,False,False,2022-05-21 11:35:53.933053+00:00,2022-05-21 11:35:53.933053+00:00
1527975510571089920,bucha-de,True,True,False,False,False,False,False,False,False,False,2022-05-21 11:35:53.932918+00:00,2022-05-21 11:35:53.932918+00:00
1527975659036983297,bucha-de,True,True,False,False,False,False,False,False,False,False,2022-05-21 11:35:53.932427+00:00,2022-05-21 11:35:53.932427+00:00
1527976408764624896,bucha-de,True,True,False,False,False,False,False,False,False,False,2022-05-21 11:35:53.932172+00:00,2022-05-21 11:40:54.421629+00:00
1527976409926344704,bucha-de,True,False,False,False,False,False,False,False,False,False,2022-05-21 11:40:54.421885+00:00,2022-05-21 11:40:54.421885+00:00
1527976439575887874,bucha-de,True,True,False,False,False,False,False,False,False,False,2022-05-21 11:40:54.421410+00:00,2022-05-21 11:40:54.421410+00:00
1527976501106335744,bucha-de,True,True,False,False,False,False,False,False,False,False,2022-05-21 11:40:54.421311+00:00,2022-05-21 11:40:54.421311+00:00
1527976818325741570,bucha-de,True,True,False,False,False,False,False,False,False,False,2022-05-21 11:40:54.421210+00:00,2022-05-21 11:40:54.421210+00:00
1527976850848350208,bucha-de,True,True,False,False,False,False,False,False,False,False,2022-05-21 11:40:54.421107+00:00,2022-05-21 11:40:54.421107+00:00
1527976869513117702,bucha-de,True,True,False,False,False,False,False,False,False,False,2022-05-21 11:40:54.420999+00:00,2022-05-21 11:40:54.420999+00:00
1527977151865454593,bucha-de,True,True,False,False,False,False,False,False,False,False,2022-05-21 11:40:54.420882+00:00,2022-05-21 12:02:54.774001+00:00
1527977154645999616,bucha-de,True,True,False,False,False,False,False,False,False,False,2022-05-21 11:40:54.420623+00:00,2022-05-21 12:02:54.773890+00:00
1527977733451661314,bucha-de,True,True,False,False,False,False,False,False,False,False,2022-05-21 12:02:54.773722+00:00,2022-05-21 12:02:54.773722+00:00
1527977738849685505,bucha-de,True,False,False,False,False,False,False,False,False,False,2022-05-21 12:02:54.774788+00:00,2022-05-21 12:02:54.774788+00:00
1527978015510122500,bucha-de,True,True,False,False,False,False,False,False,False,False,2022-05-21 12:02:54.772598+00:00,2022-05-21 12:02:54.772598+00:00
1527978380515475456,bucha-de,True,True,False,False,False,False,False,False,False,False,2022-05-21 12:02:54.772500+00:00,2022-05-21 12:02:54.772500+00:00
1527978450971140096,bucha-de,True,True,False,False,False,False,False,False,False,False,2022-05-21 12:02:54.772402+00:00,2022-05-21 12:02:54.772402+00:00
1527978618630152192,bucha-de,True,True,False,False,False,False,False,False,False,False,2022-05-21 12:02:54.772304+00:00,2022-05-21 12:02:54.772304+00:00
1527978754479382528,bucha-de,True,True,False,False,False,False,False,False,False,False,2022-05-21 12:02:54.772204+00:00,2022-05-21 12:02:54.772204+00:00
1527979110550609924,bucha-de,True,True,False,False,False,False,False,False,False,False,2022-05-21 12:02:54.772100+00:00,2022-05-21 12:02:54.772100+00:00
1527979116099772416,bucha-de,True,True,False,False,False,False,False,False,False,False,2022-05-21 12:02:54.771964+00:00,2022-05-21 12:02:54.771964+00:00
1527979546884165633,bucha-de,True,True,False,False,False,False,False,False,False,False,2022-05-21 12:02:54.771865+00:00,2022-05-21 12:02:54.771865+00:00
1527979635979567106,bucha-de,True,True,False,False,False,False,False,False,False,False,2022-05-21 12:02:54.771761+00:00,2022-05-21 12:02:54.771761+00:00
1527979846810406913,bucha-de,True,True,False,False,False,False,False,False,False,False,2022-05-21 12:02:54.771635+00:00,2022-05-21 12:02:54.771635+00:00
1527979881006514178,bucha-de,True,True,False,False,False,False,False,False,False,False,2022-05-21 12:02:54.771537+00:00,2022-05-21 12:02:54.771537+00:00
1527980081179774977,bucha-de,True,True,False,False,False,False,False,False,False,False,2022-05-21 12:02:54.771438+00:00,2022-05-21 12:02:54.771438+00:00
1527980415906107392,bucha-de,True,True,False,False,False,False,False,False,False,False,2022-05-21 12:02:54.771338+00:00,2022-05-21 12:02:54.771338+00:00
1527981250044100608,bucha-de,True,True,False,False,False,False,False,False,False,False,2022-05-21 12:02:54.771236+00:00,2022-05-21 12:02:54.771236+00:00
1527981493779316736,bucha-de,True,False,False,False,False,False,False,False,False,False,2022-05-21 13:18:12.565693+00:00,2022-05-21 13:18:12.565693+00:00
1527981518123151362,bucha-de,True,True,False,False,False,False,False,False,False,False,2022-05-21 12:02:54.771125+00:00,2022-05-21 12:02:54.771125+00:00
1527981611198861312,bucha-de,True,True,False,False,False,False,False,False,False,False,2022-05-21 12:02:54.771016+00:00,2022-05-21 12:02:54.771016+00:00
1527981670544166912,bucha-de,True,True,False,False,False,False,False,False,False,False,2022-05-21 12:02:54.770832+00:00,2022-05-21 12:02:54.770832+00:00
1527982266697363458,bucha-de,True,True,False,False,False,False,False,False,False,False,2022-05-21 12:02:54.770727+00:00,2022-05-21 12:02:54.770727+00:00
1527982675490836480,bucha-de,True,False,False,False,False,False,False,False,False,False,2022-05-21 13:49:25.841437+00:00,2022-05-21 13:49:25.841437+00:00
1527982719132737537,bucha-de,True,True,False,False,False,False,False,False,False,False,2022-05-21 12:02:54.770610+00:00,2022-05-21 12:02:54.770610+00:00
1527982875102040064,bucha-de,True,True,False,False,False,False,False,False,False,False,2022-05-21 12:02:54.770306+00:00,2022-05-21 13:18:12.564407+00:00
1527983747177537537,bucha-de,True,True,False,False,False,False,False,False,False,False,2022-05-21 13:18:12.564306+00:00,2022-05-21 13:18:12.564306+00:00
1527983771282247680,bucha-de,True,True,False,False,False,False,False,False,False,False,2022-05-21 13:18:12.564195+00:00,2022-05-21 13:18:12.564195+00:00
1527984016229548032,bucha-de,True,True,False,False,False,False,False,False,False,False,2022-05-21 13:18:12.564091+00:00,2022-05-21 13:18:12.564091+00:00
1527984102976241664,bucha-de,True,True,False,False,False,False,False,False,False,False,2022-05-21 13:18:12.563957+00:00,2022-05-21 13:18:12.563957+00:00
1527984755140091906,bucha-de,True,True,False,False,False,False,False,False,False,False,2022-05-21 13:18:12.563859+00:00,2022-05-21 13:18:12.563859+00:00
1527985087156994053,bucha-de,True,True,False,False,False,False,False,False,False,False,2022-05-21 13:18:12.563756+00:00,2022-05-21 13:18:12.563756+00:00
1527985805406478336,bucha-de,True,True,False,False,False,False,False,False,False,False,2022-05-21 13:18:12.563657+00:00,2022-05-21 13:18:12.563657+00:00
1527986154716467201,bucha-de,True,True,False,False,False,False,False,False,False,False,2022-05-21 13:18:12.563550+00:00,2022-05-21 13:18:12.563550+00:00
1527986200484749312,bucha-de,True,True,False,False,False,False,False,False,False,False,2022-05-21 13:18:12.563385+00:00,2022-05-21 13:18:12.563385+00:00
1527986652555395072,bucha-de,True,True,False,False,False,False,False,False,False,False,2022-05-21 13:18:12.563291+00:00,2022-05-21 13:18:12.563291+00:00
1527987044655542274,bucha-de,True,True,False,False,False,False,False,False,False,False,2022-05-21 13:18:12.563184+00:00,2022-05-21 13:18:12.563184+00:00
1527987057972371457,bucha-de,True,True,False,False,False,False,False,False,False,False,2022-05-21 13:18:12.563086+00:00,2022-05-21 13:18:12.563086+00:00
1527987251996762113,bucha-de,True,True,False,False,False,False,False,False,False,False,2022-05-21 13:18:12.562988+00:00,2022-05-21 13:18:12.562988+00:00
1527987285316231168,bucha-de,True,True,False,False,False,False,False,False,False,False,2022-05-21 13:18:12.562887+00:00,2022-05-21 13:18:12.562887+00:00
1527987595522752512,bucha-de,True,True,False,False,False,False,False,False,False,False,2022-05-21 13:18:12.562765+00:00,2022-05-21 13:18:12.562765+00:00
1527987853468348417,bucha-de,True,True,False,False,False,False,False,False,False,False,2022-05-21 13:18:12.562668+00:00,2022-05-21 13:18:12.562668+00:00
1527987885785456640,bucha-de,True,True,False,False,False,False,False,False,False,False,2022-05-21 13:18:12.562569+00:00,2022-05-21 13:18:12.562569+00:00
1527987925606182912,bucha-de,True,True,False,False,False,False,False,False,False,False,2022-05-21 13:18:12.562398+00:00,2022-05-21 13:18:12.562398+00:00
1527988412132777985,bucha-de,True,True,False,False,False,False,False,False,False,False,2022-05-21 13:18:12.562300+00:00,2022-05-21 13:18:12.562300+00:00
1527988426691297280,bucha-de,True,True,False,False,False,False,False,False,False,False,2022-05-21 13:18:12.562195+00:00,2022-05-21 13:18:12.562195+00:00
1527988479283671040,bucha-de,True,True,False,False,False,False,False,False,False,False,2022-05-21 13:18:12.562083+00:00,2022-05-21 13:18:12.562083+00:00
1527988675270873090,bucha-de,True,True,False,False,False,False,False,False,False,False,2022-05-21 13:18:12.561973+00:00,2022-05-21 13:18:12.561973+00:00
1527988821102575616,bucha-de,True,True,False,False,False,False,False,False,False,False,2022-05-21 13:18:12.561875+00:00,2022-05-21 13:18:12.561875+00:00
1527989030884884481,bucha-de,True,False,False,False,False,False,False,False,False,False,2022-05-21 13:18:12.565879+00:00,2022-05-21 13:18:12.565879+00:00
1527989280492118017,bucha-de,True,True,False,False,False,False,False,False,False,False,2022-05-21 13:18:12.561766+00:00,2022-05-21 13:18:12.561766+00:00
1527989281314291712,bucha-de,True,True,False,False,False,False,False,False,False,False,2022-05-21 13:18:12.561669+00:00,2022-05-21 13:18:12.561669+00:00
1527989647258812417,bucha-de,True,True,False,False,False,False,False,False,False,False,2022-05-21 13:18:12.561572+00:00,2022-05-21 13:18:12.561572+00:00
1527989871498993666,bucha-de,True,True,False,False,False,False,False,False,False,False,2022-05-21 13:18:12.561458+00:00,2022-05-21 13:18:12.561458+00:00
1527990009814450177,bucha-de,True,True,False,False,False,False,False,False,False,False,2022-05-21 13:18:12.561365+00:00,2022-05-21 13:18:12.561365+00:00
1527990338442379266,bucha-de,True,True,False,False,False,False,False,False,False,False,2022-05-21 13:18:12.561272+00:00,2022-05-21 13:18:12.561272+00:00
1527990446047338496,bucha-de,True,False,False,False,False,False,False,False,False,False,2022-05-21 13:18:12.566889+00:00,2022-05-21 13:18:12.566889+00:00
1527990541421629445,bucha-de,True,True,False,False,False,False,False,False,False,False,2022-05-21 13:18:12.561162+00:00,2022-05-21 13:18:12.561162+00:00
1527990654772576257,bucha-de,True,True,False,False,False,False,False,False,False,False,2022-05-21 13:18:12.561065+00:00,2022-05-21 13:18:12.561065+00:00
1527990707977322496,bucha-de,True,True,False,False,False,False,False,False,False,False,2022-05-21 13:18:12.560967+00:00,2022-05-21 13:18:12.560967+00:00
1527990766030798848,bucha-de,True,True,False,False,False,False,False,False,False,False,2022-05-21 13:18:12.560868+00:00,2022-05-21 13:18:12.560868+00:00
1527990801468375040,bucha-de,True,True,False,False,False,False,False,False,False,False,2022-05-21 13:18:12.560751+00:00,2022-05-21 13:18:12.560751+00:00
1527991298824851461,bucha-de,True,True,False,False,False,False,False,False,False,False,2022-05-21 13:18:12.560654+00:00,2022-05-21 13:18:12.560654+00:00
1527991516521762817,bucha-de,True,True,False,False,False,False,False,False,False,False,2022-05-21 13:18:12.560555+00:00,2022-05-21 13:18:12.560555+00:00
1527991548893450240,bucha-de,True,True,False,False,False,False,False,False,False,False,2022-05-21 13:18:12.560452+00:00,2022-05-21 13:18:12.560452+00:00
1527992199245332482,bucha-de,True,True,False,False,False,False,False,False,False,False,2022-05-21 13:18:12.560337+00:00,2022-05-21 13:18:12.560337+00:00
1527993079751385088,bucha-de,True,True,False,False,False,False,False,False,False,False,2022-05-21 13:18:12.560235+00:00,2022-05-21 13:18:12.560235+00:00
1527993192049778688,bucha-de,True,True,False,False,False,False,False,False,False,False,2022-05-21 13:18:12.560126+00:00,2022-05-21 13:18:12.560126+00:00
1527993366939590657,bucha-de,True,True,False,False,False,False,False,False,False,False,2022-05-21 13:18:12.560026+00:00,2022-05-21 13:18:12.560026+00:00
1527993446434320384,bucha-de,True,True,False,False,False,False,False,False,False,False,2022-05-21 13:18:12.559912+00:00,2022-05-21 13:18:12.559912+00:00
1527993521919168512,bucha-de,True,True,False,False,False,False,False,False,False,False,2022-05-21 13:18:12.559814+00:00,2022-05-21 13:18:12.559814+00:00
1527993897674235905,bucha-de,True,True,False,False,False,False,False,False,False,False,2022-05-21 13:18:12.559714+00:00,2022-05-21 13:18:12.559714+00:00
1527994139840851968,bucha-de,True,True,False,False,False,False,False,False,False,False,2022-05-21 13:18:12.559611+00:00,2022-05-21 13:18:12.559611+00:00
1527994527117676546,bucha-de,True,True,False,False,False,False,False,False,False,False,2022-05-21 13:18:12.559432+00:00,2022-05-21 13:18:12.559432+00:00
1527995182234337283,bucha-de,True,True,False,False,False,False,False,False,False,False,2022-05-21 13:18:12.559338+00:00,2022-05-21 13:18:12.559338+00:00
1527995208335597573,bucha-de,True,True,False,False,False,False,False,False,False,False,2022-05-21 13:18:12.559244+00:00,2022-05-21 13:18:12.559244+00:00
1527995264979685377,bucha-de,True,True,False,False,False,False,False,False,False,False,2022-05-21 13:18:12.559148+00:00,2022-05-21 13:18:12.559148+00:00
1527995352569331713,bucha-de,True,True,False,False,False,False,False,False,False,False,2022-05-21 13:18:12.559051+00:00,2022-05-21 13:18:12.559051+00:00
1527995396093509632,bucha-de,True,True,False,False,False,False,False,False,False,False,2022-05-21 13:18:12.558937+00:00,2022-05-21 13:18:12.558937+00:00
1527995445569519616,bucha-de,True,True,False,False,False,False,False,False,False,False,2022-05-21 13:18:12.558809+00:00,2022-05-21 13:18:12.558809+00:00
1527995961506770944,bucha-de,True,True,False,False,False,False,False,False,False,False,2022-05-21 13:18:12.558711+00:00,2022-05-21 13:18:12.558711+00:00
1527996257997824007,bucha-de,True,True,False,False,False,False,False,False,False,False,2022-05-21 13:18:12.558596+00:00,2022-05-21 13:18:12.558596+00:00
1527996559891304449,bucha-de,True,True,False,False,False,False,False,False,False,False,2022-05-21 13:18:12.558498+00:00,2022-05-21 13:18:12.558498+00:00
1527996678959157248,bucha-de,True,True,False,False,False,False,False,False,False,False,2022-05-21 13:18:12.558355+00:00,2022-05-21 13:18:12.558355+00:00
1527996732675604480,bucha-de,True,True,False,False,False,False,False,False,False,False,2022-05-21 13:18:12.558261+00:00,2022-05-21 13:18:12.558261+00:00
1527997247413227521,bucha-de,True,True,False,False,False,False,False,False,False,False,2022-05-21 13:18:12.558167+00:00,2022-05-21 13:18:12.558167+00:00
1527997313477648384,bucha-de,True,True,False,False,False,False,False,False,False,False,2022-05-21 13:18:12.558073+00:00,2022-05-21 13:18:12.558073+00:00
1527997757721563137,bucha-de,True,True,False,False,False,False,False,False,False,False,2022-05-21 13:18:12.557966+00:00,2022-05-21 13:18:12.557966+00:00
1527997780349833216,bucha-de,True,True,False,False,False,False,False,False,False,False,2022-05-21 13:18:12.557866+00:00,2022-05-21 13:18:12.557866+00:00
1527998005818834946,bucha-de,True,True,False,False,False,False,False,False,False,False,2022-05-21 13:18:12.557770+00:00,2022-05-21 13:18:12.557770+00:00
1527998075230461952,bucha-de,True,True,False,False,False,False,False,False,False,False,2022-05-21 13:18:12.557673+00:00,2022-05-21 13:18:12.557673+00:00
1527998979627270144,bucha-de,True,True,False,False,False,False,False,False,False,False,2022-05-21 13:18:12.557576+00:00,2022-05-21 13:18:12.557576+00:00
1527999100435812355,bucha-de,True,True,False,False,False,False,False,False,False,False,2022-05-21 13:18:12.557478+00:00,2022-05-21 13:18:12.557478+00:00
1527999303045857287,bucha-de,True,True,False,False,False,False,False,False,False,False,2022-05-21 13:18:12.557380+00:00,2022-05-21 13:18:12.557380+00:00
1527999802994212864,bucha-de,True,True,False,False,False,False,False,False,False,False,2022-05-21 13:18:12.557284+00:00,2022-05-21 13:18:12.557284+00:00
1527999940496080902,bucha-de,True,True,False,False,False,False,False,False,False,False,2022-05-21 13:18:12.557185+00:00,2022-05-21 13:18:12.557185+00:00
1528000024222781440,bucha-de,True,True,False,False,False,False,False,False,False,False,2022-05-21 13:18:12.557086+00:00,2022-05-21 13:18:12.557086+00:00
1528000328305623041,bucha-de,True,True,False,False,False,False,False,False,False,False,2022-05-21 13:18:12.556984+00:00,2022-05-21 13:18:12.556984+00:00
1528000666043617280,bucha-de,True,True,False,False,False,False,False,False,False,False,2022-05-21 13:18:12.556878+00:00,2022-05-21 13:18:12.556878+00:00
1528001107494154248,bucha-de,True,True,False,False,False,False,False,False,False,False,2022-05-21 13:18:12.556772+00:00,2022-05-21 13:18:12.556772+00:00
1528001650220212226,bucha-de,True,True,False,False,False,False,False,False,False,False,2022-05-21 13:18:12.556657+00:00,2022-05-21 13:18:12.556657+00:00
1528001744894058497,bucha-de,True,True,False,False,False,False,False,False,False,False,2022-05-21 13:18:12.556398+00:00,2022-05-21 13:18:12.556398+00:00
1528001885461852162,bucha-de,True,True,False,False,False,False,False,False,False,False,2022-05-21 13:18:12.555862+00:00,2022-05-21 13:18:12.555862+00:00
1528002323263684609,bucha-de,True,False,False,False,False,False,False,False,False,False,2022-05-21 17:56:45.559896+00:00,2022-05-21 17:56:45.559896+00:00
1528002662607749120,bucha-de,True,True,False,False,False,False,False,False,False,False,2022-05-21 13:49:25.840468+00:00,2022-05-21 13:49:25.840468+00:00
1528004273107349504,bucha-de,True,True,False,False,False,False,False,False,False,False,2022-05-21 13:49:25.840372+00:00,2022-05-21 13:49:25.840372+00:00
1528004315444654081,bucha-de,True,True,False,False,False,False,False,False,False,False,2022-05-21 13:49:25.840276+00:00,2022-05-21 13:49:25.840276+00:00
1528004417034850305,bucha-de,True,True,False,False,False,False,False,False,False,False,2022-05-21 13:49:25.840178+00:00,2022-05-21 13:49:25.840178+00:00
1528004642277400581,bucha-de,True,True,False,False,False,False,False,False,False,False,2022-05-21 13:49:25.840078+00:00,2022-05-21 13:49:25.840078+00:00
1528004750322675712,bucha-de,True,True,False,False,False,False,False,False,False,False,2022-05-21 13:49:25.839945+00:00,2022-05-21 13:49:25.839945+00:00
1528005782633078786,bucha-de,True,True,False,False,False,False,False,False,False,False,2022-05-21 13:49:25.839848+00:00,2022-05-21 13:49:25.839848+00:00
1528006234720415745,bucha-de,True,True,False,False,False,False,False,False,False,False,2022-05-21 13:49:25.839746+00:00,2022-05-21 13:49:25.839746+00:00
1528006256845373440,bucha-de,True,True,False,False,False,False,False,False,False,False,2022-05-21 13:49:25.839626+00:00,2022-05-21 13:49:25.839626+00:00
1528007561655508992,bucha-de,True,False,False,False,False,False,False,False,False,False,2022-05-21 14:58:52.861855+00:00,2022-05-21 14:58:52.861855+00:00
1528007590004805632,bucha-de,True,True,False,False,False,False,False,False,False,False,2022-05-21 13:49:25.839521+00:00,2022-05-21 13:49:25.839521+00:00
1528007835287797760,bucha-de,True,True,False,False,False,False,False,False,False,False,2022-05-21 13:49:25.839377+00:00,2022-05-21 13:49:25.839377+00:00
1528008151693414402,bucha-de,True,True,False,False,False,False,False,False,False,False,2022-05-21 13:49:25.839284+00:00,2022-05-21 13:49:25.839284+00:00
1528008248065916931,bucha-de,True,True,False,False,False,False,False,False,False,False,2022-05-21 13:49:25.839190+00:00,2022-05-21 13:49:25.839190+00:00
1528008614975311873,bucha-de,True,True,False,False,False,False,False,False,False,False,2022-05-21 13:49:25.839096+00:00,2022-05-21 13:49:25.839096+00:00
1528008762799308800,bucha-de,True,True,False,False,False,False,False,False,False,False,2022-05-21 13:49:25.838989+00:00,2022-05-21 13:49:25.838989+00:00
1528008857947197440,bucha-de,True,True,False,False,False,False,False,False,False,False,2022-05-21 13:49:25.838891+00:00,2022-05-21 13:49:25.838891+00:00
1528008929602686976,bucha-de,True,False,False,False,False,False,False,False,False,False,2022-05-21 16:30:55.853995+00:00,2022-05-21 16:30:55.853995+00:00
1528008981221986304,bucha-de,True,True,False,False,False,False,False,False,False,False,2022-05-21 13:49:25.838792+00:00,2022-05-21 13:49:25.838792+00:00
1528009135136055302,bucha-de,True,True,False,False,False,False,False,False,False,False,2022-05-21 13:49:25.838675+00:00,2022-05-21 13:49:25.838675+00:00
1528009273942368256,bucha-de,True,True,False,False,False,False,False,False,False,False,2022-05-21 13:49:25.838576+00:00,2022-05-21 13:49:25.838576+00:00
1528009348794011649,bucha-de,True,True,False,False,False,False,False,False,False,False,2022-05-21 13:49:25.838474+00:00,2022-05-21 13:49:25.838474+00:00
1528009575978385409,bucha-de,True,True,False,False,False,False,False,False,False,False,2022-05-21 13:49:25.838369+00:00,2022-05-21 13:49:25.838369+00:00
1528009677627441153,bucha-de,True,True,False,False,False,False,False,False,False,False,2022-05-21 13:49:25.838247+00:00,2022-05-21 13:49:25.838247+00:00
1528009914764906498,bucha-de,True,True,False,False,False,False,False,False,False,False,2022-05-21 13:49:25.837494+00:00,2022-05-21 13:55:53.381363+00:00
1528010452109864960,bucha-de,True,True,False,False,False,False,False,False,False,False,2022-05-21 13:55:53.381262+00:00,2022-05-21 13:55:53.381262+00:00
1528011173119115270,bucha-de,True,True,False,False,False,False,False,False,False,False,2022-05-21 13:55:53.381158+00:00,2022-05-21 13:55:53.381158+00:00
1528011223719190536,bucha-de,True,True,False,False,False,False,False,False,False,False,2022-05-21 13:55:53.381051+00:00,2022-05-21 13:55:53.381051+00:00
1528011277980803074,bucha-de,True,True,False,False,False,False,False,False,False,False,2022-05-21 13:55:53.380929+00:00,2022-05-21 13:55:53.380929+00:00
1528011367915085826,bucha-de,True,True,False,False,False,False,False,False,False,False,2022-05-21 13:55:53.380607+00:00,2022-05-21 14:00:57.081040+00:00
1528011740931403776,bucha-de,True,True,False,False,False,False,False,False,False,False,2022-05-21 14:00:57.080921+00:00,2022-05-21 14:00:57.080921+00:00
1528012091726127107,bucha-de,True,True,False,False,False,False,False,False,False,False,2022-05-21 14:00:57.080816+00:00,2022-05-21 14:00:57.080816+00:00
1528012265693356033,bucha-de,True,True,False,False,False,False,False,False,False,False,2022-05-21 14:00:57.080688+00:00,2022-05-21 14:00:57.080688+00:00
1528012742170386433,bucha-de,True,True,False,False,False,False,False,False,False,False,2022-05-21 14:00:57.080371+00:00,2022-05-21 14:05:58.283229+00:00
1528012993375633414,bucha-de,True,True,False,False,False,False,False,False,False,False,2022-05-21 14:05:58.283126+00:00,2022-05-21 14:05:58.283126+00:00
1528013465511776257,bucha-de,True,True,False,False,False,False,False,False,False,False,2022-05-21 14:05:58.282999+00:00,2022-05-21 14:05:58.282999+00:00
1528013513028947976,bucha-de,True,False,False,False,False,False,False,False,False,False,2022-05-21 20:10:55.502575+00:00,2022-05-21 20:10:55.502575+00:00
1528013946472611843,bucha-de,True,True,False,False,False,False,False,False,False,False,2022-05-21 14:05:58.282673+00:00,2022-05-21 14:13:56.530473+00:00
1528014327835402240,bucha-de,True,False,False,False,False,False,False,False,False,False,2022-05-21 16:30:55.853589+00:00,2022-05-21 16:30:55.853589+00:00
1528014785194991616,bucha-de,True,True,False,False,False,False,False,False,False,False,2022-05-21 14:13:56.530357+00:00,2022-05-21 14:13:56.530357+00:00
1528015004561285120,bucha-de,True,True,False,False,False,False,False,False,False,False,2022-05-21 14:13:56.530250+00:00,2022-05-21 14:13:56.530250+00:00
1528015134836367361,bucha-de,True,True,False,False,False,False,False,False,False,False,2022-05-21 14:13:56.530118+00:00,2022-05-21 14:13:56.530118+00:00
1528015588659974146,bucha-de,True,True,False,False,False,False,False,False,False,False,2022-05-21 14:13:56.529836+00:00,2022-05-21 14:15:55.218447+00:00
1528016582294781953,bucha-de,True,True,False,False,False,False,False,False,False,False,2022-05-21 14:15:55.218196+00:00,2022-05-21 14:20:52.802563+00:00
1528016700142194688,bucha-de,True,True,False,False,False,False,False,False,False,False,2022-05-21 14:20:52.802454+00:00,2022-05-21 14:20:52.802454+00:00
1528016807004618754,bucha-de,True,True,False,False,False,False,False,False,False,False,2022-05-21 14:20:52.802272+00:00,2022-05-21 14:20:52.802272+00:00
1528016958586765312,bucha-de,True,True,False,False,False,False,False,False,False,False,2022-05-21 14:20:52.802055+00:00,2022-05-21 14:20:52.802055+00:00
1528017141315821570,bucha-de,True,True,False,False,False,False,False,False,False,False,2022-05-21 14:20:52.801944+00:00,2022-05-21 14:20:52.801944+00:00
1528017934194552832,bucha-de,True,True,False,False,False,False,False,False,False,False,2022-05-21 14:20:52.801687+00:00,2022-05-21 14:25:58.013691+00:00
1528017992109391875,bucha-de,True,True,False,False,False,False,False,False,False,False,2022-05-21 14:25:58.013586+00:00,2022-05-21 14:25:58.013586+00:00
1528018169297874950,bucha-de,True,True,False,False,False,False,False,False,False,False,2022-05-21 14:25:58.013478+00:00,2022-05-21 14:25:58.013478+00:00
1528018485120581639,bucha-de,True,True,False,False,False,False,False,False,False,False,2022-05-21 14:25:58.013359+00:00,2022-05-21 14:25:58.013359+00:00
1528018845084094464,bucha-de,True,True,False,False,False,False,False,False,False,False,2022-05-21 14:25:58.013086+00:00,2022-05-21 14:30:56.297221+00:00
1528019243861778432,bucha-de,True,True,False,False,False,False,False,False,False,False,2022-05-21 14:30:56.297109+00:00,2022-05-21 14:30:56.297109+00:00
1528019943907897344,bucha-de,True,True,False,False,False,False,False,False,False,False,2022-05-21 14:30:56.297003+00:00,2022-05-21 14:30:56.297003+00:00
1528020246971285505,bucha-de,True,True,False,False,False,False,False,False,False,False,2022-05-21 14:30:56.296887+00:00,2022-05-21 14:30:56.296887+00:00
1528020311517679616,bucha-de,True,True,False,False,False,False,False,False,False,False,2022-05-21 14:30:56.296610+00:00,2022-05-21 14:35:56.358558+00:00
1528020483530268672,bucha-de,True,True,False,False,False,False,False,False,False,False,2022-05-21 14:35:56.358275+00:00,2022-05-21 14:35:56.358275+00:00
1528020554460061697,bucha-de,True,True,False,False,False,False,False,False,False,False,2022-05-21 14:35:56.358098+00:00,2022-05-21 14:35:56.358098+00:00
1528021044761710593,bucha-de,True,True,False,False,False,False,False,False,False,False,2022-05-21 14:35:56.357920+00:00,2022-05-21 14:35:56.357920+00:00
1528021242955157504,bucha-de,True,True,False,False,False,False,False,False,False,False,2022-05-21 14:35:56.357720+00:00,2022-05-21 14:35:56.357720+00:00
1528021445464432641,bucha-de,True,True,False,False,False,False,False,False,False,False,2022-05-21 14:35:56.357500+00:00,2022-05-21 14:35:56.357500+00:00
1528021527505010695,bucha-de,True,False,False,False,False,False,False,False,False,False,2022-05-21 14:40:53.025029+00:00,2022-05-21 14:40:53.025029+00:00
1528021662754648067,bucha-de,True,True,False,False,False,False,False,False,False,False,2022-05-21 14:35:56.357248+00:00,2022-05-21 14:40:53.024850+00:00
1528022021573050368,bucha-de,True,True,False,False,False,False,False,False,False,False,2022-05-21 14:40:53.024647+00:00,2022-05-21 14:40:53.024647+00:00
1528022161012686848,bucha-de,True,True,False,False,False,False,False,False,False,False,2022-05-21 14:40:53.024385+00:00,2022-05-21 14:45:54.322232+00:00
1528023037223784448,bucha-de,True,True,False,False,False,False,False,False,False,False,2022-05-21 14:45:54.322131+00:00,2022-05-21 14:45:54.322131+00:00
1528023075882688512,bucha-de,True,True,False,False,False,False,False,False,False,False,2022-05-21 14:45:54.322014+00:00,2022-05-21 14:45:54.322014+00:00
1528023288886317056,bucha-de,True,True,False,False,False,False,False,False,False,False,2022-05-21 14:45:54.321397+00:00,2022-05-21 14:45:54.321397+00:00
1528023415143161858,bucha-de,True,True,False,False,False,False,False,False,False,False,2022-05-21 14:45:54.321280+00:00,2022-05-21 14:45:54.321280+00:00
1528023546500374528,bucha-de,True,True,False,False,False,False,False,False,False,False,2022-05-21 14:45:54.321143+00:00,2022-05-21 14:45:54.321143+00:00
1528023807214206976,bucha-de,True,True,False,False,False,False,False,False,False,False,2022-05-21 14:45:54.320305+00:00,2022-05-21 14:51:00.417401+00:00
1528024679880998912,bucha-de,True,True,False,False,False,False,False,False,False,False,2022-05-21 14:51:00.417266+00:00,2022-05-21 14:51:00.417266+00:00
1528024839793016833,bucha-de,True,True,False,False,False,False,False,False,False,False,2022-05-21 14:51:00.417147+00:00,2022-05-21 14:51:00.417147+00:00
1528024897343168513,bucha-de,True,True,False,False,False,False,False,False,False,False,2022-05-21 14:51:00.417024+00:00,2022-05-21 14:51:00.417024+00:00
1528025411644440577,bucha-de,True,True,False,False,False,False,False,False,False,False,2022-05-21 14:51:00.416710+00:00,2022-05-21 14:58:52.861453+00:00
1528025622508969986,bucha-de,True,True,False,False,False,False,False,False,False,False,2022-05-21 14:58:52.861358+00:00,2022-05-21 14:58:52.861358+00:00
1528025625260335105,bucha-de,True,True,False,False,False,False,False,False,False,False,2022-05-21 14:58:52.861264+00:00,2022-05-21 14:58:52.861264+00:00
1528025649839063046,bucha-de,True,True,False,False,False,False,False,False,False,False,2022-05-21 14:58:52.861153+00:00,2022-05-21 14:58:52.861153+00:00
1528025655828529157,bucha-de,True,True,False,False,False,False,False,False,False,False,2022-05-21 14:58:52.861052+00:00,2022-05-21 14:58:52.861052+00:00
1528025935429226497,bucha-de,True,True,False,False,False,False,False,False,False,False,2022-05-21 14:58:52.860943+00:00,2022-05-21 14:58:52.860943+00:00
1528025947068321798,bucha-de,True,True,False,False,False,False,False,False,False,False,2022-05-21 14:58:52.860841+00:00,2022-05-21 14:58:52.860841+00:00
1528026136558567427,bucha-de,True,True,False,False,False,False,False,False,False,False,2022-05-21 14:58:52.860732+00:00,2022-05-21 14:58:52.860732+00:00
1528026742593662977,bucha-de,True,True,False,False,False,False,False,False,False,False,2022-05-21 14:58:52.860609+00:00,2022-05-21 14:58:52.860609+00:00
1528026798973456385,bucha-de,True,True,False,False,False,False,False,False,False,False,2022-05-21 14:58:52.860500+00:00,2022-05-21 14:58:52.860500+00:00
1528026849292558338,bucha-de,True,True,False,False,False,False,False,False,False,False,2022-05-21 14:58:52.860378+00:00,2022-05-21 14:58:52.860378+00:00
1528027223852187649,bucha-de,True,True,False,False,False,False,False,False,False,False,2022-05-21 14:58:52.860095+00:00,2022-05-21 15:00:55.131803+00:00
1528027549783281665,bucha-de,True,False,False,False,False,False,False,False,False,False,2022-05-21 15:10:55.195853+00:00,2022-05-21 15:10:55.195853+00:00
1528027823302225925,bucha-de,True,True,False,False,False,False,False,False,False,False,2022-05-21 15:00:55.131552+00:00,2022-05-21 15:05:56.130667+00:00
1528028261879631874,bucha-de,True,True,False,False,False,False,False,False,False,False,2022-05-21 15:05:56.130482+00:00,2022-05-21 15:05:56.130482+00:00
1528028665111531521,bucha-de,True,True,False,False,False,False,False,False,False,False,2022-05-21 15:05:56.130347+00:00,2022-05-21 15:05:56.130347+00:00
1528029074236624897,bucha-de,True,True,False,False,False,False,False,False,False,False,2022-05-21 15:05:56.130076+00:00,2022-05-21 15:10:55.195385+00:00
1528029296949972998,bucha-de,True,True,False,False,False,False,False,False,False,False,2022-05-21 15:10:55.195240+00:00,2022-05-21 15:10:55.195240+00:00
1528029612256677888,bucha-de,True,True,False,False,False,False,False,False,False,False,2022-05-21 15:10:55.195129+00:00,2022-05-21 15:10:55.195129+00:00
1528030264106131457,bucha-de,True,True,False,False,False,False,False,False,False,False,2022-05-21 15:10:55.194984+00:00,2022-05-21 15:10:55.194984+00:00
1528030367789330439,bucha-de,True,True,False,False,False,False,False,False,False,False,2022-05-21 15:10:55.194496+00:00,2022-05-21 15:16:00.811492+00:00
1528030564925722625,bucha-de,True,True,False,False,False,False,False,False,False,False,2022-05-21 15:16:00.811377+00:00,2022-05-21 15:16:00.811377+00:00
1528031758318460929,bucha-de,True,True,False,False,False,False,False,False,False,False,2022-05-21 15:16:00.811104+00:00,2022-05-21 15:20:55.438423+00:00
1528032018600054784,bucha-de,True,True,False,False,False,False,False,False,False,False,2022-05-21 15:20:55.438317+00:00,2022-05-21 15:20:55.438317+00:00
1528032196317036545,bucha-de,True,True,False,False,False,False,False,False,False,False,2022-05-21 15:20:55.438204+00:00,2022-05-21 15:20:55.438204+00:00
1528032395089297408,bucha-de,True,True,False,False,False,False,False,False,False,False,2022-05-21 15:20:55.438055+00:00,2022-05-21 15:20:55.438055+00:00
1528032550450601988,bucha-de,True,True,False,False,False,False,False,False,False,False,2022-05-21 15:20:55.437767+00:00,2022-05-21 15:25:57.003502+00:00
1528034090691317760,bucha-de,True,True,False,False,False,False,False,False,False,False,2022-05-21 15:25:57.003252+00:00,2022-05-21 15:30:55.995681+00:00
1528035027929419776,bucha-de,True,True,False,False,False,False,False,False,False,False,2022-05-21 15:30:55.995564+00:00,2022-05-21 15:30:55.995564+00:00
1528035388375318534,bucha-de,True,True,False,False,False,False,False,False,False,False,2022-05-21 15:30:55.995311+00:00,2022-05-21 15:36:02.344298+00:00
1528036139654840321,bucha-de,True,True,False,False,False,False,False,False,False,False,2022-05-21 15:36:02.344153+00:00,2022-05-21 15:36:02.344153+00:00
1528036395159371776,bucha-de,True,True,False,False,False,False,False,False,False,False,2022-05-21 15:36:02.343847+00:00,2022-05-21 15:42:42.710493+00:00
1528036718133272579,bucha-de,True,False,False,False,False,False,False,False,False,False,2022-05-22 05:36:32.723648+00:00,2022-05-22 05:36:32.723648+00:00
1528037135315517441,bucha-de,True,True,False,False,False,False,False,False,False,False,2022-05-21 15:42:42.710389+00:00,2022-05-21 15:42:42.710389+00:00
1528037691270520835,bucha-de,True,False,False,False,False,False,False,False,False,False,2022-05-21 15:42:42.710737+00:00,2022-05-21 15:42:42.710737+00:00
1528038127381643264,bucha-de,True,True,False,False,False,False,False,False,False,False,2022-05-21 15:42:42.710276+00:00,2022-05-21 15:42:42.710276+00:00
1528038335704625152,bucha-de,True,True,False,False,False,False,False,False,False,False,2022-05-21 15:42:42.710023+00:00,2022-05-21 15:45:54.432320+00:00
1528038840375693312,bucha-de,True,True,False,False,False,False,False,False,False,False,2022-05-21 15:45:54.432064+00:00,2022-05-21 15:50:52.517326+00:00
1528039552727801856,bucha-de,True,True,False,False,False,False,False,False,False,False,2022-05-21 15:50:52.517223+00:00,2022-05-21 15:50:52.517223+00:00
1528039871029334016,bucha-de,True,True,False,False,False,False,False,False,False,False,2022-05-21 15:50:52.517097+00:00,2022-05-21 15:50:52.517097+00:00
1528039974188290048,bucha-de,True,False,False,False,False,False,False,False,False,False,2022-05-21 16:20:57.499145+00:00,2022-05-21 16:20:57.499145+00:00
1528040024251539457,bucha-de,True,True,False,False,False,False,False,False,False,False,2022-05-21 15:50:52.516847+00:00,2022-05-21 15:55:58.993225+00:00
1528040667250819072,bucha-de,True,True,False,False,False,False,False,False,False,False,2022-05-21 15:55:58.993125+00:00,2022-05-21 15:55:58.993125+00:00
1528040908536569857,bucha-de,True,True,False,False,False,False,False,False,False,False,2022-05-21 15:55:58.993021+00:00,2022-05-21 15:55:58.993021+00:00
1528041002010824704,bucha-de,True,True,False,False,False,False,False,False,False,False,2022-05-21 15:55:58.992901+00:00,2022-05-21 15:55:58.992901+00:00
1528041593839697926,bucha-de,True,True,False,False,False,False,False,False,False,False,2022-05-21 15:55:58.992606+00:00,2022-05-21 16:00:57.423745+00:00
1528041880608718848,bucha-de,True,True,False,False,False,False,False,False,False,False,2022-05-21 16:00:57.423642+00:00,2022-05-21 16:00:57.423642+00:00
1528042034002595848,bucha-de,True,True,False,False,False,False,False,False,False,False,2022-05-21 16:00:57.423535+00:00,2022-05-21 16:00:57.423535+00:00
1528042081637257219,bucha-de,True,True,False,False,False,False,False,False,False,False,2022-05-21 16:00:57.423419+00:00,2022-05-21 16:00:57.423419+00:00
1528042535754649603,bucha-de,True,True,False,False,False,False,False,False,False,False,2022-05-21 16:00:57.423158+00:00,2022-05-21 16:05:53.310418+00:00
1528042577357901824,bucha-de,True,False,False,False,False,False,False,False,False,False,2022-05-22 07:01:01.220823+00:00,2022-05-22 07:01:01.220823+00:00
1528042612992647169,bucha-de,True,False,False,False,False,False,False,False,False,False,2022-05-21 19:11:00.783304+00:00,2022-05-21 19:11:00.783304+00:00
1528043339639136257,bucha-de,True,True,False,False,False,False,False,False,False,False,2022-05-21 16:05:53.310317+00:00,2022-05-21 16:05:53.310317+00:00
1528043771291742209,bucha-de,True,True,False,False,False,False,False,False,False,False,2022-05-21 16:05:53.310212+00:00,2022-05-21 16:05:53.310212+00:00
1528043851436654592,bucha-de,True,True,False,False,False,False,False,False,False,False,2022-05-21 16:05:53.310092+00:00,2022-05-21 16:05:53.310092+00:00
1528044313900421122,bucha-de,True,True,False,False,False,False,False,False,False,False,2022-05-21 16:05:53.309780+00:00,2022-05-21 16:10:57.474822+00:00
1528044511913562112,bucha-de,True,True,False,False,False,False,False,False,False,False,2022-05-21 16:10:57.474715+00:00,2022-05-21 16:10:57.474715+00:00
1528045054190931970,bucha-de,True,True,False,False,False,False,False,False,False,False,2022-05-21 16:10:57.474594+00:00,2022-05-21 16:10:57.474594+00:00
1528045193789833218,bucha-de,True,True,False,False,False,False,False,False,False,False,2022-05-21 16:10:57.474315+00:00,2022-05-21 16:16:03.999209+00:00
1528045751351246849,bucha-de,True,True,False,False,False,False,False,False,False,False,2022-05-21 16:16:03.998961+00:00,2022-05-21 16:16:03.998961+00:00
1528045922747555840,bucha-de,True,True,False,False,False,False,False,False,False,False,2022-05-21 16:16:03.998699+00:00,2022-05-21 16:20:57.498872+00:00
1528047034489524226,bucha-de,True,True,False,False,False,False,False,False,False,False,2022-05-21 16:20:57.498760+00:00,2022-05-21 16:20:57.498760+00:00
1528047094321258498,bucha-de,True,True,False,False,False,False,False,False,False,False,2022-05-21 16:20:57.498602+00:00,2022-05-21 16:20:57.498602+00:00
1528047560006443008,bucha-de,True,True,False,False,False,False,False,False,False,False,2022-05-21 16:20:57.498360+00:00,2022-05-21 16:27:00.976377+00:00
1528048258253307907,bucha-de,True,True,False,False,False,False,False,False,False,False,2022-05-21 16:27:00.976260+00:00,2022-05-21 16:27:00.976260+00:00
1528048754527543298,bucha-de,True,False,False,False,False,False,False,False,False,False,2022-05-21 16:45:58.919447+00:00,2022-05-21 16:45:58.919447+00:00
1528049190873534465,bucha-de,True,True,False,False,False,False,False,False,False,False,2022-05-21 16:27:00.975983+00:00,2022-05-21 16:27:00.975983+00:00
1528049341667106817,bucha-de,True,True,False,False,False,False,False,False,False,False,2022-05-21 16:27:00.975713+00:00,2022-05-21 16:30:55.853491+00:00
1528049775249072129,bucha-de,True,True,False,False,False,False,False,False,False,False,2022-05-21 16:30:55.853391+00:00,2022-05-21 16:30:55.853391+00:00
1528050182880911362,bucha-de,True,True,False,False,False,False,False,False,False,False,2022-05-21 16:30:55.853288+00:00,2022-05-21 16:30:55.853288+00:00
1528050232839311360,bucha-de,True,True,False,False,False,False,False,False,False,False,2022-05-21 16:30:55.853173+00:00,2022-05-21 16:30:55.853173+00:00
1528050299604283394,bucha-de,True,True,False,False,False,False,False,False,False,False,2022-05-21 16:30:55.852913+00:00,2022-05-21 16:36:04.446606+00:00
1528050994034184193,bucha-de,True,True,False,False,False,False,False,False,False,False,2022-05-21 16:36:04.446482+00:00,2022-05-21 16:36:04.446482+00:00
1528051328345329669,bucha-de,True,True,False,False,False,False,False,False,False,False,2022-05-21 16:36:04.446155+00:00,2022-05-21 16:40:58.513833+00:00
1528052289721843713,bucha-de,True,True,False,False,False,False,False,False,False,False,2022-05-21 16:40:58.513579+00:00,2022-05-21 16:45:58.919214+00:00
1528053287869636609,bucha-de,True,True,False,False,False,False,False,False,False,False,2022-05-21 16:45:58.919098+00:00,2022-05-21 16:45:58.919098+00:00
1528053373651542018,bucha-de,True,True,False,False,False,False,False,False,False,False,2022-05-21 16:45:58.918815+00:00,2022-05-21 17:01:01.465716+00:00
1528057209485250560,bucha-de,True,True,False,False,False,False,False,False,False,False,2022-05-21 17:01:01.465414+00:00,2022-05-21 17:06:01.062993+00:00
1528058866440802304,bucha-de,True,True,False,False,False,False,False,False,False,False,2022-05-21 17:06:01.062714+00:00,2022-05-21 17:06:01.062714+00:00
1528059401696907265,bucha-de,True,True,False,False,False,False,False,False,False,False,2022-05-21 17:06:01.062452+00:00,2022-05-21 17:12:09.025408+00:00
1528060097305448449,bucha-de,True,True,False,False,False,False,False,False,False,False,2022-05-21 17:12:09.025274+00:00,2022-05-21 17:12:09.025274+00:00
1528060171720740866,bucha-de,True,True,False,False,False,False,False,False,False,False,2022-05-21 17:12:09.024979+00:00,2022-05-21 17:16:07.238190+00:00
1528061126474342403,bucha-de,True,True,False,False,False,False,False,False,False,False,2022-05-21 17:16:07.238068+00:00,2022-05-21 17:16:07.238068+00:00
1528061939770871809,bucha-de,True,True,False,False,False,False,False,False,False,False,2022-05-21 17:16:07.237740+00:00,2022-05-21 17:20:52.885349+00:00
1528062865730674689,bucha-de,True,True,False,False,False,False,False,False,False,False,2022-05-21 17:20:52.885196+00:00,2022-05-21 17:20:52.885196+00:00
1528062948085743617,bucha-de,True,True,False,False,False,False,False,False,False,False,2022-05-21 17:20:52.884946+00:00,2022-05-21 17:25:58.261661+00:00
1528063846774087680,bucha-de,True,True,False,False,False,False,False,False,False,False,2022-05-21 17:25:58.261549+00:00,2022-05-21 17:25:58.261549+00:00
1528064059760857089,bucha-de,True,True,False,False,False,False,False,False,False,False,2022-05-21 17:25:58.261308+00:00,2022-05-21 17:31:03.734382+00:00
1528064850324332547,bucha-de,True,True,False,False,False,False,False,False,False,False,2022-05-21 17:31:03.734278+00:00,2022-05-21 17:31:03.734278+00:00
1528064982482669568,bucha-de,True,True,False,False,False,False,False,False,False,False,2022-05-21 17:31:03.734171+00:00,2022-05-21 17:31:03.734171+00:00
1528065176079065089,bucha-de,True,True,False,False,False,False,False,False,False,False,2022-05-21 17:31:03.734054+00:00,2022-05-21 17:31:03.734054+00:00
1528065202037612546,bucha-de,True,True,False,False,False,False,False,False,False,False,2022-05-21 17:31:03.733768+00:00,2022-05-21 17:36:02.053084+00:00
1528065871205306368,bucha-de,True,False,False,False,False,False,False,False,False,False,2022-05-21 20:20:58.710738+00:00,2022-05-21 20:20:58.710738+00:00
1528065909834801160,bucha-de,True,True,False,False,False,False,False,False,False,False,2022-05-21 17:36:02.052968+00:00,2022-05-21 17:36:02.052968+00:00
1528066290602201088,bucha-de,True,False,False,False,False,False,False,False,False,False,2022-05-21 18:00:56.589607+00:00,2022-05-21 18:00:56.589607+00:00
1528066603841093633,bucha-de,True,True,False,False,False,False,False,False,False,False,2022-05-21 17:36:02.052701+00:00,2022-05-21 17:45:58.427374+00:00
1528068330321494016,bucha-de,True,True,False,False,False,False,False,False,False,False,2022-05-21 17:45:58.427270+00:00,2022-05-21 17:45:58.427270+00:00
1528068565340921857,bucha-de,True,True,False,False,False,False,False,False,False,False,2022-05-21 17:45:58.427162+00:00,2022-05-21 17:45:58.427162+00:00
1528069001510805504,bucha-de,True,True,False,False,False,False,False,False,False,False,2022-05-21 17:45:58.427046+00:00,2022-05-21 17:45:58.427046+00:00
1528069332336615425,bucha-de,True,True,False,False,False,False,False,False,False,False,2022-05-21 17:45:58.426789+00:00,2022-05-21 17:50:56.958229+00:00
1528069875381506050,bucha-de,True,True,False,False,False,False,False,False,False,False,2022-05-21 17:50:56.958121+00:00,2022-05-21 17:50:56.958121+00:00
1528070040041533440,bucha-de,True,True,False,False,False,False,False,False,False,False,2022-05-21 17:50:56.958004+00:00,2022-05-21 17:50:56.958004+00:00
1528070159357071360,bucha-de,True,False,False,False,False,False,False,False,False,False,2022-05-21 19:16:30.854799+00:00,2022-05-21 19:16:30.854799+00:00
1528070688451575813,bucha-de,True,True,False,False,False,False,False,False,False,False,2022-05-21 17:50:56.957757+00:00,2022-05-21 17:56:45.557855+00:00
1528070833008173056,bucha-de,True,True,False,False,False,False,False,False,False,False,2022-05-21 17:56:45.557732+00:00,2022-05-21 17:56:45.557732+00:00
1528070841530998786,bucha-de,True,True,False,False,False,False,False,False,False,False,2022-05-21 17:56:45.557606+00:00,2022-05-21 17:56:45.557606+00:00
1528071374555815937,bucha-de,True,True,False,False,False,False,False,False,False,False,2022-05-21 17:56:45.557490+00:00,2022-05-21 17:56:45.557490+00:00
1528071743578988547,bucha-de,True,True,False,False,False,False,False,False,False,False,2022-05-21 17:56:45.557207+00:00,2022-05-21 18:00:56.589001+00:00
1528072297701163009,bucha-de,True,True,False,False,False,False,False,False,False,False,2022-05-21 18:00:56.585707+00:00,2022-05-21 18:00:56.585707+00:00
1528072660139352065,bucha-de,True,True,False,False,False,False,False,False,False,False,2022-05-21 18:00:56.585589+00:00,2022-05-21 18:00:56.585589+00:00
1528072720570888192,bucha-de,True,True,False,False,False,False,False,False,False,False,2022-05-21 18:00:56.585487+00:00,2022-05-21 18:00:56.585487+00:00
1528072821640941569,bucha-de,True,False,False,False,False,False,False,False,False,False,2022-05-21 18:51:00.902956+00:00,2022-05-21 18:51:00.902956+00:00
1528072827324317697,bucha-de,True,True,False,False,False,False,False,False,False,False,2022-05-21 18:00:56.585361+00:00,2022-05-21 18:00:56.585361+00:00
1528072932232159232,bucha-de,True,True,False,False,False,False,False,False,False,False,2022-05-21 18:00:56.585248+00:00,2022-05-21 18:00:56.585248+00:00
1528073159735394309,bucha-de,True,True,False,False,False,False,False,False,False,False,2022-05-21 18:00:56.584997+00:00,2022-05-21 18:05:54.925767+00:00
1528074119484428289,bucha-de,True,True,False,False,False,False,False,False,False,False,2022-05-21 18:05:54.925495+00:00,2022-05-21 18:11:00.589220+00:00
1528074690274672642,bucha-de,True,True,False,False,False,False,False,False,False,False,2022-05-21 18:11:00.589040+00:00,2022-05-21 18:11:00.589040+00:00
1528074758339842050,bucha-de,True,True,False,False,False,False,False,False,False,False,2022-05-21 18:11:00.588842+00:00,2022-05-21 18:11:00.588842+00:00
1528074897284530182,bucha-de,True,True,False,False,False,False,False,False,False,False,2022-05-21 18:11:00.588655+00:00,2022-05-21 18:11:00.588655+00:00
1528075373350727681,bucha-de,True,True,False,False,False,False,False,False,False,False,2022-05-21 18:11:00.588418+00:00,2022-05-21 18:11:00.588418+00:00
1528075662497554433,bucha-de,True,True,False,False,False,False,False,False,False,False,2022-05-21 18:11:00.588170+00:00,2022-05-21 18:25:54.117840+00:00
1528078413621239809,bucha-de,True,True,False,False,False,False,False,False,False,False,2022-05-21 18:25:54.117566+00:00,2022-05-21 18:36:05.041546+00:00
1528078986923978757,bucha-de,True,False,False,False,False,False,False,False,False,False,2022-05-21 19:30:57.227810+00:00,2022-05-21 19:30:57.227810+00:00
1528079918269091841,bucha-de,True,False,False,False,False,False,False,False,False,False,2022-05-21 18:41:38.498903+00:00,2022-05-21 18:41:38.498903+00:00
1528081082842767362,bucha-de,True,False,False,False,False,False,False,False,False,False,2022-05-22 08:25:53.113105+00:00,2022-05-22 08:25:53.113105+00:00
1528081353560018945,bucha-de,True,True,False,False,False,False,False,False,False,False,2022-05-21 18:36:05.041426+00:00,2022-05-21 18:36:05.041426+00:00
1528081528571449345,bucha-de,True,True,False,False,False,False,False,False,False,False,2022-05-21 18:36:05.041162+00:00,2022-05-21 18:41:38.498794+00:00
1528082178474663937,bucha-de,True,True,False,False,False,False,False,False,False,False,2022-05-21 18:41:38.498674+00:00,2022-05-21 18:41:38.498674+00:00
1528082718227144704,bucha-de,True,False,False,False,False,False,False,False,False,False,2022-05-22 09:31:23.325438+00:00,2022-05-22 09:31:23.325438+00:00
1528083230313697280,bucha-de,True,True,False,False,False,False,False,False,False,False,2022-05-21 18:41:38.498425+00:00,2022-05-21 18:45:54.589916+00:00
1528084125558743048,bucha-de,True,True,False,False,False,False,False,False,False,False,2022-05-21 18:45:54.589794+00:00,2022-05-21 18:45:54.589794+00:00
1528084362679529475,bucha-de,True,True,False,False,False,False,False,False,False,False,2022-05-21 18:45:54.589679+00:00,2022-05-21 18:45:54.589679+00:00
1528084439330349056,bucha-de,True,True,False,False,False,False,False,False,False,False,2022-05-21 18:45:54.589420+00:00,2022-05-21 18:51:00.902848+00:00
1528084743677517825,bucha-de,True,True,False,False,False,False,False,False,False,False,2022-05-21 18:51:00.902716+00:00,2022-05-21 18:51:00.902716+00:00
1528085204111441920,bucha-de,True,True,False,False,False,False,False,False,False,False,2022-05-21 18:51:00.902366+00:00,2022-05-21 18:51:00.902366+00:00
1528085341973905408,bucha-de,True,True,False,False,False,False,False,False,False,False,2022-05-21 18:51:00.902236+00:00,2022-05-21 18:51:00.902236+00:00
1528085811039707138,bucha-de,True,True,False,False,False,False,False,False,False,False,2022-05-21 18:51:00.901983+00:00,2022-05-21 18:56:09.062356+00:00
1528086025263800321,bucha-de,True,True,False,False,False,False,False,False,False,False,2022-05-21 18:56:09.062207+00:00,2022-05-21 18:56:09.062207+00:00
1528086449190576128,bucha-de,True,True,False,False,False,False,False,False,False,False,2022-05-21 18:56:09.062044+00:00,2022-05-21 18:56:09.062044+00:00
1528086771355074561,bucha-de,True,True,False,False,False,False,False,False,False,False,2022-05-21 18:56:09.061921+00:00,2022-05-21 18:56:09.061921+00:00
1528086992768073737,bucha-de,True,True,False,False,False,False,False,False,False,False,2022-05-21 18:56:09.061636+00:00,2022-05-21 19:01:50.932149+00:00
1528087255562199041,bucha-de,True,True,False,False,False,False,False,False,False,False,2022-05-21 19:01:50.931978+00:00,2022-05-21 19:01:50.931978+00:00
1528087685767876608,bucha-de,True,True,False,False,False,False,False,False,False,False,2022-05-21 19:01:50.931722+00:00,2022-05-21 19:01:50.931722+00:00
1528087874150797312,bucha-de,True,True,False,False,False,False,False,False,False,False,2022-05-21 19:01:50.931595+00:00,2022-05-21 19:01:50.931595+00:00
1528088009475776515,bucha-de,True,True,False,False,False,False,False,False,False,False,2022-05-21 19:01:50.931491+00:00,2022-05-21 19:01:50.931491+00:00
1528088020343263233,bucha-de,True,True,False,False,False,False,False,False,False,False,2022-05-21 19:01:50.931380+00:00,2022-05-21 19:01:50.931380+00:00
1528088154632241152,bucha-de,True,True,False,False,False,False,False,False,False,False,2022-05-21 19:01:50.931232+00:00,2022-05-21 19:01:50.931232+00:00
1528088202774466561,bucha-de,True,True,False,False,False,False,False,False,False,False,2022-05-21 19:01:50.929887+00:00,2022-05-21 19:01:50.929887+00:00
1528088213855805441,bucha-de,True,True,False,False,False,False,False,False,False,False,2022-05-21 19:01:50.929766+00:00,2022-05-21 19:01:50.929766+00:00
1528088234399391744,bucha-de,True,False,False,False,False,False,False,False,False,False,2022-05-21 19:50:55.738132+00:00,2022-05-21 19:50:55.738132+00:00
1528088332323913729,bucha-de,True,True,False,False,False,False,False,False,False,False,2022-05-21 19:01:50.929661+00:00,2022-05-21 19:01:50.929661+00:00
1528088336983904256,bucha-de,True,True,False,False,False,False,False,False,False,False,2022-05-21 19:01:50.929547+00:00,2022-05-21 19:01:50.929547+00:00
1528088590516895749,bucha-de,True,True,False,False,False,False,False,False,False,False,2022-05-21 19:01:50.929295+00:00,2022-05-21 19:05:55.054442+00:00
1528088712378195968,bucha-de,True,True,False,False,False,False,False,False,False,False,2022-05-21 19:05:55.054343+00:00,2022-05-21 19:05:55.054343+00:00
1528088879366127619,bucha-de,True,True,False,False,False,False,False,False,False,False,2022-05-21 19:05:55.054244+00:00,2022-05-21 19:05:55.054244+00:00
1528089064129298432,bucha-de,True,True,False,False,False,False,False,False,False,False,2022-05-21 19:05:55.054111+00:00,2022-05-21 19:05:55.054111+00:00
1528089096891125762,bucha-de,True,True,False,False,False,False,False,False,False,False,2022-05-21 19:05:55.054012+00:00,2022-05-21 19:05:55.054012+00:00
1528089331361107970,bucha-de,True,True,False,False,False,False,False,False,False,False,2022-05-21 19:05:55.053910+00:00,2022-05-21 19:05:55.053910+00:00
1528089432733147136,bucha-de,True,True,False,False,False,False,False,False,False,False,2022-05-21 19:05:55.053798+00:00,2022-05-21 19:05:55.053798+00:00
1528089440069079041,bucha-de,True,True,False,False,False,False,False,False,False,False,2022-05-21 19:05:55.053531+00:00,2022-05-21 19:11:00.783008+00:00
1528089814163234816,bucha-de,True,True,False,False,False,False,False,False,False,False,2022-05-21 19:11:00.782906+00:00,2022-05-21 19:11:00.782906+00:00
1528089822996402176,bucha-de,True,True,False,False,False,False,False,False,False,False,2022-05-21 19:11:00.782787+00:00,2022-05-21 19:11:00.782787+00:00
1528089962788360194,bucha-de,True,False,False,False,False,False,False,False,False,False,2022-05-21 19:25:57.407995+00:00,2022-05-21 19:25:57.407995+00:00
1528090241999028229,bucha-de,True,True,False,False,False,False,False,False,False,False,2022-05-21 19:11:00.782687+00:00,2022-05-21 19:11:00.782687+00:00
1528090242057658368,bucha-de,True,True,False,False,False,False,False,False,False,False,2022-05-21 19:11:00.782587+00:00,2022-05-21 19:11:00.782587+00:00
1528090313570525185,bucha-de,True,True,False,False,False,False,False,False,False,False,2022-05-21 19:11:00.782484+00:00,2022-05-21 19:11:00.782484+00:00
1528090434496610306,bucha-de,True,True,False,False,False,False,False,False,False,False,2022-05-21 19:11:00.782380+00:00,2022-05-21 19:11:00.782380+00:00
1528090437235396614,bucha-de,True,True,False,False,False,False,False,False,False,False,2022-05-21 19:11:00.782275+00:00,2022-05-21 19:11:00.782275+00:00
1528090612620218368,bucha-de,True,True,False,False,False,False,False,False,False,False,2022-05-21 19:11:00.782132+00:00,2022-05-21 19:11:00.782132+00:00
1528090671646654465,bucha-de,True,True,False,False,False,False,False,False,False,False,2022-05-21 19:11:00.782023+00:00,2022-05-21 19:11:00.782023+00:00
1528090847597805568,bucha-de,True,True,False,False,False,False,False,False,False,False,2022-05-21 19:11:00.781886+00:00,2022-05-21 19:11:00.781886+00:00
1528090909866446848,bucha-de,True,True,False,False,False,False,False,False,False,False,2022-05-21 19:11:00.781608+00:00,2022-05-21 19:16:30.854448+00:00
1528091017068568578,bucha-de,True,True,False,False,False,False,False,False,False,False,2022-05-21 19:16:30.854350+00:00,2022-05-21 19:16:30.854350+00:00
1528091059452092416,bucha-de,True,True,False,False,False,False,False,False,False,False,2022-05-21 19:16:30.854251+00:00,2022-05-21 19:16:30.854251+00:00
1528091193623646212,bucha-de,True,True,False,False,False,False,False,False,False,False,2022-05-21 19:16:30.854134+00:00,2022-05-21 19:16:30.854134+00:00
1528091866914344962,bucha-de,True,True,False,False,False,False,False,False,False,False,2022-05-21 19:16:30.854027+00:00,2022-05-21 19:16:30.854027+00:00
1528091943137337345,bucha-de,True,True,False,False,False,False,False,False,False,False,2022-05-21 19:16:30.853926+00:00,2022-05-21 19:16:30.853926+00:00
1528092000188346368,bucha-de,True,True,False,False,False,False,False,False,False,False,2022-05-21 19:16:30.853822+00:00,2022-05-21 19:16:30.853822+00:00
1528092208775286786,bucha-de,True,True,False,False,False,False,False,False,False,False,2022-05-21 19:16:30.853708+00:00,2022-05-21 19:16:30.853708+00:00
1528092276441894914,bucha-de,True,True,False,False,False,False,False,False,False,False,2022-05-21 19:16:30.853461+00:00,2022-05-21 19:21:00.289121+00:00
1528092453454192647,bucha-de,True,True,False,False,False,False,False,False,False,False,2022-05-21 19:21:00.289022+00:00,2022-05-21 19:21:00.289022+00:00
1528092836272414722,bucha-de,True,True,False,False,False,False,False,False,False,False,2022-05-21 19:21:00.288924+00:00,2022-05-21 19:21:00.288924+00:00
1528092969752051712,bucha-de,True,True,False,False,False,False,False,False,False,False,2022-05-21 19:21:00.288826+00:00,2022-05-21 19:21:00.288826+00:00
1528093103957196800,bucha-de,True,True,False,False,False,False,False,False,False,False,2022-05-21 19:21:00.288728+00:00,2022-05-21 19:21:00.288728+00:00
1528093193329328129,bucha-de,True,True,False,False,False,False,False,False,False,False,2022-05-21 19:21:00.288630+00:00,2022-05-21 19:21:00.288630+00:00
1528093226481209345,bucha-de,True,True,False,False,False,False,False,False,False,False,2022-05-21 19:21:00.288531+00:00,2022-05-21 19:21:00.288531+00:00
1528093245246406657,bucha-de,True,True,False,False,False,False,False,False,False,False,2022-05-21 19:21:00.288430+00:00,2022-05-21 19:21:00.288430+00:00
1528093277504905219,bucha-de,True,True,False,False,False,False,False,False,False,False,2022-05-21 19:21:00.288325+00:00,2022-05-21 19:21:00.288325+00:00
1528093306411962370,bucha-de,True,True,False,False,False,False,False,False,False,False,2022-05-21 19:21:00.288199+00:00,2022-05-21 19:21:00.288199+00:00
1528093424372654081,bucha-de,True,True,False,False,False,False,False,False,False,False,2022-05-21 19:21:00.288071+00:00,2022-05-21 19:21:00.288071+00:00
1528093426993987589,bucha-de,True,True,False,False,False,False,False,False,False,False,2022-05-21 19:21:00.287745+00:00,2022-05-21 19:25:57.407747+00:00
1528093729172627467,bucha-de,True,True,False,False,False,False,False,False,False,False,2022-05-21 19:25:57.407621+00:00,2022-05-21 19:25:57.407621+00:00
1528094021016555522,bucha-de,True,True,False,False,False,False,False,False,False,False,2022-05-21 19:25:57.407516+00:00,2022-05-21 19:25:57.407516+00:00
1528094138301829120,bucha-de,True,True,False,False,False,False,False,False,False,False,2022-05-21 19:25:57.407230+00:00,2022-05-21 19:25:57.407230+00:00
1528094217700257792,bucha-de,True,True,False,False,False,False,False,False,False,False,2022-05-21 19:25:57.407127+00:00,2022-05-21 19:25:57.407127+00:00
1528094221965697024,bucha-de,True,True,False,False,False,False,False,False,False,False,2022-05-21 19:25:57.407022+00:00,2022-05-21 19:25:57.407022+00:00
1528094275505889281,bucha-de,True,True,False,False,False,False,False,False,False,False,2022-05-21 19:25:57.406914+00:00,2022-05-21 19:25:57.406914+00:00
1528094511590780928,bucha-de,True,True,False,False,False,False,False,False,False,False,2022-05-21 19:25:57.406794+00:00,2022-05-21 19:25:57.406794+00:00
1528094623104745473,bucha-de,True,True,False,False,False,False,False,False,False,False,2022-05-21 19:25:57.406501+00:00,2022-05-21 19:30:57.227601+00:00
1528094770467377153,bucha-de,True,True,False,False,False,False,False,False,False,False,2022-05-21 19:30:57.227496+00:00,2022-05-21 19:30:57.227496+00:00
1528094851736158209,bucha-de,True,True,False,False,False,False,False,False,False,False,2022-05-21 19:30:57.227328+00:00,2022-05-21 19:30:57.227328+00:00
1528094871487119360,bucha-de,True,True,False,False,False,False,False,False,False,False,2022-05-21 19:30:57.227157+00:00,2022-05-21 19:30:57.227157+00:00
1528094875496898561,bucha-de,True,True,False,False,False,False,False,False,False,False,2022-05-21 19:30:57.226943+00:00,2022-05-21 19:30:57.226943+00:00
1528095140711223296,bucha-de,True,True,False,False,False,False,False,False,False,False,2022-05-21 19:30:57.226837+00:00,2022-05-21 19:30:57.226837+00:00
1528095168376741888,bucha-de,True,False,False,False,False,False,False,False,False,False,2022-05-22 08:35:50.892332+00:00,2022-05-22 08:35:50.892332+00:00
1528095174508806145,bucha-de,True,True,False,False,False,False,False,False,False,False,2022-05-21 19:30:57.226711+00:00,2022-05-21 19:30:57.226711+00:00
1528095203499859971,bucha-de,True,True,False,False,False,False,False,False,False,False,2022-05-21 19:30:57.226605+00:00,2022-05-21 19:30:57.226605+00:00
1528095470442188800,bucha-de,True,True,False,False,False,False,False,False,False,False,2022-05-21 19:30:57.226468+00:00,2022-05-21 19:30:57.226468+00:00
1528095696347439107,bucha-de,True,False,False,False,False,False,False,False,False,False,2022-05-21 19:36:09.024823+00:00,2022-05-21 19:36:09.024823+00:00
1528095718753304578,bucha-de,True,True,False,False,False,False,False,False,False,False,2022-05-21 19:30:57.226277+00:00,2022-05-21 19:30:57.226277+00:00
1528095834889412608,bucha-de,True,False,False,False,False,False,False,False,False,False,2022-05-21 19:36:09.025176+00:00,2022-05-21 19:36:09.025176+00:00
1528095912744067076,bucha-de,True,True,False,False,False,False,False,False,False,False,2022-05-21 19:30:57.226166+00:00,2022-05-21 19:30:57.226166+00:00
1528095938732085248,bucha-de,True,True,False,False,False,False,False,False,False,False,2022-05-21 19:30:57.226017+00:00,2022-05-21 19:30:57.226017+00:00
1528095953458184192,bucha-de,True,True,False,False,False,False,False,False,False,False,2022-05-21 19:30:57.225725+00:00,2022-05-21 19:36:09.024559+00:00
1528096228889739268,bucha-de,True,True,False,False,False,False,False,False,False,False,2022-05-21 19:36:09.024459+00:00,2022-05-21 19:36:09.024459+00:00
1528096329796399106,bucha-de,True,True,False,False,False,False,False,False,False,False,2022-05-21 19:36:09.024359+00:00,2022-05-21 19:36:09.024359+00:00
1528096402269675520,bucha-de,True,True,False,False,False,False,False,False,False,False,2022-05-21 19:36:09.024254+00:00,2022-05-21 19:36:09.024254+00:00
1528096423971012609,bucha-de,True,True,False,False,False,False,False,False,False,False,2022-05-21 19:36:09.024135+00:00,2022-05-21 19:36:09.024135+00:00
1528096490564075521,bucha-de,True,True,False,False,False,False,False,False,False,False,2022-05-21 19:36:09.022342+00:00,2022-05-21 19:36:09.022342+00:00
1528096616296722432,bucha-de,True,True,False,False,False,False,False,False,False,False,2022-05-21 19:36:09.022242+00:00,2022-05-21 19:36:09.022242+00:00
1528096800988663814,bucha-de,True,True,False,False,False,False,False,False,False,False,2022-05-21 19:36:09.022142+00:00,2022-05-21 19:36:09.022142+00:00
1528096842646540293,bucha-de,True,True,False,False,False,False,False,False,False,False,2022-05-21 19:36:09.022017+00:00,2022-05-21 19:36:09.022017+00:00
1528096896933318657,bucha-de,True,True,False,False,False,False,False,False,False,False,2022-05-21 19:36:09.021909+00:00,2022-05-21 19:36:09.021909+00:00
1528097070443282434,bucha-de,True,True,False,False,False,False,False,False,False,False,2022-05-21 19:36:09.021808+00:00,2022-05-21 19:36:09.021808+00:00
1528097110427586564,bucha-de,True,True,False,False,False,False,False,False,False,False,2022-05-21 19:36:09.021702+00:00,2022-05-21 19:36:09.021702+00:00
1528097146326622210,bucha-de,True,True,False,False,False,False,False,False,False,False,2022-05-21 19:36:09.021586+00:00,2022-05-21 19:36:09.021586+00:00
1528097274714374148,bucha-de,True,True,False,False,False,False,False,False,False,False,2022-05-21 19:36:09.021337+00:00,2022-05-21 19:40:59.016807+00:00
1528097317080948742,bucha-de,True,True,False,False,False,False,False,False,False,False,2022-05-21 19:40:59.016664+00:00,2022-05-21 19:40:59.016664+00:00
1528097334877372419,bucha-de,True,True,False,False,False,False,False,False,False,False,2022-05-21 19:40:59.016290+00:00,2022-05-21 19:40:59.016290+00:00
1528097513294639106,bucha-de,True,True,False,False,False,False,False,False,False,False,2022-05-21 19:40:59.016191+00:00,2022-05-21 19:40:59.016191+00:00
1528097618835931136,bucha-de,True,True,False,False,False,False,False,False,False,False,2022-05-21 19:40:59.016083+00:00,2022-05-21 19:40:59.016083+00:00
1528097629787365376,bucha-de,True,True,False,False,False,False,False,False,False,False,2022-05-21 19:40:59.015924+00:00,2022-05-21 19:40:59.015924+00:00
1528097681142337537,bucha-de,True,True,False,False,False,False,False,False,False,False,2022-05-21 19:40:59.015825+00:00,2022-05-21 19:40:59.015825+00:00
1528097766446186501,bucha-de,True,True,False,False,False,False,False,False,False,False,2022-05-21 19:40:59.015723+00:00,2022-05-21 19:40:59.015723+00:00
1528097899577753600,bucha-de,True,True,False,False,False,False,False,False,False,False,2022-05-21 19:40:59.015603+00:00,2022-05-21 19:40:59.015603+00:00
1528098051671441408,bucha-de,True,True,False,False,False,False,False,False,False,False,2022-05-21 19:40:59.015500+00:00,2022-05-21 19:40:59.015500+00:00
1528098252339523584,bucha-de,True,True,False,False,False,False,False,False,False,False,2022-05-21 19:40:59.015385+00:00,2022-05-21 19:40:59.015385+00:00
1528098488927539200,bucha-de,True,True,False,False,False,False,False,False,False,False,2022-05-21 19:40:59.015112+00:00,2022-05-21 19:46:46.365223+00:00
1528098722474864640,bucha-de,True,True,False,False,False,False,False,False,False,False,2022-05-21 19:46:46.365127+00:00,2022-05-21 19:46:46.365127+00:00
1528098874161872896,bucha-de,True,True,False,False,False,False,False,False,False,False,2022-05-21 19:46:46.365031+00:00,2022-05-21 19:46:46.365031+00:00
1528099089728036865,bucha-de,True,True,False,False,False,False,False,False,False,False,2022-05-21 19:46:46.364935+00:00,2022-05-21 19:46:46.364935+00:00
1528099103053332481,bucha-de,True,True,False,False,False,False,False,False,False,False,2022-05-21 19:46:46.364839+00:00,2022-05-21 19:46:46.364839+00:00
1528099201841872898,bucha-de,True,True,False,False,False,False,False,False,False,False,2022-05-21 19:46:46.364740+00:00,2022-05-21 19:46:46.364740+00:00
1528099347317108737,bucha-de,True,True,False,False,False,False,False,False,False,False,2022-05-21 19:46:46.364640+00:00,2022-05-21 19:46:46.364640+00:00
1528099383904026624,bucha-de,True,True,False,False,False,False,False,False,False,False,2022-05-21 19:46:46.364539+00:00,2022-05-21 19:46:46.364539+00:00
1528099436148187136,bucha-de,True,True,False,False,False,False,False,False,False,False,2022-05-21 19:46:46.364422+00:00,2022-05-21 19:46:46.364422+00:00
1528099444138426368,bucha-de,True,True,False,False,False,False,False,False,False,False,2022-05-21 19:46:46.364299+00:00,2022-05-21 19:46:46.364299+00:00
1528099573801033728,bucha-de,True,False,False,False,False,False,False,False,False,False,2022-05-21 20:46:00.683486+00:00,2022-05-21 20:46:00.683486+00:00
1528099711328174083,bucha-de,True,True,False,False,False,False,False,False,False,False,2022-05-21 19:46:46.364139+00:00,2022-05-21 19:46:46.364139+00:00
1528099760204300294,bucha-de,True,True,False,False,False,False,False,False,False,False,2022-05-21 19:46:46.363834+00:00,2022-05-21 19:50:55.737784+00:00
1528100014853083141,bucha-de,True,True,False,False,False,False,False,False,False,False,2022-05-21 19:50:55.737669+00:00,2022-05-21 19:50:55.737669+00:00
1528100220109733889,bucha-de,True,True,False,False,False,False,False,False,False,False,2022-05-21 19:50:55.737571+00:00,2022-05-21 19:50:55.737571+00:00
1528100388871675904,bucha-de,True,True,False,False,False,False,False,False,False,False,2022-05-21 19:50:55.737472+00:00,2022-05-21 19:50:55.737472+00:00
1528100484233445384,bucha-de,True,True,False,False,False,False,False,False,False,False,2022-05-21 19:50:55.737370+00:00,2022-05-21 19:50:55.737370+00:00
1528100702920351744,bucha-de,True,True,False,False,False,False,False,False,False,False,2022-05-21 19:50:55.737249+00:00,2022-05-21 19:50:55.737249+00:00
1528100813633114112,bucha-de,True,True,False,False,False,False,False,False,False,False,2022-05-21 19:50:55.737107+00:00,2022-05-21 19:50:55.737107+00:00
1528100967371120641,bucha-de,True,True,False,False,False,False,False,False,False,False,2022-05-21 19:50:55.736771+00:00,2022-05-21 19:50:55.736771+00:00
1528101019904839680,bucha-de,True,True,False,False,False,False,False,False,False,False,2022-05-21 19:56:09.003368+00:00,2022-05-21 19:56:09.003368+00:00
1528101373035921419,bucha-de,True,True,False,False,False,False,False,False,False,False,2022-05-21 19:56:09.003255+00:00,2022-05-21 19:56:09.003255+00:00
1528101549662253056,bucha-de,True,True,False,False,False,False,False,False,False,False,2022-05-21 19:56:09.003151+00:00,2022-05-21 19:56:09.003151+00:00
1528101643895640064,bucha-de,True,True,False,False,False,False,False,False,False,False,2022-05-21 19:56:09.003046+00:00,2022-05-21 19:56:09.003046+00:00
1528101647498588160,bucha-de,True,True,False,False,False,False,False,False,False,False,2022-05-21 19:56:09.002934+00:00,2022-05-21 19:56:09.002934+00:00
1528101747369070592,bucha-de,True,True,False,False,False,False,False,False,False,False,2022-05-21 19:56:09.002786+00:00,2022-05-21 19:56:09.002786+00:00
1528101938558009344,bucha-de,True,True,False,False,False,False,False,False,False,False,2022-05-21 19:56:09.002502+00:00,2022-05-21 20:01:04.482498+00:00
1528102464246927360,bucha-de,True,True,False,False,False,False,False,False,False,False,2022-05-21 20:01:04.482397+00:00,2022-05-21 20:01:04.482397+00:00
1528102614629502976,bucha-de,True,True,False,False,False,False,False,False,False,False,2022-05-21 20:01:04.482289+00:00,2022-05-21 20:01:04.482289+00:00
1528102630244896774,bucha-de,True,True,False,False,False,False,False,False,False,False,2022-05-21 20:01:04.482184+00:00,2022-05-21 20:01:04.482184+00:00
1528102673244995585,bucha-de,True,True,False,False,False,False,False,False,False,False,2022-05-21 20:01:04.482074+00:00,2022-05-21 20:01:04.482074+00:00
1528102896864071682,bucha-de,True,True,False,False,False,False,False,False,False,False,2022-05-21 20:01:04.481937+00:00,2022-05-21 20:01:04.481937+00:00
1528103065995313155,bucha-de,True,True,False,False,False,False,False,False,False,False,2022-05-21 20:01:04.481828+00:00,2022-05-21 20:01:04.481828+00:00
1528103227878780928,bucha-de,True,True,False,False,False,False,False,False,False,False,2022-05-21 20:01:04.481725+00:00,2022-05-21 20:01:04.481725+00:00
1528103263161274371,bucha-de,True,True,False,False,False,False,False,False,False,False,2022-05-21 20:01:04.481617+00:00,2022-05-21 20:01:04.481617+00:00
1528103285995016199,bucha-de,True,False,False,False,False,False,False,False,False,False,2022-05-21 21:36:02.646586+00:00,2022-05-21 21:36:02.646586+00:00
1528103437195526144,bucha-de,True,True,False,False,False,False,False,False,False,False,2022-05-21 20:01:04.481468+00:00,2022-05-21 20:01:04.481468+00:00
1528103454996058113,bucha-de,True,True,False,False,False,False,False,False,False,False,2022-05-21 20:01:04.481216+00:00,2022-05-21 20:05:56.182283+00:00
1528103815173513219,bucha-de,True,True,False,False,False,False,False,False,False,False,2022-05-21 20:05:56.182177+00:00,2022-05-21 20:05:56.182177+00:00
1528103830340116482,bucha-de,True,True,False,False,False,False,False,False,False,False,2022-05-21 20:05:56.182064+00:00,2022-05-21 20:05:56.182064+00:00
1528104054794203136,bucha-de,True,True,False,False,False,False,False,False,False,False,2022-05-21 20:05:56.181868+00:00,2022-05-21 20:05:56.181868+00:00
1528104372483375105,bucha-de,True,True,False,False,False,False,False,False,False,False,2022-05-21 20:05:56.181626+00:00,2022-05-21 20:10:55.502104+00:00
1528105355116412928,bucha-de,True,False,False,False,False,False,False,False,False,False,2022-05-21 22:05:54.201954+00:00,2022-05-21 22:05:54.201954+00:00
1528105446653018112,bucha-de,True,True,False,False,False,False,False,False,False,False,2022-05-21 20:10:55.502002+00:00,2022-05-21 20:10:55.502002+00:00
1528105522389467137,bucha-de,True,True,False,False,False,False,False,False,False,False,2022-05-21 20:10:55.501883+00:00,2022-05-21 20:10:55.501883+00:00
1528105556686381057,bucha-de,True,True,False,False,False,False,False,False,False,False,2022-05-21 20:10:55.501759+00:00,2022-05-21 20:10:55.501759+00:00
1528105684096761856,bucha-de,True,True,False,False,False,False,False,False,False,False,2022-05-21 20:10:55.501639+00:00,2022-05-21 20:10:55.501639+00:00
1528105702828425216,bucha-de,True,True,False,False,False,False,False,False,False,False,2022-05-21 20:10:55.501515+00:00,2022-05-21 20:10:55.501515+00:00
1528105878695600129,bucha-de,True,True,False,False,False,False,False,False,False,False,2022-05-21 20:10:55.501174+00:00,2022-05-21 20:16:05.178523+00:00
1528106159919579137,bucha-de,True,True,False,False,False,False,False,False,False,False,2022-05-21 20:16:05.178422+00:00,2022-05-21 20:16:05.178422+00:00
1528106472885846017,bucha-de,True,True,False,False,False,False,False,False,False,False,2022-05-21 20:16:05.178318+00:00,2022-05-21 20:16:05.178318+00:00
1528106485716328449,bucha-de,True,True,False,False,False,False,False,False,False,False,2022-05-21 20:16:05.178211+00:00,2022-05-21 20:16:05.178211+00:00
1528106832799096832,bucha-de,True,True,False,False,False,False,False,False,False,False,2022-05-21 20:16:05.178084+00:00,2022-05-21 20:16:05.178084+00:00
1528106871348936712,bucha-de,True,True,False,False,False,False,False,False,False,False,2022-05-21 20:16:05.177960+00:00,2022-05-21 20:16:05.177960+00:00
1528106940542423040,bucha-de,True,True,False,False,False,False,False,False,False,False,2022-05-21 20:16:05.177700+00:00,2022-05-21 20:20:58.710508+00:00
1528107349646385155,bucha-de,True,True,False,False,False,False,False,False,False,False,2022-05-21 20:20:58.710387+00:00,2022-05-21 20:20:58.710387+00:00
1528107399420301315,bucha-de,True,True,False,False,False,False,False,False,False,False,2022-05-21 20:20:58.710251+00:00,2022-05-21 20:20:58.710251+00:00
1528107471222493184,bucha-de,True,True,False,False,False,False,False,False,False,False,2022-05-21 20:20:58.710147+00:00,2022-05-21 20:20:58.710147+00:00
1528107624943734785,bucha-de,True,True,False,False,False,False,False,False,False,False,2022-05-21 20:20:58.710038+00:00,2022-05-21 20:20:58.710038+00:00
1528108064922300416,bucha-de,True,True,False,False,False,False,False,False,False,False,2022-05-21 20:20:58.709900+00:00,2022-05-21 20:20:58.709900+00:00
1528108079866421248,bucha-de,True,True,False,False,False,False,False,False,False,False,2022-05-21 20:20:58.709644+00:00,2022-05-21 20:25:58.866558+00:00
1528108696902975491,bucha-de,True,True,False,False,False,False,False,False,False,False,2022-05-21 20:25:58.866452+00:00,2022-05-21 20:25:58.866452+00:00
1528108933822521348,bucha-de,True,True,False,False,False,False,False,False,False,False,2022-05-21 20:25:58.865849+00:00,2022-05-21 20:25:58.865849+00:00
1528108975014789120,bucha-de,True,True,False,False,False,False,False,False,False,False,2022-05-21 20:25:58.865749+00:00,2022-05-21 20:25:58.865749+00:00
1528109005314433030,bucha-de,True,True,False,False,False,False,False,False,False,False,2022-05-21 20:25:58.865645+00:00,2022-05-21 20:25:58.865645+00:00
1528109307652460544,bucha-de,True,True,False,False,False,False,False,False,False,False,2022-05-21 20:25:58.865531+00:00,2022-05-21 20:25:58.865531+00:00
1528109722301497344,bucha-de,True,True,False,False,False,False,False,False,False,False,2022-05-21 20:25:58.865272+00:00,2022-05-21 20:31:15.601597+00:00
1528109878824226816,bucha-de,True,True,False,False,False,False,False,False,False,False,2022-05-21 20:31:15.601498+00:00,2022-05-21 20:31:15.601498+00:00
1528109995694379015,bucha-de,True,True,False,False,False,False,False,False,False,False,2022-05-21 20:31:15.601397+00:00,2022-05-21 20:31:15.601397+00:00
1528110024077492224,bucha-de,True,True,False,False,False,False,False,False,False,False,2022-05-21 20:31:15.601293+00:00,2022-05-21 20:31:15.601293+00:00
1528110387249438721,bucha-de,True,True,False,False,False,False,False,False,False,False,2022-05-21 20:31:15.601177+00:00,2022-05-21 20:31:15.601177+00:00
1528110483924045824,bucha-de,True,True,False,False,False,False,False,False,False,False,2022-05-21 20:31:15.600901+00:00,2022-05-21 20:36:00.465082+00:00
1528111204526432258,bucha-de,True,True,False,False,False,False,False,False,False,False,2022-05-21 20:36:00.464983+00:00,2022-05-21 20:36:00.464983+00:00
1528111274512498690,bucha-de,True,True,False,False,False,False,False,False,False,False,2022-05-21 20:36:00.464881+00:00,2022-05-21 20:36:00.464881+00:00
1528111404414279682,bucha-de,True,True,False,False,False,False,False,False,False,False,2022-05-21 20:36:00.464773+00:00,2022-05-21 20:36:00.464773+00:00
1528111557246431233,bucha-de,True,True,False,False,False,False,False,False,False,False,2022-05-21 20:36:00.464625+00:00,2022-05-21 20:36:00.464625+00:00
1528112154179690496,bucha-de,True,True,False,False,False,False,False,False,False,False,2022-05-21 20:36:00.464318+00:00,2022-05-21 20:41:00.889438+00:00
1528112628287012864,bucha-de,True,True,False,False,False,False,False,False,False,False,2022-05-21 20:41:00.889335+00:00,2022-05-21 20:41:00.889335+00:00
1528112969653096448,bucha-de,True,True,False,False,False,False,False,False,False,False,2022-05-21 20:41:00.889206+00:00,2022-05-21 20:41:00.889206+00:00
1528113014163087360,bucha-de,True,False,False,False,False,False,False,False,False,False,2022-05-21 21:45:58.397149+00:00,2022-05-21 21:45:58.397149+00:00
1528113138155065344,bucha-de,True,True,False,False,False,False,False,False,False,False,2022-05-21 20:41:00.889108+00:00,2022-05-21 20:41:00.889108+00:00
1528113285278617602,bucha-de,True,True,False,False,False,False,False,False,False,False,2022-05-21 20:41:00.889009+00:00,2022-05-21 20:41:00.889009+00:00
1528113297014280194,bucha-de,True,True,False,False,False,False,False,False,False,False,2022-05-21 20:41:00.888907+00:00,2022-05-21 20:41:00.888907+00:00
1528113345282334720,bucha-de,True,True,False,False,False,False,False,False,False,False,2022-05-21 20:41:00.888803+00:00,2022-05-21 20:41:00.888803+00:00
1528113514489040896,bucha-de,True,True,False,False,False,False,False,False,False,False,2022-05-21 20:41:00.888682+00:00,2022-05-21 20:41:00.888682+00:00
1528113574790455297,bucha-de,True,True,False,False,False,False,False,False,False,False,2022-05-21 20:41:00.888431+00:00,2022-05-21 20:46:00.683086+00:00
1528113839845298178,bucha-de,True,True,False,False,False,False,False,False,False,False,2022-05-21 20:46:00.682979+00:00,2022-05-21 20:46:00.682979+00:00
1528114452180107264,bucha-de,True,True,False,False,False,False,False,False,False,False,2022-05-21 20:46:00.682863+00:00,2022-05-21 20:46:00.682863+00:00
1528114564587560960,bucha-de,True,True,False,False,False,False,False,False,False,False,2022-05-21 20:46:00.682597+00:00,2022-05-21 20:50:59.087260+00:00
1528114924932763648,bucha-de,True,True,False,False,False,False,False,False,False,False,2022-05-21 20:50:59.087164+00:00,2022-05-21 20:50:59.087164+00:00
1528115228139048961,bucha-de,True,True,False,False,False,False,False,False,False,False,2022-05-21 20:50:59.087066+00:00,2022-05-21 20:50:59.087066+00:00
1528115294954311681,bucha-de,True,True,False,False,False,False,False,False,False,False,2022-05-21 20:50:59.086952+00:00,2022-05-21 20:50:59.086952+00:00
1528115406728269826,bucha-de,True,True,False,False,False,False,False,False,False,False,2022-05-21 20:50:59.086845+00:00,2022-05-21 20:50:59.086845+00:00
1528115811331760130,bucha-de,True,True,False,False,False,False,False,False,False,False,2022-05-21 20:50:59.086729+00:00,2022-05-21 20:50:59.086729+00:00
1528116062331494402,bucha-de,True,True,False,False,False,False,False,False,False,False,2022-05-21 20:50:59.086466+00:00,2022-05-21 20:56:01.057616+00:00
1528116178392072193,bucha-de,True,True,False,False,False,False,False,False,False,False,2022-05-21 20:56:01.057510+00:00,2022-05-21 20:56:01.057510+00:00
1528116511445065729,bucha-de,True,True,False,False,False,False,False,False,False,False,2022-05-21 20:56:01.057395+00:00,2022-05-21 20:56:01.057395+00:00
1528117026673369089,bucha-de,True,True,False,False,False,False,False,False,False,False,2022-05-21 20:56:01.057129+00:00,2022-05-21 21:01:01.326129+00:00
1528117624521080832,bucha-de,True,True,False,False,False,False,False,False,False,False,2022-05-21 21:01:01.318681+00:00,2022-05-21 21:01:01.318681+00:00
1528117643919736835,bucha-de,True,True,False,False,False,False,False,False,False,False,2022-05-21 21:01:01.318575+00:00,2022-05-21 21:01:01.318575+00:00
1528117981259218948,bucha-de,True,True,False,False,False,False,False,False,False,False,2022-05-21 21:01:01.318465+00:00,2022-05-21 21:01:01.318465+00:00
1528118035596312583,bucha-de,True,False,False,False,False,False,False,False,False,False,2022-05-21 21:40:54.067038+00:00,2022-05-21 21:40:54.067038+00:00
1528118065405337601,bucha-de,True,True,False,False,False,False,False,False,False,False,2022-05-21 21:01:01.318345+00:00,2022-05-21 21:01:01.318345+00:00
1528118175816208384,bucha-de,True,True,False,False,False,False,False,False,False,False,2022-05-21 21:01:01.318067+00:00,2022-05-21 21:06:00.867255+00:00
1528119357410361349,bucha-de,True,True,False,False,False,False,False,False,False,False,2022-05-21 21:06:00.867153+00:00,2022-05-21 21:06:00.867153+00:00
1528119555075211264,bucha-de,True,True,False,False,False,False,False,False,False,False,2022-05-21 21:06:00.867044+00:00,2022-05-21 21:06:00.867044+00:00
1528119626835664896,bucha-de,True,True,False,False,False,False,False,False,False,False,2022-05-21 21:06:00.866794+00:00,2022-05-21 21:06:00.866794+00:00
1528119654308360192,bucha-de,True,True,False,False,False,False,False,False,False,False,2022-05-21 21:06:00.866546+00:00,2022-05-21 21:11:03.014377+00:00
1528119968407212033,bucha-de,True,True,False,False,False,False,False,False,False,False,2022-05-21 21:11:03.014256+00:00,2022-05-21 21:11:03.014256+00:00
1528120385035804675,bucha-de,True,True,False,False,False,False,False,False,False,False,2022-05-21 21:11:03.013928+00:00,2022-05-21 21:11:03.013928+00:00
1528120834992349185,bucha-de,True,True,False,False,False,False,False,False,False,False,2022-05-21 21:11:03.013803+00:00,2022-05-21 21:11:03.013803+00:00
1528121025690587141,bucha-de,True,True,False,False,False,False,False,False,False,False,2022-05-21 21:11:03.013473+00:00,2022-05-21 21:17:10.598245+00:00
1528121423650344966,bucha-de,True,True,False,False,False,False,False,False,False,False,2022-05-21 21:17:10.598144+00:00,2022-05-21 21:17:10.598144+00:00
1528121539194920961,bucha-de,True,True,False,False,False,False,False,False,False,False,2022-05-21 21:17:10.598041+00:00,2022-05-21 21:17:10.598041+00:00
1528122200674521091,bucha-de,True,True,False,False,False,False,False,False,False,False,2022-05-21 21:17:10.597932+00:00,2022-05-21 21:17:10.597932+00:00
1528122352445362179,bucha-de,True,True,False,False,False,False,False,False,False,False,2022-05-21 21:17:10.597812+00:00,2022-05-21 21:17:10.597812+00:00
1528122657614569472,bucha-de,True,True,False,False,False,False,False,False,False,False,2022-05-21 21:17:10.597448+00:00,2022-05-21 21:20:54.559576+00:00
1528122860929273856,bucha-de,True,True,False,False,False,False,False,False,False,False,2022-05-21 21:20:54.559441+00:00,2022-05-21 21:20:54.559441+00:00
1528123058019508226,bucha-de,True,True,False,False,False,False,False,False,False,False,2022-05-21 21:20:54.559337+00:00,2022-05-21 21:20:54.559337+00:00
1528123066802442240,bucha-de,True,True,False,False,False,False,False,False,False,False,2022-05-21 21:20:54.559225+00:00,2022-05-21 21:20:54.559225+00:00
1528123178853212160,bucha-de,True,True,False,False,False,False,False,False,False,False,2022-05-21 21:20:54.558965+00:00,2022-05-21 21:25:54.283449+00:00
1528124071548002305,bucha-de,True,True,False,False,False,False,False,False,False,False,2022-05-21 21:25:54.283336+00:00,2022-05-21 21:25:54.283336+00:00
1528124627695943680,bucha-de,True,True,False,False,False,False,False,False,False,False,2022-05-21 21:25:54.283090+00:00,2022-05-21 21:30:57.097123+00:00
1528125331718152193,bucha-de,True,True,False,False,False,False,False,False,False,False,2022-05-21 21:30:57.096800+00:00,2022-05-21 21:36:02.646456+00:00
1528126627443621889,bucha-de,True,True,False,False,False,False,False,False,False,False,2022-05-21 21:36:02.646201+00:00,2022-05-21 21:40:54.066690+00:00
1528127792889712640,bucha-de,True,True,False,False,False,False,False,False,False,False,2022-05-21 21:40:54.066571+00:00,2022-05-21 21:40:54.066571+00:00
1528128000851845120,bucha-de,True,True,False,False,False,False,False,False,False,False,2022-05-21 21:40:54.066454+00:00,2022-05-21 21:40:54.066454+00:00
1528128142849753088,bucha-de,True,True,False,False,False,False,False,False,False,False,2022-05-21 21:40:54.066197+00:00,2022-05-21 21:45:58.396813+00:00
1528128908788387841,bucha-de,True,True,False,False,False,False,False,False,False,False,2022-05-21 21:45:58.396672+00:00,2022-05-21 21:45:58.396672+00:00
1528129098765291520,bucha-de,True,True,False,False,False,False,False,False,False,False,2022-05-21 21:45:58.396564+00:00,2022-05-21 21:45:58.396564+00:00
1528129237693112327,bucha-de,True,True,False,False,False,False,False,False,False,False,2022-05-21 21:45:58.396446+00:00,2022-05-21 21:45:58.396446+00:00
1528129927370907648,bucha-de,True,False,False,False,False,False,False,False,False,False,2022-05-22 05:20:49.218685+00:00,2022-05-22 05:20:49.218685+00:00
1528129950955495425,bucha-de,True,True,False,False,False,False,False,False,False,False,2022-05-21 21:45:58.396181+00:00,2022-05-21 21:50:51.976361+00:00
1528131078283730944,bucha-de,True,True,False,False,False,False,False,False,False,False,2022-05-21 21:50:51.976102+00:00,2022-05-21 21:56:28.451165+00:00
1528131188589740035,bucha-de,True,True,False,False,False,False,False,False,False,False,2022-05-21 21:56:28.451059+00:00,2022-05-21 21:56:28.451059+00:00
1528131263374233601,bucha-de,True,True,False,False,False,False,False,False,False,False,2022-05-21 21:56:28.450930+00:00,2022-05-21 21:56:28.450930+00:00
1528131557508227074,bucha-de,True,True,False,False,False,False,False,False,False,False,2022-05-21 21:56:28.450788+00:00,2022-05-21 21:56:28.450788+00:00
1528132577713963009,bucha-de,True,True,False,False,False,False,False,False,False,False,2022-05-21 21:56:28.450535+00:00,2022-05-21 22:01:02.496890+00:00
1528132745922232322,bucha-de,True,True,False,False,False,False,False,False,False,False,2022-05-21 22:01:02.496773+00:00,2022-05-21 22:01:02.496773+00:00
1528133122650513408,bucha-de,True,True,False,False,False,False,False,False,False,False,2022-05-21 22:01:02.496500+00:00,2022-05-21 22:05:54.201701+00:00
1528134091631099904,bucha-de,True,True,False,False,False,False,False,False,False,False,2022-05-21 22:05:54.201603+00:00,2022-05-21 22:05:54.201603+00:00
1528134125906968584,bucha-de,True,True,False,False,False,False,False,False,False,False,2022-05-21 22:05:54.201473+00:00,2022-05-21 22:05:54.201473+00:00
1528134427280302081,bucha-de,True,True,False,False,False,False,False,False,False,False,2022-05-21 22:05:54.201376+00:00,2022-05-21 22:05:54.201376+00:00
1528134637461159936,bucha-de,True,True,False,False,False,False,False,False,False,False,2022-05-21 22:05:54.201278+00:00,2022-05-21 22:05:54.201278+00:00
1528134750392750080,bucha-de,True,True,False,False,False,False,False,False,False,False,2022-05-21 22:05:54.201174+00:00,2022-05-21 22:05:54.201174+00:00
1528134835365195776,bucha-de,True,True,False,False,False,False,False,False,False,False,2022-05-21 22:05:54.201053+00:00,2022-05-21 22:05:54.201053+00:00
1528134911844044801,bucha-de,True,True,False,False,False,False,False,False,False,False,2022-05-21 22:05:54.200804+00:00,2022-05-21 22:05:54.200804+00:00
1528135236038582272,bucha-de,True,True,False,False,False,False,False,False,False,False,2022-05-21 22:10:53.469536+00:00,2022-05-21 22:10:53.469536+00:00
1528135748188250117,bucha-de,True,True,False,False,False,False,False,False,False,False,2022-05-21 22:10:53.469271+00:00,2022-05-21 22:10:53.469271+00:00
1528136093870194693,bucha-de,True,True,False,False,False,False,False,False,False,False,2022-05-21 22:10:53.469144+00:00,2022-05-21 22:10:53.469144+00:00
1528136141479854080,bucha-de,True,True,False,False,False,False,False,False,False,False,2022-05-21 22:10:53.468889+00:00,2022-05-21 22:15:58.256602+00:00
1528136232768884737,bucha-de,True,True,False,False,False,False,False,False,False,False,2022-05-21 22:15:58.256490+00:00,2022-05-21 22:15:58.256490+00:00
1528136596586958849,bucha-de,True,True,False,False,False,False,False,False,False,False,2022-05-21 22:15:58.256218+00:00,2022-05-21 22:30:58.210766+00:00
1528140175041343488,bucha-de,True,True,False,False,False,False,False,False,False,False,2022-05-21 22:30:58.210654+00:00,2022-05-21 22:30:58.210654+00:00
1528140721831780355,bucha-de,True,True,False,False,False,False,False,False,False,False,2022-05-21 22:30:58.210389+00:00,2022-05-21 22:35:57.046713+00:00
1528142092366753799,bucha-de,True,True,False,False,False,False,False,False,False,False,2022-05-21 22:35:57.046607+00:00,2022-05-21 22:35:57.046607+00:00
1528142107160064005,bucha-de,True,True,False,False,False,False,False,False,False,False,2022-05-21 22:35:57.046460+00:00,2022-05-21 22:35:57.046460+00:00
1528142509712494597,bucha-de,True,True,False,False,False,False,False,False,False,False,2022-05-21 22:35:57.046195+00:00,2022-05-21 22:40:53.790596+00:00
1528142737425551360,bucha-de,True,True,False,False,False,False,False,False,False,False,2022-05-21 22:40:53.790465+00:00,2022-05-21 22:40:53.790465+00:00
1528143174232842240,bucha-de,True,True,False,False,False,False,False,False,False,False,2022-05-21 22:40:53.790315+00:00,2022-05-21 22:40:53.790315+00:00
1528143603289186304,bucha-de,True,True,False,False,False,False,False,False,False,False,2022-05-21 22:40:53.790064+00:00,2022-05-21 22:45:53.968539+00:00
1528144158497591296,bucha-de,True,True,False,False,False,False,False,False,False,False,2022-05-21 22:45:53.968427+00:00,2022-05-21 22:45:53.968427+00:00
1528144692948475904,bucha-de,True,True,False,False,False,False,False,False,False,False,2022-05-21 22:45:53.968187+00:00,2022-05-21 22:51:01.191081+00:00
1528145390968655872,bucha-de,True,True,False,False,False,False,False,False,False,False,2022-05-21 22:51:01.190961+00:00,2022-05-21 22:51:01.190961+00:00
1528145823640453121,bucha-de,True,True,False,False,False,False,False,False,False,False,2022-05-21 22:51:01.190612+00:00,2022-05-21 22:51:01.190612+00:00
1528146057334513664,bucha-de,True,True,False,False,False,False,False,False,False,False,2022-05-21 22:51:01.190308+00:00,2022-05-21 22:55:53.122739+00:00
1528146445198663686,bucha-de,True,True,False,False,False,False,False,False,False,False,2022-05-21 22:55:53.122633+00:00,2022-05-21 22:55:53.122633+00:00
1528146620856016898,bucha-de,True,False,False,False,False,False,False,False,False,False,2022-05-22 02:10:47.170127+00:00,2022-05-22 02:10:47.170127+00:00
1528146725571117058,bucha-de,True,True,False,False,False,False,False,False,False,False,2022-05-21 22:55:53.122517+00:00,2022-05-21 22:55:53.122517+00:00
1528147229449543682,bucha-de,True,True,False,False,False,False,False,False,False,False,2022-05-21 22:55:53.122268+00:00,2022-05-21 23:00:54.138868+00:00
1528147665095204864,bucha-de,True,True,False,False,False,False,False,False,False,False,2022-05-21 23:00:54.138751+00:00,2022-05-21 23:00:54.138751+00:00
1528148285436870657,bucha-de,True,True,False,False,False,False,False,False,False,False,2022-05-21 23:00:54.138465+00:00,2022-05-21 23:10:53.087494+00:00
1528150170046717952,bucha-de,True,True,False,False,False,False,False,False,False,False,2022-05-21 23:10:53.087388+00:00,2022-05-21 23:10:53.087388+00:00
1528150752165756930,bucha-de,True,True,False,False,False,False,False,False,False,False,2022-05-21 23:10:53.087257+00:00,2022-05-21 23:10:53.087257+00:00
1528150948740321280,bucha-de,True,True,False,False,False,False,False,False,False,False,2022-05-21 23:10:53.086876+00:00,2022-05-21 23:16:01.665016+00:00
1528152151188557824,bucha-de,True,True,False,False,False,False,False,False,False,False,2022-05-21 23:16:01.664880+00:00,2022-05-21 23:16:01.664880+00:00
1528152359720964097,bucha-de,True,True,False,False,False,False,False,False,False,False,2022-05-21 23:16:01.664622+00:00,2022-05-21 23:26:13.391287+00:00
1528154201070657539,bucha-de,True,True,False,False,False,False,False,False,False,False,2022-05-21 23:26:13.391070+00:00,2022-05-21 23:26:13.391070+00:00
1528154502632771584,bucha-de,True,True,False,False,False,False,False,False,False,False,2022-05-21 23:26:13.390818+00:00,2022-05-21 23:35:54.601933+00:00
1528154680462802945,bucha-de,True,False,False,False,False,False,False,False,False,False,2022-05-22 07:12:50.509155+00:00,2022-05-22 07:12:50.509155+00:00
1528157315588886533,bucha-de,True,True,False,False,False,False,False,False,False,False,2022-05-21 23:35:54.601814+00:00,2022-05-21 23:35:54.601814+00:00
1528157380629995520,bucha-de,True,True,False,False,False,False,False,False,False,False,2022-05-21 23:35:54.601554+00:00,2022-05-21 23:40:51.082677+00:00
1528158598647488512,bucha-de,True,True,False,False,False,False,False,False,False,False,2022-05-21 23:40:51.082555+00:00,2022-05-21 23:40:51.082555+00:00
1528158616733290499,bucha-de,True,True,False,False,False,False,False,False,False,False,2022-05-21 23:40:51.082273+00:00,2022-05-21 23:45:54.973303+00:00
1528158996657496064,bucha-de,True,True,False,False,False,False,False,False,False,False,2022-05-21 23:45:54.972910+00:00,2022-05-21 23:45:54.972910+00:00
1528159709726908416,bucha-de,True,True,False,False,False,False,False,False,False,False,2022-05-21 23:45:54.972642+00:00,2022-05-21 23:55:48.125163+00:00
1528162074131578880,bucha-de,True,True,False,False,False,False,False,False,False,False,2022-05-21 23:55:48.124920+00:00,2022-05-22 00:00:54.326077+00:00
1528163074716344322,bucha-de,True,True,False,False,False,False,False,False,False,False,2022-05-22 00:00:54.325805+00:00,2022-05-22 00:05:58.986930+00:00
